/*--------------------------------*- C++ -*----------------------------------*\
| =========                 |                                                 |
| \\      /  F ield         | OpenFOAM: The Open Source CFD Toolbox           |
|  \\    /   O peration     | Version:  2406                                  |
|   \\  /    A nd           | Website:  www.openfoam.com                      |
|    \\/     M anipulation  |                                                 |
\*---------------------------------------------------------------------------*/
FoamFile
{
    version     2.0;
    format      ascii;
    arch        "LSB;label=32;scalar=64";
    class       vectorField;
    location    "constant/polyMesh";
    object      points;
}
// * * * * * * * * * * * * * * * * * * * * * * * * * * * * * * * * * * * * * //


3370
(
(1 0 -1.66533e-17)
(0.97680099 0 -0.0033219873)
(0.97680084 0 -0.0056549238)
(1 0 -0.0023368179)
(0.97680067 0 -0.0080993793)
(1 0 -0.0047853404)
(0.9768005 0 -0.010660685)
(1 0 -0.0073509073)
(0.97680032 0 -0.013344426)
(1 0 -0.010039114)
(0.97680013 0 -0.016156455)
(1 0 -0.012855822)
(0.97679993 0 -0.019102906)
(1 0 -0.015807174)
(0.97679972 0 -0.022190202)
(1 0 -0.018899607)
(0.97679951 0 -0.025425078)
(1 0 -0.022139865)
(0.97679928 0 -0.028814587)
(1 0 -0.025535013)
(0.97679904 0 -0.032366122)
(1 0 -0.029092457)
(0.97679879 0 -0.036087427)
(1 0 -0.032819954)
(0.97679853 0 -0.039986619)
(1 0 -0.036725632)
(0.97679825 0 -0.044072199)
(1 0 -0.04081801)
(0.97679796 0 -0.048353079)
(1 0 -0.045106013)
(0.97679766 0 -0.052838594)
(1 0 -0.04959899)
(0.97679735 0 -0.057538525)
(1 0 -0.054306741)
(0.97679701 0 -0.062463123)
(1 0 -0.059239532)
(0.97679667 0 -0.067623126)
(1 0 -0.06440812)
(0.9767963 0 -0.073029788)
(1 0 -0.069823778)
(0.97679592 0 -0.0786949)
(1 0 -0.075498315)
(0.97679552 0 -0.084630815)
(1 0 -0.081444106)
(0.9767951 0 -0.09085048)
(1 0 -0.087674119)
(0.97679467 0 -0.097367457)
(1 0 -0.094201938)
(0.97679421 0 -0.10419596)
(1 0 -0.1010418)
(0.97679373 0 -0.11135088)
(1 0 -0.10820862)
(0.97679322 0 -0.11884781)
(1 0 -0.11571803)
(0.97679269 0 -0.12670312)
(1 0 -0.12358641)
(0.97679214 0 -0.13493393)
(1 0 -0.13183091)
(0.97679156 0 -0.14355818)
(1 0 -0.14046952)
(0.97679095 0 -0.1525947)
(1 0 -0.14952106)
(0.97679031 0 -0.16206317)
(1 0 -0.15900529)
(0.97678965 0 -0.17198426)
(1 0 -0.16894289)
(0.97678895 0 -0.1823796)
(1 0 -0.17935552)
(0.97678821 0 -0.19327186)
(1 0 -0.1902659)
(0.97678745 0 -0.20468478)
(1 0 -0.20169782)
(0.97678664 0 -0.21664327)
(1 0 -0.2136762)
(0.9767858 0 -0.2291734)
(1 0 -0.22622718)
(0.97678492 0 -0.2423025)
(1 0 -0.23937812)
(0.97678399 0 -0.25605919)
(1 0 -0.2531577)
(0.97678302 0 -0.27047348)
(1 0 -0.26759597)
(0.976782 0 -0.28557681)
(1 0 -0.28272442)
(0.97678094 0 -0.3014021)
(1 0 -0.29857604)
(0.97677982 0 -0.31798387)
(1 0 -0.31518541)
(0.95358857 0 -0.0065488667)
(0.95358827 0 -0.0088780328)
(0.95358795 0 -0.011318538)
(0.95358763 0 -0.013875704)
(0.95358728 0 -0.016555108)
(0.95358692 0 -0.019362593)
(0.95358655 0 -0.022304281)
(0.95358615 0 -0.025386588)
(0.95358574 0 -0.028616236)
(0.95358531 0 -0.032000267)
(0.95358485 0 -0.035546062)
(0.95358438 0 -0.039261354)
(0.95358388 0 -0.043154243)
(0.95358336 0 -0.047233221)
(0.95358281 0 -0.051507183)
(0.95358224 0 -0.055985448)
(0.95358164 0 -0.060677784)
(0.95358101 0 -0.065594422)
(0.95358035 0 -0.070746087)
(0.95357965 0 -0.076144011)
(0.95357893 0 -0.081799967)
(0.95357817 0 -0.08772629)
(0.95357738 0 -0.093935902)
(0.95357654 0 -0.10044235)
(0.95357567 0 -0.10725981)
(0.95357476 0 -0.11440317)
(0.9535738 0 -0.12188799)
(0.95357279 0 -0.1297306)
(0.95357174 0 -0.13794811)
(0.95357064 0 -0.14655842)
(0.95356948 0 -0.15558033)
(0.95356827 0 -0.16503351)
(0.95356701 0 -0.17493856)
(0.95356568 0 -0.1853171)
(0.95356428 0 -0.19619175)
(0.95356283 0 -0.20758624)
(0.9535613 0 -0.2195254)
(0.9535597 0 -0.23203528)
(0.95355802 0 -0.24514316)
(0.95355626 0 -0.25887762)
(0.95355442 0 -0.27326861)
(0.95355249 0 -0.28834753)
(0.95355046 0 -0.30414724)
(0.95354834 0 -0.32070222)
(0.93036365 0 -0.0096846148)
(0.93036323 0 -0.012010117)
(0.93036278 0 -0.014446783)
(0.93036232 0 -0.016999927)
(0.93036183 0 -0.019675116)
(0.93036131 0 -0.022478185)
(0.93036078 0 -0.025415246)
(0.93036022 0 -0.028492704)
(0.93035963 0 -0.031717271)
(0.93035901 0 -0.03509598)
(0.93035836 0 -0.038636197)
(0.93035768 0 -0.042345644)
(0.93035697 0 -0.04623241)
(0.93035623 0 -0.050304972)
(0.93035545 0 -0.05457221)
(0.93035463 0 -0.059043431)
(0.93035378 0 -0.063728386)
(0.93035288 0 -0.068637291)
(0.93035194 0 -0.073780851)
(0.93035096 0 -0.079170284)
(0.93034992 0 -0.084817343)
(0.93034884 0 -0.090734344)
(0.93034771 0 -0.096934188)
(0.93034652 0 -0.1034304)
(0.93034528 0 -0.11023714)
(0.93034398 0 -0.11736926)
(0.93034261 0 -0.12484231)
(0.93034118 0 -0.13267258)
(0.93033968 0 -0.14087716)
(0.93033811 0 -0.14947393)
(0.93033647 0 -0.15848165)
(0.93033474 0 -0.16791996)
(0.93033293 0 -0.17780943)
(0.93033104 0 -0.18817164)
(0.93032906 0 -0.19902919)
(0.93032698 0 -0.21040575)
(0.9303248 0 -0.22232613)
(0.93032252 0 -0.23481633)
(0.93032013 0 -0.24790359)
(0.93031762 0 -0.26161645)
(0.930315 0 -0.2759848)
(0.93031225 0 -0.29104)
(0.93030936 0 -0.30681486)
(0.93030634 0 -0.3233438)
(0.90712709 0 -0.012732852)
(0.90712655 0 -0.015054793)
(0.90712599 0 -0.017487727)
(0.9071254 0 -0.02003696)
(0.90712478 0 -0.022708052)
(0.90712413 0 -0.025506828)
(0.90712345 0 -0.028439391)
(0.90712274 0 -0.031512136)
(0.90712199 0 -0.034731765)
(0.90712121 0 -0.038105298)
(0.90712039 0 -0.041640094)
(0.90711953 0 -0.04534386)
(0.90711864 0 -0.049224673)
(0.90711769 0 -0.053290997)
(0.90711671 0 -0.0575517)
(0.90711567 0 -0.062016073)
(0.90711459 0 -0.066693853)
(0.90711345 0 -0.07159524)
(0.90711226 0 -0.076730923)
(0.90711102 0 -0.082112102)
(0.90710971 0 -0.087750512)
(0.90710834 0 -0.09365845)
(0.90710691 0 -0.0998488)
(0.9071054 0 -0.10633506)
(0.90710383 0 -0.11313138)
(0.90710218 0 -0.12025257)
(0.90710045 0 -0.12771418)
(0.90709864 0 -0.13553246)
(0.90709674 0 -0.14372447)
(0.90709475 0 -0.15230808)
(0.90709267 0 -0.161302)
(0.90709049 0 -0.17072585)
(0.9070882 0 -0.18060018)
(0.9070858 0 -0.19094652)
(0.90708329 0 -0.20178744)
(0.90708066 0 -0.21314657)
(0.9070779 0 -0.2250487)
(0.90707501 0 -0.23751977)
(0.90707198 0 -0.25058699)
(0.90706881 0 -0.26427884)
(0.90706549 0 -0.27862519)
(0.907062 0 -0.29365733)
(0.90705835 0 -0.30940803)
(0.90705453 0 -0.32591165)
(0.88387961 0 -0.015696668)
(0.88387897 0 -0.018015146)
(0.8838783 0 -0.020444452)
(0.8838776 0 -0.022989883)
(0.88387687 0 -0.025656992)
(0.8838761 0 -0.028451593)
(0.88387529 0 -0.031379782)
(0.88387445 0 -0.034447945)
(0.88387356 0 -0.037662772)
(0.88387264 0 -0.041031274)
(0.88387166 0 -0.044560798)
(0.88387065 0 -0.04825904)
(0.88386958 0 -0.052134066)
(0.88386846 0 -0.056194325)
(0.88386729 0 -0.060448674)
(0.88386606 0 -0.064906389)
(0.88386478 0 -0.069577192)
(0.88386343 0 -0.074471268)
(0.88386202 0 -0.079599292)
(0.88386054 0 -0.084972446)
(0.88385899 0 -0.090602447)
(0.88385736 0 -0.096501574)
(0.88385566 0 -0.10268269)
(0.88385388 0 -0.10915928)
(0.88385201 0 -0.11594546)
(0.88385005 0 -0.12305603)
(0.883848 0 -0.13050651)
(0.88384585 0 -0.13831313)
(0.8838436 0 -0.14649293)
(0.88384124 0 -0.15506373)
(0.88383877 0 -0.16404424)
(0.88383618 0 -0.17345404)
(0.88383347 0 -0.18331364)
(0.88383062 0 -0.19364455)
(0.88382764 0 -0.2044693)
(0.88382452 0 -0.21581149)
(0.88382125 0 -0.22769587)
(0.88381782 0 -0.24014834)
(0.88381423 0 -0.25319607)
(0.88381046 0 -0.2668675)
(0.88380652 0 -0.28119246)
(0.88380239 0 -0.29620217)
(0.88379806 0 -0.31192939)
(0.88379352 0 -0.32840839)
(0.86062185 0 -0.018578673)
(0.86062112 0 -0.020893784)
(0.86062036 0 -0.023319561)
(0.86061956 0 -0.025861295)
(0.86061872 0 -0.02852453)
(0.86061785 0 -0.031315073)
(0.86061693 0 -0.034239009)
(0.86061597 0 -0.037302715)
(0.86061496 0 -0.040512873)
(0.86061391 0 -0.043876483)
(0.8606128 0 -0.047400881)
(0.86061164 0 -0.051093751)
(0.86061043 0 -0.054963149)
(0.86060915 0 -0.059017511)
(0.86060782 0 -0.063265681)
(0.86060642 0 -0.067716921)
(0.86060496 0 -0.07238094)
(0.86060343 0 -0.077267909)
(0.86060182 0 -0.082388485)
(0.86060014 0 -0.087753834)
(0.86059837 0 -0.093375659)
(0.86059652 0 -0.099266218)
(0.86059459 0 -0.10543836)
(0.86059256 0 -0.11190554)
(0.86059043 0 -0.11868186)
(0.8605882 0 -0.12578211)
(0.86058587 0 -0.13322176)
(0.86058342 0 -0.14101705)
(0.86058086 0 -0.14918496)
(0.86057817 0 -0.15774332)
(0.86057536 0 -0.16671079)
(0.86057241 0 -0.17610691)
(0.86056932 0 -0.18595219)
(0.86056608 0 -0.1962681)
(0.86056269 0 -0.20707713)
(0.86055913 0 -0.21840285)
(0.86055541 0 -0.23026996)
(0.86055151 0 -0.24270435)
(0.86054742 0 -0.25573313)
(0.86054313 0 -0.2693847)
(0.86053864 0 -0.28368885)
(0.86053394 0 -0.29867677)
(0.86052901 0 -0.31438114)
(0.86052385 0 -0.33083622)
(0.83735434 0 -0.021380948)
(0.83735354 0 -0.023692784)
(0.8373527 0 -0.02611513)
(0.83735181 0 -0.02865327)
(0.83735089 0 -0.031312738)
(0.83734992 0 -0.034099334)
(0.83734891 0 -0.037019135)
(0.83734784 0 -0.040078509)
(0.83734673 0 -0.043284127)
(0.83734556 0 -0.04664298)
(0.83734434 0 -0.050162392)
(0.83734306 0 -0.05385004)
(0.83734171 0 -0.057713966)
(0.83734031 0 -0.061762594)
(0.83733883 0 -0.066004755)
(0.83733729 0 -0.070449701)
(0.83733567 0 -0.075107124)
(0.83733397 0 -0.079987181)
(0.8373322 0 -0.085100514)
(0.83733033 0 -0.090458276)
(0.83732838 0 -0.09607215)
(0.83732634 0 -0.10195438)
(0.8373242 0 -0.10811779)
(0.83732195 0 -0.11457582)
(0.8373196 0 -0.12134256)
(0.83731713 0 -0.12843277)
(0.83731455 0 -0.1358619)
(0.83731185 0 -0.14364616)
(0.83730901 0 -0.15180252)
(0.83730604 0 -0.16034878)
(0.83730293 0 -0.16930356)
(0.83729967 0 -0.1786864)
(0.83729625 0 -0.18851776)
(0.83729267 0 -0.19881907)
(0.83728892 0 -0.20961281)
(0.83728499 0 -0.22092252)
(0.83728087 0 -0.23277285)
(0.83727656 0 -0.24518965)
(0.83727203 0 -0.2582)
(0.8372673 0 -0.27183227)
(0.83726233 0 -0.28611619)
(0.83725713 0 -0.30108291)
(0.83725168 0 -0.31676507)
(0.83724597 0 -0.33319687)
(0.81407758 0 -0.024105302)
(0.81407671 0 -0.026413955)
(0.8140758 0 -0.028832966)
(0.81407485 0 -0.031367611)
(0.81407385 0 -0.034023418)
(0.8140728 0 -0.036806177)
(0.8140717 0 -0.039721958)
(0.81407055 0 -0.042777119)
(0.81406934 0 -0.045978323)
(0.81406808 0 -0.049332551)
(0.81406676 0 -0.052847118)
(0.81406537 0 -0.056529688)
(0.81406392 0 -0.060388293)
(0.81406239 0 -0.064431347)
(0.8140608 0 -0.068667667)
(0.81405913 0 -0.073106492)
(0.81405737 0 -0.077757502)
(0.81405554 0 -0.08263084)
(0.81405362 0 -0.087737133)
(0.8140516 0 -0.093087518)
(0.81404949 0 -0.098693662)
(0.81404728 0 -0.10456779)
(0.81404496 0 -0.11072271)
(0.81404253 0 -0.11717186)
(0.81403998 0 -0.12392928)
(0.81403732 0 -0.13100972)
(0.81403452 0 -0.13842863)
(0.81403159 0 -0.14620217)
(0.81402853 0 -0.1543473)
(0.81402531 0 -0.16288179)
(0.81402194 0 -0.17182424)
(0.81401841 0 -0.18119416)
(0.81401472 0 -0.19101198)
(0.81401084 0 -0.20129911)
(0.81400678 0 -0.21207799)
(0.81400253 0 -0.22337212)
(0.81399807 0 -0.23520614)
(0.8139934 0 -0.24760584)
(0.8139885 0 -0.26059828)
(0.81398338 0 -0.27421178)
(0.813978 0 -0.28847603)
(0.81397237 0 -0.30342215)
(0.81396648 0 -0.31908271)
(0.8139603 0 -0.33549189)
(0.79079194 0 -0.026752645)
(0.79079102 0 -0.029058204)
(0.79079005 0 -0.031473975)
(0.79078903 0 -0.034005224)
(0.79078797 0 -0.036657472)
(0.79078685 0 -0.039436503)
(0.79078568 0 -0.042348377)
(0.79078446 0 -0.045399444)
(0.79078317 0 -0.048596359)
(0.79078183 0 -0.051946093)
(0.79078042 0 -0.055455951)
(0.79077895 0 -0.059133588)
(0.7907774 0 -0.062987023)
(0.79077578 0 -0.06702466)
(0.79077408 0 -0.071255305)
(0.7907723 0 -0.075688182)
(0.79077044 0 -0.080332961)
(0.79076848 0 -0.085199769)
(0.79076644 0 -0.090299221)
(0.79076429 0 -0.095642437)
(0.79076205 0 -0.10124107)
(0.79075969 0 -0.10710733)
(0.79075723 0 -0.11325401)
(0.79075464 0 -0.11969451)
(0.79075193 0 -0.12644288)
(0.79074909 0 -0.13351383)
(0.79074612 0 -0.1409228)
(0.790743 0 -0.14868592)
(0.79073974 0 -0.15682014)
(0.79073632 0 -0.16534319)
(0.79073274 0 -0.17427367)
(0.79072898 0 -0.18363103)
(0.79072505 0 -0.1934357)
(0.79072092 0 -0.20370905)
(0.7907166 0 -0.21447349)
(0.79071208 0 -0.22575249)
(0.79070733 0 -0.23757064)
(0.79070236 0 -0.24995374)
(0.79069715 0 -0.26292876)
(0.7906917 0 -0.27652402)
(0.79068598 0 -0.29076917)
(0.79067999 0 -0.30569525)
(0.79067371 0 -0.32133484)
(0.79066714 0 -0.33772203)
(0.76749776 0 -0.029323799)
(0.76749679 0 -0.031626355)
(0.76749578 0 -0.034038977)
(0.76749471 0 -0.036566928)
(0.76749359 0 -0.03921572)
(0.76749242 0 -0.04199113)
(0.7674912 0 -0.04489921)
(0.76748991 0 -0.047946302)
(0.76748856 0 -0.051139051)
(0.76748715 0 -0.05448442)
(0.76748567 0 -0.057989705)
(0.76748413 0 -0.06166255)
(0.7674825 0 -0.065510964)
(0.7674808 0 -0.06954334)
(0.76747902 0 -0.073768472)
(0.76747715 0 -0.078195573)
(0.7674752 0 -0.0828343)
(0.76747315 0 -0.087694767)
(0.767471 0 -0.092787574)
(0.76746875 0 -0.098123827)
(0.76746639 0 -0.10371516)
(0.76746392 0 -0.10957378)
(0.76746133 0 -0.11571245)
(0.76745862 0 -0.12214456)
(0.76745578 0 -0.12888414)
(0.7674528 0 -0.13594588)
(0.76744968 0 -0.14334519)
(0.76744641 0 -0.1510982)
(0.76744298 0 -0.15922182)
(0.76743939 0 -0.16773376)
(0.76743563 0 -0.1766526)
(0.76743169 0 -0.18599777)
(0.76742756 0 -0.19578966)
(0.76742323 0 -0.20604963)
(0.7674187 0 -0.21680004)
(0.76741395 0 -0.22806434)
(0.76740897 0 -0.2398671)
(0.76740376 0 -0.25223406)
(0.76739829 0 -0.26519218)
(0.76739256 0 -0.27876972)
(0.76738656 0 -0.2929963)
(0.76738028 0 -0.30790294)
(0.76737369 0 -0.32352215)
(0.76736679 0 -0.33988799)
(0.74419529 0 -0.031818644)
(0.74419428 0 -0.034118284)
(0.74419323 0 -0.036527853)
(0.74419212 0 -0.039052603)
(0.74419096 0 -0.041698042)
(0.74418975 0 -0.044469938)
(0.74418848 0 -0.047374336)
(0.74418714 0 -0.050417571)
(0.74418575 0 -0.053606278)
(0.74418428 0 -0.056947412)
(0.74418275 0 -0.060448259)
(0.74418115 0 -0.064116454)
(0.74417946 0 -0.067959996)
(0.7441777 0 -0.071987267)
(0.74417585 0 -0.07620705)
(0.74417391 0 -0.080628547)
(0.74417188 0 -0.085261401)
(0.74416976 0 -0.090115715)
(0.74416753 0 -0.095202074)
(0.7441652 0 -0.10053157)
(0.74416275 0 -0.10611583)
(0.74416019 0 -0.11196703)
(0.7441575 0 -0.11809793)
(0.74415469 0 -0.12452189)
(0.74415174 0 -0.13125294)
(0.74414865 0 -0.13830574)
(0.74414542 0 -0.14569568)
(0.74414203 0 -0.15343888)
(0.74413847 0 -0.16155221)
(0.74413475 0 -0.17005338)
(0.74413085 0 -0.17896093)
(0.74412676 0 -0.18829427)
(0.74412248 0 -0.19807377)
(0.74411799 0 -0.20832074)
(0.74411329 0 -0.21905754)
(0.74410836 0 -0.23030758)
(0.7441032 0 -0.2420954)
(0.74409779 0 -0.2544467)
(0.74409212 0 -0.26738842)
(0.74408618 0 -0.28094877)
(0.74407996 0 -0.29515734)
(0.74407344 0 -0.31004511)
(0.74406661 0 -0.32564455)
(0.74405945 0 -0.34198966)
(0.72088473 0 -0.034236814)
(0.7208837 0 -0.036533629)
(0.72088262 0 -0.038940237)
(0.72088148 0 -0.041461885)
(0.72088029 0 -0.044104074)
(0.72087905 0 -0.046872564)
(0.72087774 0 -0.049773394)
(0.72087637 0 -0.052812889)
(0.72087494 0 -0.055997679)
(0.72087344 0 -0.059334708)
(0.72087186 0 -0.062831254)
(0.72087022 0 -0.066494942)
(0.72086849 0 -0.070333762)
(0.72086668 0 -0.074356085)
(0.72086478 0 -0.078570683)
(0.72086279 0 -0.082986748)
(0.72086071 0 -0.087613909)
(0.72085853 0 -0.092462259)
(0.72085624 0 -0.097542369)
(0.72085385 0 -0.10286532)
(0.72085134 0 -0.10844272)
(0.72084871 0 -0.11428673)
(0.72084595 0 -0.12041009)
(0.72084306 0 -0.12682616)
(0.72084004 0 -0.13354894)
(0.72083687 0 -0.14059308)
(0.72083354 0 -0.14797394)
(0.72083006 0 -0.15570762)
(0.72082642 0 -0.16381099)
(0.7208226 0 -0.17230172)
(0.72081859 0 -0.18119831)
(0.7208144 0 -0.19052019)
(0.72081 0 -0.20028767)
(0.72080539 0 -0.21052205)
(0.72080057 0 -0.22124566)
(0.72079551 0 -0.23248188)
(0.72079021 0 -0.24425522)
(0.72078466 0 -0.25659134)
(0.72077884 0 -0.26951716)
(0.72077275 0 -0.28306085)
(0.72076636 0 -0.29725197)
(0.72075967 0 -0.31212144)
(0.72075265 0 -0.32770171)
(0.72074531 0 -0.34402675)
(0.69756624 0 -0.036577146)
(0.69756518 0 -0.038871227)
(0.69756408 0 -0.04127497)
(0.69756293 0 -0.043793616)
(0.69756172 0 -0.046432659)
(0.69756045 0 -0.049197853)
(0.69755913 0 -0.05209523)
(0.69755773 0 -0.055131107)
(0.69755628 0 -0.058312105)
(0.69755475 0 -0.061645161)
(0.69755315 0 -0.065137544)
(0.69755147 0 -0.06879687)
(0.69754972 0 -0.072631119)
(0.69754788 0 -0.076648654)
(0.69754595 0 -0.080858234)
(0.69754393 0 -0.085269041)
(0.69754181 0 -0.089890694)
(0.69753959 0 -0.094733272)
(0.69753727 0 -0.099807334)
(0.69753483 0 -0.10512395)
(0.69753228 0 -0.1106947)
(0.6975296 0 -0.11653176)
(0.6975268 0 -0.12264783)
(0.69752387 0 -0.12905627)
(0.69752079 0 -0.13577104)
(0.69751757 0 -0.14280679)
(0.69751419 0 -0.15017886)
(0.69751065 0 -0.15790334)
(0.69750694 0 -0.16599706)
(0.69750305 0 -0.17447768)
(0.69749898 0 -0.18336368)
(0.69749472 0 -0.19267446)
(0.69749025 0 -0.20243031)
(0.69748556 0 -0.21265251)
(0.69748066 0 -0.22336335)
(0.69747552 0 -0.2345862)
(0.69747013 0 -0.24634552)
(0.69746448 0 -0.25866695)
(0.69745857 0 -0.27157738)
(0.69745237 0 -0.28510495)
(0.69744588 0 -0.29927917)
(0.69743907 0 -0.31413094)
(0.69743194 0 -0.32969266)
(0.69742447 0 -0.34599826)
(0.67423989 0 -0.038837976)
(0.67423884 0 -0.041129415)
(0.67423773 0 -0.04353039)
(0.67423656 0 -0.046046136)
(0.67423534 0 -0.04868214)
(0.67423407 0 -0.05144415)
(0.67423273 0 -0.05433819)
(0.67423133 0 -0.057370572)
(0.67422986 0 -0.060547907)
(0.67422832 0 -0.063877125)
(0.67422671 0 -0.067365487)
(0.67422502 0 -0.071020599)
(0.67422325 0 -0.074850434)
(0.67422139 0 -0.078863342)
(0.67421945 0 -0.083068075)
(0.67421741 0 -0.087473804)
(0.67421528 0 -0.092090135)
(0.67421304 0 -0.096927136)
(0.6742107 0 -0.10199536)
(0.67420824 0 -0.10730585)
(0.67420567 0 -0.11287019)
(0.67420298 0 -0.11870052)
(0.67420015 0 -0.12480955)
(0.67419719 0 -0.13121061)
(0.67419409 0 -0.13791765)
(0.67419085 0 -0.1449453)
(0.67418744 0 -0.15230888)
(0.67418388 0 -0.16002446)
(0.67418014 0 -0.16810886)
(0.67417622 0 -0.17657972)
(0.67417212 0 -0.18545549)
(0.67416782 0 -0.19475555)
(0.67416332 0 -0.20450016)
(0.6741586 0 -0.2147106)
(0.67415365 0 -0.2254091)
(0.67414847 0 -0.23661902)
(0.67414304 0 -0.2483648)
(0.67413735 0 -0.26067205)
(0.67413139 0 -0.27356761)
(0.67412514 0 -0.28707961)
(0.6741186 0 -0.3012375)
(0.67411174 0 -0.31607218)
(0.67410456 0 -0.33161598)
(0.67409703 0 -0.3479028)
(0.65090578 0 -0.041017166)
(0.65090473 0 -0.043306059)
(0.65090362 0 -0.045704366)
(0.65090246 0 -0.048217316)
(0.65090124 0 -0.050850391)
(0.65089996 0 -0.053609333)
(0.65089863 0 -0.056500157)
(0.65089723 0 -0.059529169)
(0.65089576 0 -0.062702973)
(0.65089422 0 -0.066028492)
(0.65089261 0 -0.069512978)
(0.65089092 0 -0.073164029)
(0.65088915 0 -0.076989607)
(0.6508873 0 -0.080998057)
(0.65088536 0 -0.085198118)
(0.65088332 0 -0.089598951)
(0.65088119 0 -0.094210152)
(0.65087896 0 -0.099041779)
(0.65087661 0 -0.10410437)
(0.65087416 0 -0.10940896)
(0.65087159 0 -0.11496712)
(0.6508689 0 -0.12079097)
(0.65086608 0 -0.12689321)
(0.65086312 0 -0.13328716)
(0.65086002 0 -0.13998674)
(0.65085678 0 -0.14700658)
(0.65085338 0 -0.15436199)
(0.65084981 0 -0.16206899)
(0.65084608 0 -0.17014441)
(0.65084217 0 -0.17860585)
(0.65083807 0 -0.18747176)
(0.65083377 0 -0.19676149)
(0.65082927 0 -0.20649528)
(0.65082456 0 -0.21669436)
(0.65081961 0 -0.22738098)
(0.65081444 0 -0.23857845)
(0.65080901 0 -0.25031117)
(0.65080333 0 -0.26260475)
(0.65079737 0 -0.27548598)
(0.65079113 0 -0.28898296)
(0.65078459 0 -0.30312512)
(0.65077774 0 -0.31794331)
(0.65077056 0 -0.33346984)
(0.65076304 0 -0.34973857)
(0.62756392 0 -0.043111711)
(0.62756288 0 -0.045398157)
(0.62756178 0 -0.047793899)
(0.62756063 0 -0.050304163)
(0.62755942 0 -0.052934423)
(0.62755816 0 -0.055690414)
(0.62755683 0 -0.058578148)
(0.62755545 0 -0.061603921)
(0.62755399 0 -0.064774332)
(0.62755247 0 -0.068096295)
(0.62755087 0 -0.071577055)
(0.6275492 0 -0.075224202)
(0.62754745 0 -0.079045691)
(0.62754561 0 -0.083049854)
(0.62754369 0 -0.087245425)
(0.62754167 0 -0.091641552)
(0.62753956 0 -0.096247823)
(0.62753735 0 -0.10107428)
(0.62753503 0 -0.10613146)
(0.6275326 0 -0.11143038)
(0.62753005 0 -0.11698259)
(0.62752739 0 -0.12280022)
(0.62752459 0 -0.12889594)
(0.62752166 0 -0.13528305)
(0.62751859 0 -0.14197547)
(0.62751538 0 -0.1489878)
(0.62751201 0 -0.15633534)
(0.62750848 0 -0.16403411)
(0.62750478 0 -0.17210089)
(0.62750091 0 -0.18055329)
(0.62749685 0 -0.18940972)
(0.62749259 0 -0.19868951)
(0.62748813 0 -0.20841289)
(0.62748346 0 -0.21860107)
(0.62747857 0 -0.22927627)
(0.62747344 0 -0.24046176)
(0.62746806 0 -0.25218194)
(0.62746243 0 -0.26446237)
(0.62745653 0 -0.27732983)
(0.62745035 0 -0.29081238)
(0.62744387 0 -0.30493942)
(0.62743709 0 -0.31974177)
(0.62742997 0 -0.33525169)
(0.62742252 0 -0.35150303)
(0.60421432 0 -0.045118037)
(0.60421329 0 -0.047402139)
(0.60421221 0 -0.049795425)
(0.60421108 0 -0.052303115)
(0.60420989 0 -0.054930678)
(0.60420865 0 -0.057683844)
(0.60420735 0 -0.060568617)
(0.60420599 0 -0.063591287)
(0.60420456 0 -0.066758448)
(0.60420307 0 -0.070077005)
(0.6042015 0 -0.073554197)
(0.60419986 0 -0.077197605)
(0.60419814 0 -0.081015175)
(0.60419634 0 -0.085015233)
(0.60419445 0 -0.089206502)
(0.60419247 0 -0.093598122)
(0.6041904 0 -0.098199671)
(0.60418822 0 -0.10302118)
(0.60418595 0 -0.10807317)
(0.60418356 0 -0.11336666)
(0.60418106 0 -0.11891318)
(0.60417844 0 -0.12472484)
(0.6041757 0 -0.13081431)
(0.60417282 0 -0.13719487)
(0.60416981 0 -0.14388043)
(0.60416665 0 -0.15088558)
(0.60416334 0 -0.15822559)
(0.60415988 0 -0.16591646)
(0.60415625 0 -0.17397497)
(0.60415244 0 -0.1824187)
(0.60414845 0 -0.19126605)
(0.60414428 0 -0.20053633)
(0.6041399 0 -0.21024974)
(0.60413531 0 -0.22042747)
(0.60413051 0 -0.23109172)
(0.60412547 0 -0.24226575)
(0.60412019 0 -0.25397391)
(0.60411467 0 -0.26624175)
(0.60410887 0 -0.27909602)
(0.6041028 0 -0.29256475)
(0.60409644 0 -0.30667731)
(0.60408978 0 -0.32146447)
(0.6040828 0 -0.3369585)
(0.60407548 0 -0.35319317)
(0.58085695 0 -0.047031909)
(0.58085595 0 -0.049313775)
(0.5808549 0 -0.051704718)
(0.5808538 0 -0.054209953)
(0.58085265 0 -0.056834944)
(0.58085144 0 -0.059585414)
(0.58085018 0 -0.062467363)
(0.58084885 0 -0.065487074)
(0.58084746 0 -0.068651134)
(0.58084601 0 -0.071966442)
(0.58084448 0 -0.075440229)
(0.58084289 0 -0.079080071)
(0.58084121 0 -0.082893903)
(0.58083946 0 -0.086890045)
(0.58083762 0 -0.091077211)
(0.5808357 0 -0.095464532)
(0.58083368 0 -0.10006158)
(0.58083157 0 -0.10487837)
(0.58082935 0 -0.10992541)
(0.58082703 0 -0.11521371)
(0.5808246 0 -0.12075481)
(0.58082205 0 -0.12656078)
(0.58081938 0 -0.13264429)
(0.58081659 0 -0.1390186)
(0.58081365 0 -0.14569762)
(0.58081058 0 -0.1526959)
(0.58080737 0 -0.16002872)
(0.580804 0 -0.16771207)
(0.58080046 0 -0.17576269)
(0.58079676 0 -0.18419815)
(0.58079288 0 -0.19303684)
(0.58078882 0 -0.20229804)
(0.58078456 0 -0.21200195)
(0.5807801 0 -0.22216971)
(0.58077542 0 -0.23282353)
(0.58077053 0 -0.24398661)
(0.58076539 0 -0.25568331)
(0.58076002 0 -0.26793914)
(0.58075438 0 -0.28078082)
(0.58074848 0 -0.29423636)
(0.58074229 0 -0.30833511)
(0.58073581 0 -0.3231078)
(0.58072902 0 -0.33858665)
(0.5807219 0 -0.35480543)
(0.55749179 0 -0.048848227)
(0.55749083 0 -0.05112797)
(0.55748982 0 -0.05351669)
(0.55748876 0 -0.056019595)
(0.55748765 0 -0.058642144)
(0.55748649 0 -0.061390057)
(0.55748527 0 -0.064269325)
(0.55748399 0 -0.067286228)
(0.55748266 0 -0.070447345)
(0.55748126 0 -0.07375957)
(0.55747979 0 -0.077230127)
(0.55747825 0 -0.080866583)
(0.55747664 0 -0.084676869)
(0.55747495 0 -0.088669294)
(0.55747318 0 -0.092852565)
(0.55747133 0 -0.097235806)
(0.55746939 0 -0.10182857)
(0.55746735 0 -0.10664089)
(0.55746522 0 -0.11168324)
(0.55746299 0 -0.11696662)
(0.55746064 0 -0.12250256)
(0.55745819 0 -0.12830313)
(0.55745562 0 -0.13438098)
(0.55745293 0 -0.14074937)
(0.55745011 0 -0.14742217)
(0.55744715 0 -0.15441395)
(0.55744405 0 -0.16173995)
(0.55744081 0 -0.16941615)
(0.5574374 0 -0.17745929)
(0.55743384 0 -0.1858869)
(0.55743011 0 -0.19471737)
(0.55742619 0 -0.20396996)
(0.55742209 0 -0.21366484)
(0.5574178 0 -0.22382315)
(0.5574133 0 -0.23446705)
(0.55740858 0 -0.24561975)
(0.55740364 0 -0.25730558)
(0.55739846 0 -0.26955001)
(0.55739303 0 -0.28237975)
(0.55738735 0 -0.29582277)
(0.55738139 0 -0.3099084)
(0.55737515 0 -0.32466736)
(0.55736861 0 -0.34013182)
(0.55736176 0 -0.35633551)
(0.53411884 0 -0.050561265)
(0.53411792 0 -0.052839006)
(0.53411696 0 -0.055225629)
(0.53411595 0 -0.057726336)
(0.53411489 0 -0.060346583)
(0.53411379 0 -0.063092083)
(0.53411263 0 -0.065968823)
(0.53411141 0 -0.068983078)
(0.53411014 0 -0.07214142)
(0.53410881 0 -0.075450737)
(0.53410741 0 -0.078918246)
(0.53410595 0 -0.082551509)
(0.53410441 0 -0.08635845)
(0.53410281 0 -0.09034737)
(0.53410112 0 -0.094526969)
(0.53409936 0 -0.098906361)
(0.53409751 0 -0.1034951)
(0.53409557 0 -0.10830318)
(0.53409354 0 -0.11334111)
(0.53409141 0 -0.11861985)
(0.53408918 0 -0.12415093)
(0.53408685 0 -0.12994641)
(0.5340844 0 -0.13601893)
(0.53408184 0 -0.14238172)
(0.53407915 0 -0.14904867)
(0.53407634 0 -0.15603431)
(0.53407339 0 -0.16335387)
(0.5340703 0 -0.17102333)
(0.53406706 0 -0.17905941)
(0.53406367 0 -0.18747962)
(0.53406011 0 -0.19630234)
(0.53405639 0 -0.2055468)
(0.53405248 0 -0.21523317)
(0.53404839 0 -0.22538257)
(0.53404411 0 -0.23601712)
(0.53403962 0 -0.24716003)
(0.53403491 0 -0.2588356)
(0.53402999 0 -0.27106928)
(0.53402482 0 -0.28388775)
(0.53401941 0 -0.29731898)
(0.53401374 0 -0.31139224)
(0.5340078 0 -0.32613823)
(0.53400157 0 -0.34158912)
(0.53399505 0 -0.35777859)
(0.51073808 0 -0.052164328)
(0.51073722 0 -0.054440197)
(0.51073631 0 -0.056824856)
(0.51073537 0 -0.059323508)
(0.51073438 0 -0.0619416)
(0.51073334 0 -0.064684842)
(0.51073225 0 -0.067559217)
(0.51073111 0 -0.070570992)
(0.51072991 0 -0.073726737)
(0.51072866 0 -0.077033333)
(0.51072734 0 -0.080497991)
(0.51072597 0 -0.084128266)
(0.51072453 0 -0.087932076)
(0.51072302 0 -0.091917716)
(0.51072143 0 -0.096093878)
(0.51071978 0 -0.10046967)
(0.51071804 0 -0.10505463)
(0.51071622 0 -0.10985876)
(0.51071431 0 -0.11489254)
(0.51071231 0 -0.12016695)
(0.51071022 0 -0.12569348)
(0.51070802 0 -0.1314842)
(0.51070573 0 -0.13755172)
(0.51070332 0 -0.14390928)
(0.51070079 0 -0.15057074)
(0.51069815 0 -0.15755064)
(0.51069538 0 -0.16486419)
(0.51069247 0 -0.17252734)
(0.51068943 0 -0.1805568)
(0.51068624 0 -0.18897009)
(0.5106829 0 -0.19778556)
(0.5106794 0 -0.20702242)
(0.51067573 0 -0.21670082)
(0.51067189 0 -0.22684187)
(0.51066787 0 -0.23746768)
(0.51066365 0 -0.24860143)
(0.51065923 0 -0.26026739)
(0.51065459 0 -0.27249101)
(0.51064974 0 -0.28529895)
(0.51064466 0 -0.29871913)
(0.51063933 0 -0.31278082)
(0.51063374 0 -0.32751469)
(0.51062789 0 -0.34295286)
(0.51062176 0 -0.35912902)
(0.48734956 0 -0.053649807)
(0.48734876 0 -0.05592394)
(0.48734793 0 -0.058306781)
(0.48734705 0 -0.060803527)
(0.48734613 0 -0.063419622)
(0.48734517 0 -0.066160772)
(0.48734416 0 -0.069032955)
(0.48734311 0 -0.072042434)
(0.487342 0 -0.075195772)
(0.48734084 0 -0.078499846)
(0.48733963 0 -0.081961861)
(0.48733835 0 -0.085589368)
(0.48733702 0 -0.089390278)
(0.48733562 0 -0.093372878)
(0.48733416 0 -0.097545855)
(0.48733262 0 -0.10191831)
(0.48733102 0 -0.10649977)
(0.48732933 0 -0.11130024)
(0.48732757 0 -0.11633019)
(0.48732572 0 -0.12160057)
(0.48732378 0 -0.12712289)
(0.48732175 0 -0.13290918)
(0.48731962 0 -0.13897208)
(0.4873174 0 -0.14532479)
(0.48731506 0 -0.15198117)
(0.48731261 0 -0.15895574)
(0.48731005 0 -0.16626372)
(0.48730736 0 -0.17392102)
(0.48730455 0 -0.18194437)
(0.4873016 0 -0.19035124)
(0.48729851 0 -0.19915998)
(0.48729527 0 -0.2083898)
(0.48729188 0 -0.21806082)
(0.48728832 0 -0.22819413)
(0.48728459 0 -0.23881184)
(0.48728069 0 -0.2499371)
(0.4872766 0 -0.26159416)
(0.48727232 0 -0.27380846)
(0.48726783 0 -0.28660663)
(0.48726312 0 -0.30001657)
(0.48725819 0 -0.31406754)
(0.48725302 0 -0.32879017)
(0.48724761 0 -0.34421658)
(0.48724194 0 -0.3603804)
(0.46395337 0 -0.055009174)
(0.46395265 0 -0.057281719)
(0.46395189 0 -0.059662896)
(0.46395109 0 -0.062157898)
(0.46395026 0 -0.064772166)
(0.46394939 0 -0.067511401)
(0.46394847 0 -0.070381578)
(0.46394751 0 -0.073388955)
(0.46394651 0 -0.076540091)
(0.46394545 0 -0.079841857)
(0.46394435 0 -0.083301455)
(0.4639432 0 -0.086926428)
(0.46394199 0 -0.090724683)
(0.46394072 0 -0.094704502)
(0.46393939 0 -0.098874564)
(0.46393799 0 -0.10324396)
(0.46393653 0 -0.10782223)
(0.46393501 0 -0.11261935)
(0.4639334 0 -0.11764578)
(0.46393172 0 -0.12291248)
(0.46392996 0 -0.12843094)
(0.46392812 0 -0.13421319)
(0.46392619 0 -0.14027185)
(0.46392417 0 -0.14662013)
(0.46392205 0 -0.15327186)
(0.46391982 0 -0.16024156)
(0.4639175 0 -0.16754443)
(0.46391506 0 -0.17519639)
(0.4639125 0 -0.18321413)
(0.46390982 0 -0.19161513)
(0.46390702 0 -0.20041772)
(0.46390408 0 -0.20964109)
(0.463901 0 -0.21930536)
(0.46389777 0 -0.2294316)
(0.46389438 0 -0.24004189)
(0.46389084 0 -0.25115938)
(0.46388713 0 -0.2628083)
(0.46388324 0 -0.27501407)
(0.46387916 0 -0.28780329)
(0.46387489 0 -0.30120387)
(0.46387041 0 -0.31524503)
(0.46386572 0 -0.32995738)
(0.46386081 0 -0.34537301)
(0.46385566 0 -0.36152554)
(0.44054969 0 -0.056232714)
(0.44054904 0 -0.058503829)
(0.44054837 0 -0.060883508)
(0.44054766 0 -0.063376941)
(0.44054693 0 -0.065989564)
(0.44054615 0 -0.068727077)
(0.44054534 0 -0.071595448)
(0.44054449 0 -0.074600933)
(0.4405436 0 -0.077750086)
(0.44054267 0 -0.081049776)
(0.44054169 0 -0.084507197)
(0.44054066 0 -0.08812989)
(0.44053959 0 -0.091925755)
(0.44053847 0 -0.095903071)
(0.44053729 0 -0.10007051)
(0.44053605 0 -0.10443716)
(0.44053476 0 -0.10901255)
(0.4405334 0 -0.11380665)
(0.44053198 0 -0.11882991)
(0.44053049 0 -0.1240933)
(0.44052893 0 -0.12960829)
(0.4405273 0 -0.13538691)
(0.44052559 0 -0.14144176)
(0.44052379 0 -0.14778604)
(0.44052191 0 -0.15443359)
(0.44051994 0 -0.16139891)
(0.44051788 0 -0.16869718)
(0.44051572 0 -0.17634432)
(0.44051345 0 -0.18435702)
(0.44051108 0 -0.19275274)
(0.44050859 0 -0.20154979)
(0.44050598 0 -0.21076736)
(0.44050325 0 -0.22042554)
(0.44050039 0 -0.23054541)
(0.44049739 0 -0.24114903)
(0.44049425 0 -0.25225952)
(0.44049096 0 -0.26390112)
(0.44048751 0 -0.27609921)
(0.44048389 0 -0.28888039)
(0.44048011 0 -0.30227254)
(0.44047614 0 -0.31630486)
(0.44047198 0 -0.33100796)
(0.44046762 0 -0.34641389)
(0.44046306 0 -0.36255626)
(0.41713879 0 -0.057309587)
(0.41713824 0 -0.059579444)
(0.41713766 0 -0.061957805)
(0.41713706 0 -0.064449856)
(0.41713642 0 -0.067061032)
(0.41713576 0 -0.069797028)
(0.41713506 0 -0.07266381)
(0.41713433 0 -0.07566763)
(0.41713357 0 -0.078815039)
(0.41713276 0 -0.0821129)
(0.41713192 0 -0.085568406)
(0.41713104 0 -0.089189092)
(0.41713012 0 -0.092982854)
(0.41712916 0 -0.096957966)
(0.41712814 0 -0.1011231)
(0.41712708 0 -0.10548733)
(0.41712597 0 -0.11006018)
(0.41712481 0 -0.11485162)
(0.41712359 0 -0.11987211)
(0.41712231 0 -0.12513258)
(0.41712097 0 -0.13064451)
(0.41711957 0 -0.13641993)
(0.4171181 0 -0.14247142)
(0.41711655 0 -0.14881219)
(0.41711494 0 -0.15545606)
(0.41711325 0 -0.16241752)
(0.41711148 0 -0.16971175)
(0.41710962 0 -0.17735465)
(0.41710767 0 -0.18536291)
(0.41710563 0 -0.19375398)
(0.4171035 0 -0.20254616)
(0.41710126 0 -0.21175862)
(0.41709891 0 -0.22141145)
(0.41709645 0 -0.23152571)
(0.41709388 0 -0.24212346)
(0.41709118 0 -0.25322779)
(0.41708835 0 -0.26486294)
(0.41708539 0 -0.27705427)
(0.41708228 0 -0.28982837)
(0.41707903 0 -0.3032131)
(0.41707562 0 -0.31723765)
(0.41707205 0 -0.3319326)
(0.41706831 0 -0.34733)
(0.41706439 0 -0.36346342)
(0.39372113 0 -0.058227651)
(0.39372068 0 -0.060496435)
(0.39372021 0 -0.062873672)
(0.39371971 0 -0.065364545)
(0.39371919 0 -0.067974488)
(0.39371864 0 -0.070709191)
(0.39371807 0 -0.073574618)
(0.39371747 0 -0.076577018)
(0.39371684 0 -0.07972294)
(0.39371618 0 -0.083019243)
(0.39371549 0 -0.086473115)
(0.39371477 0 -0.09009209)
(0.39371401 0 -0.09388406)
(0.39371322 0 -0.097857293)
(0.39371239 0 -0.10202046)
(0.39371152 0 -0.10638262)
(0.3937106 0 -0.11095331)
(0.39370965 0 -0.11574249)
(0.39370865 0 -0.1207606)
(0.3937076 0 -0.12601859)
(0.39370649 0 -0.13152792)
(0.39370534 0 -0.13730061)
(0.39370413 0 -0.14334924)
(0.39370287 0 -0.14968701)
(0.39370154 0 -0.15632774)
(0.39370015 0 -0.16328591)
(0.3936987 0 -0.17057669)
(0.39369717 0 -0.17821599)
(0.39369557 0 -0.18622046)
(0.3936939 0 -0.19460756)
(0.39369214 0 -0.20339558)
(0.3936903 0 -0.21260369)
(0.39368838 0 -0.22225197)
(0.39368636 0 -0.23236145)
(0.39368424 0 -0.24295418)
(0.39368202 0 -0.25405327)
(0.3936797 0 -0.26568292)
(0.39367727 0 -0.27786849)
(0.39367472 0 -0.29063656)
(0.39367205 0 -0.30401496)
(0.39366925 0 -0.31803288)
(0.39366631 0 -0.33272088)
(0.39366324 0 -0.348111)
(0.39366002 0 -0.36423681)
(0.37029734 0 -0.058973015)
(0.370297 0 -0.061240928)
(0.37029663 0 -0.063617252)
(0.37029625 0 -0.06610717)
(0.37029585 0 -0.06871611)
(0.37029543 0 -0.071449763)
(0.37029499 0 -0.074314091)
(0.37029453 0 -0.077315339)
(0.37029405 0 -0.080460052)
(0.37029355 0 -0.08375509)
(0.37029302 0 -0.087207637)
(0.37029246 0 -0.090825223)
(0.37029188 0 -0.094615737)
(0.37029127 0 -0.098587445)
(0.37029064 0 -0.10274901)
(0.37028997 0 -0.1071095)
(0.37028927 0 -0.11167844)
(0.37028854 0 -0.11646578)
(0.37028777 0 -0.12148196)
(0.37028696 0 -0.12673793)
(0.37028612 0 -0.13224515)
(0.37028523 0 -0.13801562)
(0.37028431 0 -0.14406193)
(0.37028334 0 -0.15039727)
(0.37028232 0 -0.15703545)
(0.37028126 0 -0.16399094)
(0.37028014 0 -0.17127893)
(0.37027897 0 -0.17891529)
(0.37027774 0 -0.18691669)
(0.37027646 0 -0.19530058)
(0.37027511 0 -0.20408522)
(0.3702737 0 -0.2132898)
(0.37027223 0 -0.22293437)
(0.37027068 0 -0.23303997)
(0.37026906 0 -0.24362864)
(0.37026736 0 -0.25472347)
(0.37026558 0 -0.26634865)
(0.37026371 0 -0.27852954)
(0.37026175 0 -0.29129271)
(0.37025971 0 -0.30466598)
(0.37025756 0 -0.31867851)
(0.37025531 0 -0.33336088)
(0.37025295 0 -0.34874509)
(0.37025048 0 -0.36486471)
(0.34686832 0 -0.059530253)
(0.34686809 0 -0.061797515)
(0.34686784 0 -0.064173157)
(0.34686758 0 -0.066662359)
(0.34686731 0 -0.069270551)
(0.34686703 0 -0.072003419)
(0.34686673 0 -0.074866924)
(0.34686642 0 -0.07786731)
(0.34686609 0 -0.081011121)
(0.34686575 0 -0.084305213)
(0.34686539 0 -0.087756769)
(0.34686501 0 -0.091373316)
(0.34686462 0 -0.095162742)
(0.34686421 0 -0.09913331)
(0.34686377 0 -0.10329368)
(0.34686332 0 -0.10765292)
(0.34686285 0 -0.11222055)
(0.34686235 0 -0.11700651)
(0.34686183 0 -0.12202126)
(0.34686128 0 -0.12727572)
(0.34686071 0 -0.13278135)
(0.34686011 0 -0.13855016)
(0.34685948 0 -0.14459474)
(0.34685882 0 -0.15092826)
(0.34685813 0 -0.15756453)
(0.34685741 0 -0.16451803)
(0.34685665 0 -0.17180393)
(0.34685586 0 -0.1794381)
(0.34685503 0 -0.1874372)
(0.34685416 0 -0.19581868)
(0.34685325 0 -0.2046008)
(0.34685229 0 -0.21380273)
(0.34685129 0 -0.22344454)
(0.34685024 0 -0.23354723)
(0.34684914 0 -0.24413286)
(0.34684799 0 -0.25522451)
(0.34684678 0 -0.26684635)
(0.34684551 0 -0.27902375)
(0.34684419 0 -0.29178325)
(0.3468428 0 -0.30515268)
(0.34684134 0 -0.3191612)
(0.34683982 0 -0.33383935)
(0.34683822 0 -0.34921914)
(0.34683654 0 -0.36533413)
(1.0189895 0 -0.0023368179)
(1.0189895 0 -1.6547887e-17)
(1.0189895 0 -0.0047853404)
(1.0189895 0 -0.0073509073)
(1.0189895 0 -0.010039114)
(1.0189895 0 -0.012855822)
(1.0189895 0 -0.015807174)
(1.0189895 0 -0.018899607)
(1.0189895 0 -0.022139865)
(1.0189895 0 -0.025535013)
(1.0189895 0 -0.029092457)
(1.0189895 0 -0.032819954)
(1.0189895 0 -0.036725632)
(1.0189895 0 -0.04081801)
(1.0189895 0 -0.045106013)
(1.0189895 0 -0.04959899)
(1.0189895 0 -0.054306741)
(1.0189895 0 -0.059239532)
(1.0189895 0 -0.06440812)
(1.0189895 0 -0.069823778)
(1.0189895 0 -0.075498315)
(1.0189895 0 -0.081444106)
(1.0189895 0 -0.087674119)
(1.0189895 0 -0.094201938)
(1.0189895 0 -0.1010418)
(1.0189895 0 -0.10820862)
(1.0189895 0 -0.11571803)
(1.0189895 0 -0.12358641)
(1.0189895 0 -0.13183091)
(1.0189895 0 -0.14046952)
(1.0189895 0 -0.14952106)
(1.0189895 0 -0.15900529)
(1.0189895 0 -0.16894289)
(1.0189895 0 -0.17935552)
(1.0189895 0 -0.1902659)
(1.0189895 0 -0.20169782)
(1.0189895 0 -0.2136762)
(1.0189895 0 -0.22622718)
(1.0189895 0 -0.23937812)
(1.0189895 0 -0.2531577)
(1.0189895 0 -0.26759597)
(1.0189895 0 -0.28272442)
(1.0189895 0 -0.29857604)
(1.0189895 0 -0.31518541)
(1.039134 0 -0.04959899)
(1.039134 0 -0.054306741)
(1.039134 0 -0.059239532)
(1.039134 0 -0.06440812)
(1.039134 0 -0.069823778)
(1.039134 0 -0.075498315)
(1.039134 0 -0.081444106)
(1.039134 0 -0.087674119)
(1.039134 0 -0.094201938)
(1.039134 0 -0.1010418)
(1.039134 0 -0.10820862)
(1.039134 0 -0.11571803)
(1.039134 0 -0.12358641)
(1.039134 0 -0.13183091)
(1.039134 0 -0.14046952)
(1.039134 0 -0.14952106)
(1.039134 0 -0.15900529)
(1.039134 0 -0.16894289)
(1.039134 0 -0.17935552)
(1.039134 0 -0.1902659)
(1.039134 0 -0.20169782)
(1.039134 0 -0.2136762)
(1.039134 0 -0.22622718)
(1.039134 0 -0.23937812)
(1.039134 0 -0.2531577)
(1.039134 0 -0.26759597)
(1.039134 0 -0.28272442)
(1.039134 0 -0.29857604)
(1.039134 0 -0.31518541)
(1.0605036 0 -0.04959899)
(1.0605036 0 -0.054306741)
(1.0605036 0 -0.059239532)
(1.0605036 0 -0.06440812)
(1.0605036 0 -0.069823778)
(1.0605036 0 -0.075498315)
(1.0605036 0 -0.081444106)
(1.0605036 0 -0.087674119)
(1.0605036 0 -0.094201938)
(1.0605036 0 -0.1010418)
(1.0605036 0 -0.10820862)
(1.0605036 0 -0.11571803)
(1.0605036 0 -0.12358641)
(1.0605036 0 -0.13183091)
(1.0605036 0 -0.14046952)
(1.0605036 0 -0.14952106)
(1.0605036 0 -0.15900529)
(1.0605036 0 -0.16894289)
(1.0605036 0 -0.17935552)
(1.0605036 0 -0.1902659)
(1.0605036 0 -0.20169782)
(1.0605036 0 -0.2136762)
(1.0605036 0 -0.22622718)
(1.0605036 0 -0.23937812)
(1.0605036 0 -0.2531577)
(1.0605036 0 -0.26759597)
(1.0605036 0 -0.28272442)
(1.0605036 0 -0.29857604)
(1.0605036 0 -0.31518541)
(1.0831729 0 -0.04959899)
(1.0831729 0 -0.054306741)
(1.0831729 0 -0.059239532)
(1.0831729 0 -0.06440812)
(1.0831729 0 -0.069823778)
(1.0831729 0 -0.075498315)
(1.0831729 0 -0.081444106)
(1.0831729 0 -0.087674119)
(1.0831729 0 -0.094201938)
(1.0831729 0 -0.1010418)
(1.0831729 0 -0.10820862)
(1.0831729 0 -0.11571803)
(1.0831729 0 -0.12358641)
(1.0831729 0 -0.13183091)
(1.0831729 0 -0.14046952)
(1.0831729 0 -0.14952106)
(1.0831729 0 -0.15900529)
(1.0831729 0 -0.16894289)
(1.0831729 0 -0.17935552)
(1.0831729 0 -0.1902659)
(1.0831729 0 -0.20169782)
(1.0831729 0 -0.2136762)
(1.0831729 0 -0.22622718)
(1.0831729 0 -0.23937812)
(1.0831729 0 -0.2531577)
(1.0831729 0 -0.26759597)
(1.0831729 0 -0.28272442)
(1.0831729 0 -0.29857604)
(1.0831729 0 -0.31518541)
(1.1072209 0 -0.04959899)
(1.1072209 0 -0.054306741)
(1.1072209 0 -0.059239532)
(1.1072209 0 -0.06440812)
(1.1072209 0 -0.069823778)
(1.1072209 0 -0.075498315)
(1.1072209 0 -0.081444106)
(1.1072209 0 -0.087674119)
(1.1072209 0 -0.094201938)
(1.1072209 0 -0.1010418)
(1.1072209 0 -0.10820862)
(1.1072209 0 -0.11571803)
(1.1072209 0 -0.12358641)
(1.1072209 0 -0.13183091)
(1.1072209 0 -0.14046952)
(1.1072209 0 -0.14952106)
(1.1072209 0 -0.15900529)
(1.1072209 0 -0.16894289)
(1.1072209 0 -0.17935552)
(1.1072209 0 -0.1902659)
(1.1072209 0 -0.20169782)
(1.1072209 0 -0.2136762)
(1.1072209 0 -0.22622718)
(1.1072209 0 -0.23937812)
(1.1072209 0 -0.2531577)
(1.1072209 0 -0.26759597)
(1.1072209 0 -0.28272442)
(1.1072209 0 -0.29857604)
(1.1072209 0 -0.31518541)
(1.1327314 0 -0.04959899)
(1.1327314 0 -0.054306741)
(1.1327314 0 -0.059239532)
(1.1327314 0 -0.06440812)
(1.1327314 0 -0.069823778)
(1.1327314 0 -0.075498315)
(1.1327314 0 -0.081444106)
(1.1327314 0 -0.087674119)
(1.1327314 0 -0.094201938)
(1.1327314 0 -0.1010418)
(1.1327314 0 -0.10820862)
(1.1327314 0 -0.11571803)
(1.1327314 0 -0.12358641)
(1.1327314 0 -0.13183091)
(1.1327314 0 -0.14046952)
(1.1327314 0 -0.14952106)
(1.1327314 0 -0.15900529)
(1.1327314 0 -0.16894289)
(1.1327314 0 -0.17935552)
(1.1327314 0 -0.1902659)
(1.1327314 0 -0.20169782)
(1.1327314 0 -0.2136762)
(1.1327314 0 -0.22622718)
(1.1327314 0 -0.23937812)
(1.1327314 0 -0.2531577)
(1.1327314 0 -0.26759597)
(1.1327314 0 -0.28272442)
(1.1327314 0 -0.29857604)
(1.1327314 0 -0.31518541)
(1.1597935 0 -0.04959899)
(1.1597935 0 -0.054306741)
(1.1597935 0 -0.059239532)
(1.1597935 0 -0.06440812)
(1.1597935 0 -0.069823778)
(1.1597935 0 -0.075498315)
(1.1597935 0 -0.081444106)
(1.1597935 0 -0.087674119)
(1.1597935 0 -0.094201938)
(1.1597935 0 -0.1010418)
(1.1597935 0 -0.10820862)
(1.1597935 0 -0.11571803)
(1.1597935 0 -0.12358641)
(1.1597935 0 -0.13183091)
(1.1597935 0 -0.14046952)
(1.1597935 0 -0.14952106)
(1.1597935 0 -0.15900529)
(1.1597935 0 -0.16894289)
(1.1597935 0 -0.17935552)
(1.1597935 0 -0.1902659)
(1.1597935 0 -0.20169782)
(1.1597935 0 -0.2136762)
(1.1597935 0 -0.22622718)
(1.1597935 0 -0.23937812)
(1.1597935 0 -0.2531577)
(1.1597935 0 -0.26759597)
(1.1597935 0 -0.28272442)
(1.1597935 0 -0.29857604)
(1.1597935 0 -0.31518541)
(1.1885014 0 -0.04959899)
(1.1885014 0 -0.054306741)
(1.1885014 0 -0.059239532)
(1.1885014 0 -0.06440812)
(1.1885014 0 -0.069823778)
(1.1885014 0 -0.075498315)
(1.1885014 0 -0.081444106)
(1.1885014 0 -0.087674119)
(1.1885014 0 -0.094201938)
(1.1885014 0 -0.1010418)
(1.1885014 0 -0.10820862)
(1.1885014 0 -0.11571803)
(1.1885014 0 -0.12358641)
(1.1885014 0 -0.13183091)
(1.1885014 0 -0.14046952)
(1.1885014 0 -0.14952106)
(1.1885014 0 -0.15900529)
(1.1885014 0 -0.16894289)
(1.1885014 0 -0.17935552)
(1.1885014 0 -0.1902659)
(1.1885014 0 -0.20169782)
(1.1885014 0 -0.2136762)
(1.1885014 0 -0.22622718)
(1.1885014 0 -0.23937812)
(1.1885014 0 -0.2531577)
(1.1885014 0 -0.26759597)
(1.1885014 0 -0.28272442)
(1.1885014 0 -0.29857604)
(1.1885014 0 -0.31518541)
(1.2189553 0 -0.059239532)
(1.2189553 0 -0.06440812)
(1.2189553 0 -0.069823778)
(1.2189553 0 -0.075498315)
(1.2189553 0 -0.081444106)
(1.2189553 0 -0.087674119)
(1.2189553 0 -0.094201938)
(1.2189553 0 -0.1010418)
(1.2189553 0 -0.10820862)
(1.2189553 0 -0.11571803)
(1.2189553 0 -0.12358641)
(1.2189553 0 -0.13183091)
(1.2189553 0 -0.14046952)
(1.2189553 0 -0.14952106)
(1.2189553 0 -0.15900529)
(1.2189553 0 -0.16894289)
(1.2189553 0 -0.17935552)
(1.2189553 0 -0.1902659)
(1.2189553 0 -0.20169782)
(1.2189553 0 -0.2136762)
(1.2189553 0 -0.22622718)
(1.2189553 0 -0.23937812)
(1.2189553 0 -0.2531577)
(1.2189553 0 -0.26759597)
(1.2189553 0 -0.28272442)
(1.2189553 0 -0.29857604)
(1.2189553 0 -0.31518541)
(1.2512614 0 -0.059239532)
(1.2512614 0 -0.06440812)
(1.2512614 0 -0.069823778)
(1.2512614 0 -0.075498315)
(1.2512614 0 -0.081444106)
(1.2512614 0 -0.087674119)
(1.2512614 0 -0.094201938)
(1.2512614 0 -0.1010418)
(1.2512614 0 -0.10820862)
(1.2512614 0 -0.11571803)
(1.2512614 0 -0.12358641)
(1.2512614 0 -0.13183091)
(1.2512614 0 -0.14046952)
(1.2512614 0 -0.14952106)
(1.2512614 0 -0.15900529)
(1.2512614 0 -0.16894289)
(1.2512614 0 -0.17935552)
(1.2512614 0 -0.1902659)
(1.2512614 0 -0.20169782)
(1.2512614 0 -0.2136762)
(1.2512614 0 -0.22622718)
(1.2512614 0 -0.23937812)
(1.2512614 0 -0.2531577)
(1.2512614 0 -0.26759597)
(1.2512614 0 -0.28272442)
(1.2512614 0 -0.29857604)
(1.2512614 0 -0.31518541)
(1.2855322 0 -0.059239532)
(1.2855322 0 -0.06440812)
(1.2855322 0 -0.069823778)
(1.2855322 0 -0.075498315)
(1.2855322 0 -0.081444106)
(1.2855322 0 -0.087674119)
(1.2855322 0 -0.094201938)
(1.2855322 0 -0.1010418)
(1.2855322 0 -0.10820862)
(1.2855322 0 -0.11571803)
(1.2855322 0 -0.12358641)
(1.2855322 0 -0.13183091)
(1.2855322 0 -0.14046952)
(1.2855322 0 -0.14952106)
(1.2855322 0 -0.15900529)
(1.2855322 0 -0.16894289)
(1.2855322 0 -0.17935552)
(1.2855322 0 -0.1902659)
(1.2855322 0 -0.20169782)
(1.2855322 0 -0.2136762)
(1.2855322 0 -0.22622718)
(1.2855322 0 -0.23937812)
(1.2855322 0 -0.2531577)
(1.2855322 0 -0.26759597)
(1.2855322 0 -0.28272442)
(1.2855322 0 -0.29857604)
(1.2855322 0 -0.31518541)
(1.3218874 0 -0.059239532)
(1.3218874 0 -0.06440812)
(1.3218874 0 -0.069823778)
(1.3218874 0 -0.075498315)
(1.3218874 0 -0.081444106)
(1.3218874 0 -0.087674119)
(1.3218874 0 -0.094201938)
(1.3218874 0 -0.1010418)
(1.3218874 0 -0.10820862)
(1.3218874 0 -0.11571803)
(1.3218874 0 -0.12358641)
(1.3218874 0 -0.13183091)
(1.3218874 0 -0.14046952)
(1.3218874 0 -0.14952106)
(1.3218874 0 -0.15900529)
(1.3218874 0 -0.16894289)
(1.3218874 0 -0.17935552)
(1.3218874 0 -0.1902659)
(1.3218874 0 -0.20169782)
(1.3218874 0 -0.2136762)
(1.3218874 0 -0.22622718)
(1.3218874 0 -0.23937812)
(1.3218874 0 -0.2531577)
(1.3218874 0 -0.26759597)
(1.3218874 0 -0.28272442)
(1.3218874 0 -0.29857604)
(1.3218874 0 -0.31518541)
(1.3604536 0 -0.059239532)
(1.3604536 0 -0.06440812)
(1.3604536 0 -0.069823778)
(1.3604536 0 -0.075498315)
(1.3604536 0 -0.081444106)
(1.3604536 0 -0.087674119)
(1.3604536 0 -0.094201938)
(1.3604536 0 -0.1010418)
(1.3604536 0 -0.10820862)
(1.3604536 0 -0.11571803)
(1.3604536 0 -0.12358641)
(1.3604536 0 -0.13183091)
(1.3604536 0 -0.14046952)
(1.3604536 0 -0.14952106)
(1.3604536 0 -0.15900529)
(1.3604536 0 -0.16894289)
(1.3604536 0 -0.17935552)
(1.3604536 0 -0.1902659)
(1.3604536 0 -0.20169782)
(1.3604536 0 -0.2136762)
(1.3604536 0 -0.22622718)
(1.3604536 0 -0.23937812)
(1.3604536 0 -0.2531577)
(1.3604536 0 -0.26759597)
(1.3604536 0 -0.28272442)
(1.3604536 0 -0.29857604)
(1.3604536 0 -0.31518541)
(1.4013653 0 -0.059239532)
(1.4013653 0 -0.06440812)
(1.4013653 0 -0.069823778)
(1.4013653 0 -0.075498315)
(1.4013653 0 -0.081444106)
(1.4013653 0 -0.087674119)
(1.4013653 0 -0.094201938)
(1.4013653 0 -0.1010418)
(1.4013653 0 -0.10820862)
(1.4013653 0 -0.11571803)
(1.4013653 0 -0.12358641)
(1.4013653 0 -0.13183091)
(1.4013653 0 -0.14046952)
(1.4013653 0 -0.14952106)
(1.4013653 0 -0.15900529)
(1.4013653 0 -0.16894289)
(1.4013653 0 -0.17935552)
(1.4013653 0 -0.1902659)
(1.4013653 0 -0.20169782)
(1.4013653 0 -0.2136762)
(1.4013653 0 -0.22622718)
(1.4013653 0 -0.23937812)
(1.4013653 0 -0.2531577)
(1.4013653 0 -0.26759597)
(1.4013653 0 -0.28272442)
(1.4013653 0 -0.29857604)
(1.4013653 0 -0.31518541)
(1 -0.1 -1.66533e-17)
(0.97680099 -0.1 -0.0033219873)
(0.97680084 -0.1 -0.0056549238)
(1 -0.1 -0.0023368179)
(0.97680067 -0.1 -0.0080993793)
(1 -0.1 -0.0047853404)
(0.9768005 -0.1 -0.010660685)
(1 -0.1 -0.0073509073)
(0.97680032 -0.1 -0.013344426)
(1 -0.1 -0.010039114)
(0.97680013 -0.1 -0.016156455)
(1 -0.1 -0.012855822)
(0.97679993 -0.1 -0.019102906)
(1 -0.1 -0.015807174)
(0.97679972 -0.1 -0.022190202)
(1 -0.1 -0.018899607)
(0.97679951 -0.1 -0.025425078)
(1 -0.1 -0.022139865)
(0.97679928 -0.1 -0.028814587)
(1 -0.1 -0.025535013)
(0.97679904 -0.1 -0.032366122)
(1 -0.1 -0.029092457)
(0.97679879 -0.1 -0.036087427)
(1 -0.1 -0.032819954)
(0.97679853 -0.1 -0.039986619)
(1 -0.1 -0.036725632)
(0.97679825 -0.1 -0.044072199)
(1 -0.1 -0.04081801)
(0.97679796 -0.1 -0.048353079)
(1 -0.1 -0.045106013)
(0.97679766 -0.1 -0.052838594)
(1 -0.1 -0.04959899)
(0.97679735 -0.1 -0.057538525)
(1 -0.1 -0.054306741)
(0.97679701 -0.1 -0.062463123)
(1 -0.1 -0.059239532)
(0.97679667 -0.1 -0.067623126)
(1 -0.1 -0.06440812)
(0.9767963 -0.1 -0.073029788)
(1 -0.1 -0.069823778)
(0.97679592 -0.1 -0.0786949)
(1 -0.1 -0.075498315)
(0.97679552 -0.1 -0.084630815)
(1 -0.1 -0.081444106)
(0.9767951 -0.1 -0.09085048)
(1 -0.1 -0.087674119)
(0.97679467 -0.1 -0.097367457)
(1 -0.1 -0.094201938)
(0.97679421 -0.1 -0.10419596)
(1 -0.1 -0.1010418)
(0.97679373 -0.1 -0.11135088)
(1 -0.1 -0.10820862)
(0.97679322 -0.1 -0.11884781)
(1 -0.1 -0.11571803)
(0.97679269 -0.1 -0.12670312)
(1 -0.1 -0.12358641)
(0.97679214 -0.1 -0.13493393)
(1 -0.1 -0.13183091)
(0.97679156 -0.1 -0.14355818)
(1 -0.1 -0.14046952)
(0.97679095 -0.1 -0.1525947)
(1 -0.1 -0.14952106)
(0.97679031 -0.1 -0.16206317)
(1 -0.1 -0.15900529)
(0.97678965 -0.1 -0.17198426)
(1 -0.1 -0.16894289)
(0.97678895 -0.1 -0.1823796)
(1 -0.1 -0.17935552)
(0.97678821 -0.1 -0.19327186)
(1 -0.1 -0.1902659)
(0.97678745 -0.1 -0.20468478)
(1 -0.1 -0.20169782)
(0.97678664 -0.1 -0.21664327)
(1 -0.1 -0.2136762)
(0.9767858 -0.1 -0.2291734)
(1 -0.1 -0.22622718)
(0.97678492 -0.1 -0.2423025)
(1 -0.1 -0.23937812)
(0.97678399 -0.1 -0.25605919)
(1 -0.1 -0.2531577)
(0.97678302 -0.1 -0.27047348)
(1 -0.1 -0.26759597)
(0.976782 -0.1 -0.28557681)
(1 -0.1 -0.28272442)
(0.97678094 -0.1 -0.3014021)
(1 -0.1 -0.29857604)
(0.97677982 -0.1 -0.31798387)
(1 -0.1 -0.31518541)
(0.95358857 -0.1 -0.0065488667)
(0.95358827 -0.1 -0.0088780328)
(0.95358795 -0.1 -0.011318538)
(0.95358763 -0.1 -0.013875704)
(0.95358728 -0.1 -0.016555108)
(0.95358692 -0.1 -0.019362593)
(0.95358655 -0.1 -0.022304281)
(0.95358615 -0.1 -0.025386588)
(0.95358574 -0.1 -0.028616236)
(0.95358531 -0.1 -0.032000267)
(0.95358485 -0.1 -0.035546062)
(0.95358438 -0.1 -0.039261354)
(0.95358388 -0.1 -0.043154243)
(0.95358336 -0.1 -0.047233221)
(0.95358281 -0.1 -0.051507183)
(0.95358224 -0.1 -0.055985448)
(0.95358164 -0.1 -0.060677784)
(0.95358101 -0.1 -0.065594422)
(0.95358035 -0.1 -0.070746087)
(0.95357965 -0.1 -0.076144011)
(0.95357893 -0.1 -0.081799967)
(0.95357817 -0.1 -0.08772629)
(0.95357738 -0.1 -0.093935902)
(0.95357654 -0.1 -0.10044235)
(0.95357567 -0.1 -0.10725981)
(0.95357476 -0.1 -0.11440317)
(0.9535738 -0.1 -0.12188799)
(0.95357279 -0.1 -0.1297306)
(0.95357174 -0.1 -0.13794811)
(0.95357064 -0.1 -0.14655842)
(0.95356948 -0.1 -0.15558033)
(0.95356827 -0.1 -0.16503351)
(0.95356701 -0.1 -0.17493856)
(0.95356568 -0.1 -0.1853171)
(0.95356428 -0.1 -0.19619175)
(0.95356283 -0.1 -0.20758624)
(0.9535613 -0.1 -0.2195254)
(0.9535597 -0.1 -0.23203528)
(0.95355802 -0.1 -0.24514316)
(0.95355626 -0.1 -0.25887762)
(0.95355442 -0.1 -0.27326861)
(0.95355249 -0.1 -0.28834753)
(0.95355046 -0.1 -0.30414724)
(0.95354834 -0.1 -0.32070222)
(0.93036365 -0.1 -0.0096846148)
(0.93036323 -0.1 -0.012010117)
(0.93036278 -0.1 -0.014446783)
(0.93036232 -0.1 -0.016999927)
(0.93036183 -0.1 -0.019675116)
(0.93036131 -0.1 -0.022478185)
(0.93036078 -0.1 -0.025415246)
(0.93036022 -0.1 -0.028492704)
(0.93035963 -0.1 -0.031717271)
(0.93035901 -0.1 -0.03509598)
(0.93035836 -0.1 -0.038636197)
(0.93035768 -0.1 -0.042345644)
(0.93035697 -0.1 -0.04623241)
(0.93035623 -0.1 -0.050304972)
(0.93035545 -0.1 -0.05457221)
(0.93035463 -0.1 -0.059043431)
(0.93035378 -0.1 -0.063728386)
(0.93035288 -0.1 -0.068637291)
(0.93035194 -0.1 -0.073780851)
(0.93035096 -0.1 -0.079170284)
(0.93034992 -0.1 -0.084817343)
(0.93034884 -0.1 -0.090734344)
(0.93034771 -0.1 -0.096934188)
(0.93034652 -0.1 -0.1034304)
(0.93034528 -0.1 -0.11023714)
(0.93034398 -0.1 -0.11736926)
(0.93034261 -0.1 -0.12484231)
(0.93034118 -0.1 -0.13267258)
(0.93033968 -0.1 -0.14087716)
(0.93033811 -0.1 -0.14947393)
(0.93033647 -0.1 -0.15848165)
(0.93033474 -0.1 -0.16791996)
(0.93033293 -0.1 -0.17780943)
(0.93033104 -0.1 -0.18817164)
(0.93032906 -0.1 -0.19902919)
(0.93032698 -0.1 -0.21040575)
(0.9303248 -0.1 -0.22232613)
(0.93032252 -0.1 -0.23481633)
(0.93032013 -0.1 -0.24790359)
(0.93031762 -0.1 -0.26161645)
(0.930315 -0.1 -0.2759848)
(0.93031225 -0.1 -0.29104)
(0.93030936 -0.1 -0.30681486)
(0.93030634 -0.1 -0.3233438)
(0.90712709 -0.1 -0.012732852)
(0.90712655 -0.1 -0.015054793)
(0.90712599 -0.1 -0.017487727)
(0.9071254 -0.1 -0.02003696)
(0.90712478 -0.1 -0.022708052)
(0.90712413 -0.1 -0.025506828)
(0.90712345 -0.1 -0.028439391)
(0.90712274 -0.1 -0.031512136)
(0.90712199 -0.1 -0.034731765)
(0.90712121 -0.1 -0.038105298)
(0.90712039 -0.1 -0.041640094)
(0.90711953 -0.1 -0.04534386)
(0.90711864 -0.1 -0.049224673)
(0.90711769 -0.1 -0.053290997)
(0.90711671 -0.1 -0.0575517)
(0.90711567 -0.1 -0.062016073)
(0.90711459 -0.1 -0.066693853)
(0.90711345 -0.1 -0.07159524)
(0.90711226 -0.1 -0.076730923)
(0.90711102 -0.1 -0.082112102)
(0.90710971 -0.1 -0.087750512)
(0.90710834 -0.1 -0.09365845)
(0.90710691 -0.1 -0.0998488)
(0.9071054 -0.1 -0.10633506)
(0.90710383 -0.1 -0.11313138)
(0.90710218 -0.1 -0.12025257)
(0.90710045 -0.1 -0.12771418)
(0.90709864 -0.1 -0.13553246)
(0.90709674 -0.1 -0.14372447)
(0.90709475 -0.1 -0.15230808)
(0.90709267 -0.1 -0.161302)
(0.90709049 -0.1 -0.17072585)
(0.9070882 -0.1 -0.18060018)
(0.9070858 -0.1 -0.19094652)
(0.90708329 -0.1 -0.20178744)
(0.90708066 -0.1 -0.21314657)
(0.9070779 -0.1 -0.2250487)
(0.90707501 -0.1 -0.23751977)
(0.90707198 -0.1 -0.25058699)
(0.90706881 -0.1 -0.26427884)
(0.90706549 -0.1 -0.27862519)
(0.907062 -0.1 -0.29365733)
(0.90705835 -0.1 -0.30940803)
(0.90705453 -0.1 -0.32591165)
(0.88387961 -0.1 -0.015696668)
(0.88387897 -0.1 -0.018015146)
(0.8838783 -0.1 -0.020444452)
(0.8838776 -0.1 -0.022989883)
(0.88387687 -0.1 -0.025656992)
(0.8838761 -0.1 -0.028451593)
(0.88387529 -0.1 -0.031379782)
(0.88387445 -0.1 -0.034447945)
(0.88387356 -0.1 -0.037662772)
(0.88387264 -0.1 -0.041031274)
(0.88387166 -0.1 -0.044560798)
(0.88387065 -0.1 -0.04825904)
(0.88386958 -0.1 -0.052134066)
(0.88386846 -0.1 -0.056194325)
(0.88386729 -0.1 -0.060448674)
(0.88386606 -0.1 -0.064906389)
(0.88386478 -0.1 -0.069577192)
(0.88386343 -0.1 -0.074471268)
(0.88386202 -0.1 -0.079599292)
(0.88386054 -0.1 -0.084972446)
(0.88385899 -0.1 -0.090602447)
(0.88385736 -0.1 -0.096501574)
(0.88385566 -0.1 -0.10268269)
(0.88385388 -0.1 -0.10915928)
(0.88385201 -0.1 -0.11594546)
(0.88385005 -0.1 -0.12305603)
(0.883848 -0.1 -0.13050651)
(0.88384585 -0.1 -0.13831313)
(0.8838436 -0.1 -0.14649293)
(0.88384124 -0.1 -0.15506373)
(0.88383877 -0.1 -0.16404424)
(0.88383618 -0.1 -0.17345404)
(0.88383347 -0.1 -0.18331364)
(0.88383062 -0.1 -0.19364455)
(0.88382764 -0.1 -0.2044693)
(0.88382452 -0.1 -0.21581149)
(0.88382125 -0.1 -0.22769587)
(0.88381782 -0.1 -0.24014834)
(0.88381423 -0.1 -0.25319607)
(0.88381046 -0.1 -0.2668675)
(0.88380652 -0.1 -0.28119246)
(0.88380239 -0.1 -0.29620217)
(0.88379806 -0.1 -0.31192939)
(0.88379352 -0.1 -0.32840839)
(0.86062185 -0.1 -0.018578673)
(0.86062112 -0.1 -0.020893784)
(0.86062036 -0.1 -0.023319561)
(0.86061956 -0.1 -0.025861295)
(0.86061872 -0.1 -0.02852453)
(0.86061785 -0.1 -0.031315073)
(0.86061693 -0.1 -0.034239009)
(0.86061597 -0.1 -0.037302715)
(0.86061496 -0.1 -0.040512873)
(0.86061391 -0.1 -0.043876483)
(0.8606128 -0.1 -0.047400881)
(0.86061164 -0.1 -0.051093751)
(0.86061043 -0.1 -0.054963149)
(0.86060915 -0.1 -0.059017511)
(0.86060782 -0.1 -0.063265681)
(0.86060642 -0.1 -0.067716921)
(0.86060496 -0.1 -0.07238094)
(0.86060343 -0.1 -0.077267909)
(0.86060182 -0.1 -0.082388485)
(0.86060014 -0.1 -0.087753834)
(0.86059837 -0.1 -0.093375659)
(0.86059652 -0.1 -0.099266218)
(0.86059459 -0.1 -0.10543836)
(0.86059256 -0.1 -0.11190554)
(0.86059043 -0.1 -0.11868186)
(0.8605882 -0.1 -0.12578211)
(0.86058587 -0.1 -0.13322176)
(0.86058342 -0.1 -0.14101705)
(0.86058086 -0.1 -0.14918496)
(0.86057817 -0.1 -0.15774332)
(0.86057536 -0.1 -0.16671079)
(0.86057241 -0.1 -0.17610691)
(0.86056932 -0.1 -0.18595219)
(0.86056608 -0.1 -0.1962681)
(0.86056269 -0.1 -0.20707713)
(0.86055913 -0.1 -0.21840285)
(0.86055541 -0.1 -0.23026996)
(0.86055151 -0.1 -0.24270435)
(0.86054742 -0.1 -0.25573313)
(0.86054313 -0.1 -0.2693847)
(0.86053864 -0.1 -0.28368885)
(0.86053394 -0.1 -0.29867677)
(0.86052901 -0.1 -0.31438114)
(0.86052385 -0.1 -0.33083622)
(0.83735434 -0.1 -0.021380948)
(0.83735354 -0.1 -0.023692784)
(0.8373527 -0.1 -0.02611513)
(0.83735181 -0.1 -0.02865327)
(0.83735089 -0.1 -0.031312738)
(0.83734992 -0.1 -0.034099334)
(0.83734891 -0.1 -0.037019135)
(0.83734784 -0.1 -0.040078509)
(0.83734673 -0.1 -0.043284127)
(0.83734556 -0.1 -0.04664298)
(0.83734434 -0.1 -0.050162392)
(0.83734306 -0.1 -0.05385004)
(0.83734171 -0.1 -0.057713966)
(0.83734031 -0.1 -0.061762594)
(0.83733883 -0.1 -0.066004755)
(0.83733729 -0.1 -0.070449701)
(0.83733567 -0.1 -0.075107124)
(0.83733397 -0.1 -0.079987181)
(0.8373322 -0.1 -0.085100514)
(0.83733033 -0.1 -0.090458276)
(0.83732838 -0.1 -0.09607215)
(0.83732634 -0.1 -0.10195438)
(0.8373242 -0.1 -0.10811779)
(0.83732195 -0.1 -0.11457582)
(0.8373196 -0.1 -0.12134256)
(0.83731713 -0.1 -0.12843277)
(0.83731455 -0.1 -0.1358619)
(0.83731185 -0.1 -0.14364616)
(0.83730901 -0.1 -0.15180252)
(0.83730604 -0.1 -0.16034878)
(0.83730293 -0.1 -0.16930356)
(0.83729967 -0.1 -0.1786864)
(0.83729625 -0.1 -0.18851776)
(0.83729267 -0.1 -0.19881907)
(0.83728892 -0.1 -0.20961281)
(0.83728499 -0.1 -0.22092252)
(0.83728087 -0.1 -0.23277285)
(0.83727656 -0.1 -0.24518965)
(0.83727203 -0.1 -0.2582)
(0.8372673 -0.1 -0.27183227)
(0.83726233 -0.1 -0.28611619)
(0.83725713 -0.1 -0.30108291)
(0.83725168 -0.1 -0.31676507)
(0.83724597 -0.1 -0.33319687)
(0.81407758 -0.1 -0.024105302)
(0.81407671 -0.1 -0.026413955)
(0.8140758 -0.1 -0.028832966)
(0.81407485 -0.1 -0.031367611)
(0.81407385 -0.1 -0.034023418)
(0.8140728 -0.1 -0.036806177)
(0.8140717 -0.1 -0.039721958)
(0.81407055 -0.1 -0.042777119)
(0.81406934 -0.1 -0.045978323)
(0.81406808 -0.1 -0.049332551)
(0.81406676 -0.1 -0.052847118)
(0.81406537 -0.1 -0.056529688)
(0.81406392 -0.1 -0.060388293)
(0.81406239 -0.1 -0.064431347)
(0.8140608 -0.1 -0.068667667)
(0.81405913 -0.1 -0.073106492)
(0.81405737 -0.1 -0.077757502)
(0.81405554 -0.1 -0.08263084)
(0.81405362 -0.1 -0.087737133)
(0.8140516 -0.1 -0.093087518)
(0.81404949 -0.1 -0.098693662)
(0.81404728 -0.1 -0.10456779)
(0.81404496 -0.1 -0.11072271)
(0.81404253 -0.1 -0.11717186)
(0.81403998 -0.1 -0.12392928)
(0.81403732 -0.1 -0.13100972)
(0.81403452 -0.1 -0.13842863)
(0.81403159 -0.1 -0.14620217)
(0.81402853 -0.1 -0.1543473)
(0.81402531 -0.1 -0.16288179)
(0.81402194 -0.1 -0.17182424)
(0.81401841 -0.1 -0.18119416)
(0.81401472 -0.1 -0.19101198)
(0.81401084 -0.1 -0.20129911)
(0.81400678 -0.1 -0.21207799)
(0.81400253 -0.1 -0.22337212)
(0.81399807 -0.1 -0.23520614)
(0.8139934 -0.1 -0.24760584)
(0.8139885 -0.1 -0.26059828)
(0.81398338 -0.1 -0.27421178)
(0.813978 -0.1 -0.28847603)
(0.81397237 -0.1 -0.30342215)
(0.81396648 -0.1 -0.31908271)
(0.8139603 -0.1 -0.33549189)
(0.79079194 -0.1 -0.026752645)
(0.79079102 -0.1 -0.029058204)
(0.79079005 -0.1 -0.031473975)
(0.79078903 -0.1 -0.034005224)
(0.79078797 -0.1 -0.036657472)
(0.79078685 -0.1 -0.039436503)
(0.79078568 -0.1 -0.042348377)
(0.79078446 -0.1 -0.045399444)
(0.79078317 -0.1 -0.048596359)
(0.79078183 -0.1 -0.051946093)
(0.79078042 -0.1 -0.055455951)
(0.79077895 -0.1 -0.059133588)
(0.7907774 -0.1 -0.062987023)
(0.79077578 -0.1 -0.06702466)
(0.79077408 -0.1 -0.071255305)
(0.7907723 -0.1 -0.075688182)
(0.79077044 -0.1 -0.080332961)
(0.79076848 -0.1 -0.085199769)
(0.79076644 -0.1 -0.090299221)
(0.79076429 -0.1 -0.095642437)
(0.79076205 -0.1 -0.10124107)
(0.79075969 -0.1 -0.10710733)
(0.79075723 -0.1 -0.11325401)
(0.79075464 -0.1 -0.11969451)
(0.79075193 -0.1 -0.12644288)
(0.79074909 -0.1 -0.13351383)
(0.79074612 -0.1 -0.1409228)
(0.790743 -0.1 -0.14868592)
(0.79073974 -0.1 -0.15682014)
(0.79073632 -0.1 -0.16534319)
(0.79073274 -0.1 -0.17427367)
(0.79072898 -0.1 -0.18363103)
(0.79072505 -0.1 -0.1934357)
(0.79072092 -0.1 -0.20370905)
(0.7907166 -0.1 -0.21447349)
(0.79071208 -0.1 -0.22575249)
(0.79070733 -0.1 -0.23757064)
(0.79070236 -0.1 -0.24995374)
(0.79069715 -0.1 -0.26292876)
(0.7906917 -0.1 -0.27652402)
(0.79068598 -0.1 -0.29076917)
(0.79067999 -0.1 -0.30569525)
(0.79067371 -0.1 -0.32133484)
(0.79066714 -0.1 -0.33772203)
(0.76749776 -0.1 -0.029323799)
(0.76749679 -0.1 -0.031626355)
(0.76749578 -0.1 -0.034038977)
(0.76749471 -0.1 -0.036566928)
(0.76749359 -0.1 -0.03921572)
(0.76749242 -0.1 -0.04199113)
(0.7674912 -0.1 -0.04489921)
(0.76748991 -0.1 -0.047946302)
(0.76748856 -0.1 -0.051139051)
(0.76748715 -0.1 -0.05448442)
(0.76748567 -0.1 -0.057989705)
(0.76748413 -0.1 -0.06166255)
(0.7674825 -0.1 -0.065510964)
(0.7674808 -0.1 -0.06954334)
(0.76747902 -0.1 -0.073768472)
(0.76747715 -0.1 -0.078195573)
(0.7674752 -0.1 -0.0828343)
(0.76747315 -0.1 -0.087694767)
(0.767471 -0.1 -0.092787574)
(0.76746875 -0.1 -0.098123827)
(0.76746639 -0.1 -0.10371516)
(0.76746392 -0.1 -0.10957378)
(0.76746133 -0.1 -0.11571245)
(0.76745862 -0.1 -0.12214456)
(0.76745578 -0.1 -0.12888414)
(0.7674528 -0.1 -0.13594588)
(0.76744968 -0.1 -0.14334519)
(0.76744641 -0.1 -0.1510982)
(0.76744298 -0.1 -0.15922182)
(0.76743939 -0.1 -0.16773376)
(0.76743563 -0.1 -0.1766526)
(0.76743169 -0.1 -0.18599777)
(0.76742756 -0.1 -0.19578966)
(0.76742323 -0.1 -0.20604963)
(0.7674187 -0.1 -0.21680004)
(0.76741395 -0.1 -0.22806434)
(0.76740897 -0.1 -0.2398671)
(0.76740376 -0.1 -0.25223406)
(0.76739829 -0.1 -0.26519218)
(0.76739256 -0.1 -0.27876972)
(0.76738656 -0.1 -0.2929963)
(0.76738028 -0.1 -0.30790294)
(0.76737369 -0.1 -0.32352215)
(0.76736679 -0.1 -0.33988799)
(0.74419529 -0.1 -0.031818644)
(0.74419428 -0.1 -0.034118284)
(0.74419323 -0.1 -0.036527853)
(0.74419212 -0.1 -0.039052603)
(0.74419096 -0.1 -0.041698042)
(0.74418975 -0.1 -0.044469938)
(0.74418848 -0.1 -0.047374336)
(0.74418714 -0.1 -0.050417571)
(0.74418575 -0.1 -0.053606278)
(0.74418428 -0.1 -0.056947412)
(0.74418275 -0.1 -0.060448259)
(0.74418115 -0.1 -0.064116454)
(0.74417946 -0.1 -0.067959996)
(0.7441777 -0.1 -0.071987267)
(0.74417585 -0.1 -0.07620705)
(0.74417391 -0.1 -0.080628547)
(0.74417188 -0.1 -0.085261401)
(0.74416976 -0.1 -0.090115715)
(0.74416753 -0.1 -0.095202074)
(0.7441652 -0.1 -0.10053157)
(0.74416275 -0.1 -0.10611583)
(0.74416019 -0.1 -0.11196703)
(0.7441575 -0.1 -0.11809793)
(0.74415469 -0.1 -0.12452189)
(0.74415174 -0.1 -0.13125294)
(0.74414865 -0.1 -0.13830574)
(0.74414542 -0.1 -0.14569568)
(0.74414203 -0.1 -0.15343888)
(0.74413847 -0.1 -0.16155221)
(0.74413475 -0.1 -0.17005338)
(0.74413085 -0.1 -0.17896093)
(0.74412676 -0.1 -0.18829427)
(0.74412248 -0.1 -0.19807377)
(0.74411799 -0.1 -0.20832074)
(0.74411329 -0.1 -0.21905754)
(0.74410836 -0.1 -0.23030758)
(0.7441032 -0.1 -0.2420954)
(0.74409779 -0.1 -0.2544467)
(0.74409212 -0.1 -0.26738842)
(0.74408618 -0.1 -0.28094877)
(0.74407996 -0.1 -0.29515734)
(0.74407344 -0.1 -0.31004511)
(0.74406661 -0.1 -0.32564455)
(0.74405945 -0.1 -0.34198966)
(0.72088473 -0.1 -0.034236814)
(0.7208837 -0.1 -0.036533629)
(0.72088262 -0.1 -0.038940237)
(0.72088148 -0.1 -0.041461885)
(0.72088029 -0.1 -0.044104074)
(0.72087905 -0.1 -0.046872564)
(0.72087774 -0.1 -0.049773394)
(0.72087637 -0.1 -0.052812889)
(0.72087494 -0.1 -0.055997679)
(0.72087344 -0.1 -0.059334708)
(0.72087186 -0.1 -0.062831254)
(0.72087022 -0.1 -0.066494942)
(0.72086849 -0.1 -0.070333762)
(0.72086668 -0.1 -0.074356085)
(0.72086478 -0.1 -0.078570683)
(0.72086279 -0.1 -0.082986748)
(0.72086071 -0.1 -0.087613909)
(0.72085853 -0.1 -0.092462259)
(0.72085624 -0.1 -0.097542369)
(0.72085385 -0.1 -0.10286532)
(0.72085134 -0.1 -0.10844272)
(0.72084871 -0.1 -0.11428673)
(0.72084595 -0.1 -0.12041009)
(0.72084306 -0.1 -0.12682616)
(0.72084004 -0.1 -0.13354894)
(0.72083687 -0.1 -0.14059308)
(0.72083354 -0.1 -0.14797394)
(0.72083006 -0.1 -0.15570762)
(0.72082642 -0.1 -0.16381099)
(0.7208226 -0.1 -0.17230172)
(0.72081859 -0.1 -0.18119831)
(0.7208144 -0.1 -0.19052019)
(0.72081 -0.1 -0.20028767)
(0.72080539 -0.1 -0.21052205)
(0.72080057 -0.1 -0.22124566)
(0.72079551 -0.1 -0.23248188)
(0.72079021 -0.1 -0.24425522)
(0.72078466 -0.1 -0.25659134)
(0.72077884 -0.1 -0.26951716)
(0.72077275 -0.1 -0.28306085)
(0.72076636 -0.1 -0.29725197)
(0.72075967 -0.1 -0.31212144)
(0.72075265 -0.1 -0.32770171)
(0.72074531 -0.1 -0.34402675)
(0.69756624 -0.1 -0.036577146)
(0.69756518 -0.1 -0.038871227)
(0.69756408 -0.1 -0.04127497)
(0.69756293 -0.1 -0.043793616)
(0.69756172 -0.1 -0.046432659)
(0.69756045 -0.1 -0.049197853)
(0.69755913 -0.1 -0.05209523)
(0.69755773 -0.1 -0.055131107)
(0.69755628 -0.1 -0.058312105)
(0.69755475 -0.1 -0.061645161)
(0.69755315 -0.1 -0.065137544)
(0.69755147 -0.1 -0.06879687)
(0.69754972 -0.1 -0.072631119)
(0.69754788 -0.1 -0.076648654)
(0.69754595 -0.1 -0.080858234)
(0.69754393 -0.1 -0.085269041)
(0.69754181 -0.1 -0.089890694)
(0.69753959 -0.1 -0.094733272)
(0.69753727 -0.1 -0.099807334)
(0.69753483 -0.1 -0.10512395)
(0.69753228 -0.1 -0.1106947)
(0.6975296 -0.1 -0.11653176)
(0.6975268 -0.1 -0.12264783)
(0.69752387 -0.1 -0.12905627)
(0.69752079 -0.1 -0.13577104)
(0.69751757 -0.1 -0.14280679)
(0.69751419 -0.1 -0.15017886)
(0.69751065 -0.1 -0.15790334)
(0.69750694 -0.1 -0.16599706)
(0.69750305 -0.1 -0.17447768)
(0.69749898 -0.1 -0.18336368)
(0.69749472 -0.1 -0.19267446)
(0.69749025 -0.1 -0.20243031)
(0.69748556 -0.1 -0.21265251)
(0.69748066 -0.1 -0.22336335)
(0.69747552 -0.1 -0.2345862)
(0.69747013 -0.1 -0.24634552)
(0.69746448 -0.1 -0.25866695)
(0.69745857 -0.1 -0.27157738)
(0.69745237 -0.1 -0.28510495)
(0.69744588 -0.1 -0.29927917)
(0.69743907 -0.1 -0.31413094)
(0.69743194 -0.1 -0.32969266)
(0.69742447 -0.1 -0.34599826)
(0.67423989 -0.1 -0.038837976)
(0.67423884 -0.1 -0.041129415)
(0.67423773 -0.1 -0.04353039)
(0.67423656 -0.1 -0.046046136)
(0.67423534 -0.1 -0.04868214)
(0.67423407 -0.1 -0.05144415)
(0.67423273 -0.1 -0.05433819)
(0.67423133 -0.1 -0.057370572)
(0.67422986 -0.1 -0.060547907)
(0.67422832 -0.1 -0.063877125)
(0.67422671 -0.1 -0.067365487)
(0.67422502 -0.1 -0.071020599)
(0.67422325 -0.1 -0.074850434)
(0.67422139 -0.1 -0.078863342)
(0.67421945 -0.1 -0.083068075)
(0.67421741 -0.1 -0.087473804)
(0.67421528 -0.1 -0.092090135)
(0.67421304 -0.1 -0.096927136)
(0.6742107 -0.1 -0.10199536)
(0.67420824 -0.1 -0.10730585)
(0.67420567 -0.1 -0.11287019)
(0.67420298 -0.1 -0.11870052)
(0.67420015 -0.1 -0.12480955)
(0.67419719 -0.1 -0.13121061)
(0.67419409 -0.1 -0.13791765)
(0.67419085 -0.1 -0.1449453)
(0.67418744 -0.1 -0.15230888)
(0.67418388 -0.1 -0.16002446)
(0.67418014 -0.1 -0.16810886)
(0.67417622 -0.1 -0.17657972)
(0.67417212 -0.1 -0.18545549)
(0.67416782 -0.1 -0.19475555)
(0.67416332 -0.1 -0.20450016)
(0.6741586 -0.1 -0.2147106)
(0.67415365 -0.1 -0.2254091)
(0.67414847 -0.1 -0.23661902)
(0.67414304 -0.1 -0.2483648)
(0.67413735 -0.1 -0.26067205)
(0.67413139 -0.1 -0.27356761)
(0.67412514 -0.1 -0.28707961)
(0.6741186 -0.1 -0.3012375)
(0.67411174 -0.1 -0.31607218)
(0.67410456 -0.1 -0.33161598)
(0.67409703 -0.1 -0.3479028)
(0.65090578 -0.1 -0.041017166)
(0.65090473 -0.1 -0.043306059)
(0.65090362 -0.1 -0.045704366)
(0.65090246 -0.1 -0.048217316)
(0.65090124 -0.1 -0.050850391)
(0.65089996 -0.1 -0.053609333)
(0.65089863 -0.1 -0.056500157)
(0.65089723 -0.1 -0.059529169)
(0.65089576 -0.1 -0.062702973)
(0.65089422 -0.1 -0.066028492)
(0.65089261 -0.1 -0.069512978)
(0.65089092 -0.1 -0.073164029)
(0.65088915 -0.1 -0.076989607)
(0.6508873 -0.1 -0.080998057)
(0.65088536 -0.1 -0.085198118)
(0.65088332 -0.1 -0.089598951)
(0.65088119 -0.1 -0.094210152)
(0.65087896 -0.1 -0.099041779)
(0.65087661 -0.1 -0.10410437)
(0.65087416 -0.1 -0.10940896)
(0.65087159 -0.1 -0.11496712)
(0.6508689 -0.1 -0.12079097)
(0.65086608 -0.1 -0.12689321)
(0.65086312 -0.1 -0.13328716)
(0.65086002 -0.1 -0.13998674)
(0.65085678 -0.1 -0.14700658)
(0.65085338 -0.1 -0.15436199)
(0.65084981 -0.1 -0.16206899)
(0.65084608 -0.1 -0.17014441)
(0.65084217 -0.1 -0.17860585)
(0.65083807 -0.1 -0.18747176)
(0.65083377 -0.1 -0.19676149)
(0.65082927 -0.1 -0.20649528)
(0.65082456 -0.1 -0.21669436)
(0.65081961 -0.1 -0.22738098)
(0.65081444 -0.1 -0.23857845)
(0.65080901 -0.1 -0.25031117)
(0.65080333 -0.1 -0.26260475)
(0.65079737 -0.1 -0.27548598)
(0.65079113 -0.1 -0.28898296)
(0.65078459 -0.1 -0.30312512)
(0.65077774 -0.1 -0.31794331)
(0.65077056 -0.1 -0.33346984)
(0.65076304 -0.1 -0.34973857)
(0.62756392 -0.1 -0.043111711)
(0.62756288 -0.1 -0.045398157)
(0.62756178 -0.1 -0.047793899)
(0.62756063 -0.1 -0.050304163)
(0.62755942 -0.1 -0.052934423)
(0.62755816 -0.1 -0.055690414)
(0.62755683 -0.1 -0.058578148)
(0.62755545 -0.1 -0.061603921)
(0.62755399 -0.1 -0.064774332)
(0.62755247 -0.1 -0.068096295)
(0.62755087 -0.1 -0.071577055)
(0.6275492 -0.1 -0.075224202)
(0.62754745 -0.1 -0.079045691)
(0.62754561 -0.1 -0.083049854)
(0.62754369 -0.1 -0.087245425)
(0.62754167 -0.1 -0.091641552)
(0.62753956 -0.1 -0.096247823)
(0.62753735 -0.1 -0.10107428)
(0.62753503 -0.1 -0.10613146)
(0.6275326 -0.1 -0.11143038)
(0.62753005 -0.1 -0.11698259)
(0.62752739 -0.1 -0.12280022)
(0.62752459 -0.1 -0.12889594)
(0.62752166 -0.1 -0.13528305)
(0.62751859 -0.1 -0.14197547)
(0.62751538 -0.1 -0.1489878)
(0.62751201 -0.1 -0.15633534)
(0.62750848 -0.1 -0.16403411)
(0.62750478 -0.1 -0.17210089)
(0.62750091 -0.1 -0.18055329)
(0.62749685 -0.1 -0.18940972)
(0.62749259 -0.1 -0.19868951)
(0.62748813 -0.1 -0.20841289)
(0.62748346 -0.1 -0.21860107)
(0.62747857 -0.1 -0.22927627)
(0.62747344 -0.1 -0.24046176)
(0.62746806 -0.1 -0.25218194)
(0.62746243 -0.1 -0.26446237)
(0.62745653 -0.1 -0.27732983)
(0.62745035 -0.1 -0.29081238)
(0.62744387 -0.1 -0.30493942)
(0.62743709 -0.1 -0.31974177)
(0.62742997 -0.1 -0.33525169)
(0.62742252 -0.1 -0.35150303)
(0.60421432 -0.1 -0.045118037)
(0.60421329 -0.1 -0.047402139)
(0.60421221 -0.1 -0.049795425)
(0.60421108 -0.1 -0.052303115)
(0.60420989 -0.1 -0.054930678)
(0.60420865 -0.1 -0.057683844)
(0.60420735 -0.1 -0.060568617)
(0.60420599 -0.1 -0.063591287)
(0.60420456 -0.1 -0.066758448)
(0.60420307 -0.1 -0.070077005)
(0.6042015 -0.1 -0.073554197)
(0.60419986 -0.1 -0.077197605)
(0.60419814 -0.1 -0.081015175)
(0.60419634 -0.1 -0.085015233)
(0.60419445 -0.1 -0.089206502)
(0.60419247 -0.1 -0.093598122)
(0.6041904 -0.1 -0.098199671)
(0.60418822 -0.1 -0.10302118)
(0.60418595 -0.1 -0.10807317)
(0.60418356 -0.1 -0.11336666)
(0.60418106 -0.1 -0.11891318)
(0.60417844 -0.1 -0.12472484)
(0.6041757 -0.1 -0.13081431)
(0.60417282 -0.1 -0.13719487)
(0.60416981 -0.1 -0.14388043)
(0.60416665 -0.1 -0.15088558)
(0.60416334 -0.1 -0.15822559)
(0.60415988 -0.1 -0.16591646)
(0.60415625 -0.1 -0.17397497)
(0.60415244 -0.1 -0.1824187)
(0.60414845 -0.1 -0.19126605)
(0.60414428 -0.1 -0.20053633)
(0.6041399 -0.1 -0.21024974)
(0.60413531 -0.1 -0.22042747)
(0.60413051 -0.1 -0.23109172)
(0.60412547 -0.1 -0.24226575)
(0.60412019 -0.1 -0.25397391)
(0.60411467 -0.1 -0.26624175)
(0.60410887 -0.1 -0.27909602)
(0.6041028 -0.1 -0.29256475)
(0.60409644 -0.1 -0.30667731)
(0.60408978 -0.1 -0.32146447)
(0.6040828 -0.1 -0.3369585)
(0.60407548 -0.1 -0.35319317)
(0.58085695 -0.1 -0.047031909)
(0.58085595 -0.1 -0.049313775)
(0.5808549 -0.1 -0.051704718)
(0.5808538 -0.1 -0.054209953)
(0.58085265 -0.1 -0.056834944)
(0.58085144 -0.1 -0.059585414)
(0.58085018 -0.1 -0.062467363)
(0.58084885 -0.1 -0.065487074)
(0.58084746 -0.1 -0.068651134)
(0.58084601 -0.1 -0.071966442)
(0.58084448 -0.1 -0.075440229)
(0.58084289 -0.1 -0.079080071)
(0.58084121 -0.1 -0.082893903)
(0.58083946 -0.1 -0.086890045)
(0.58083762 -0.1 -0.091077211)
(0.5808357 -0.1 -0.095464532)
(0.58083368 -0.1 -0.10006158)
(0.58083157 -0.1 -0.10487837)
(0.58082935 -0.1 -0.10992541)
(0.58082703 -0.1 -0.11521371)
(0.5808246 -0.1 -0.12075481)
(0.58082205 -0.1 -0.12656078)
(0.58081938 -0.1 -0.13264429)
(0.58081659 -0.1 -0.1390186)
(0.58081365 -0.1 -0.14569762)
(0.58081058 -0.1 -0.1526959)
(0.58080737 -0.1 -0.16002872)
(0.580804 -0.1 -0.16771207)
(0.58080046 -0.1 -0.17576269)
(0.58079676 -0.1 -0.18419815)
(0.58079288 -0.1 -0.19303684)
(0.58078882 -0.1 -0.20229804)
(0.58078456 -0.1 -0.21200195)
(0.5807801 -0.1 -0.22216971)
(0.58077542 -0.1 -0.23282353)
(0.58077053 -0.1 -0.24398661)
(0.58076539 -0.1 -0.25568331)
(0.58076002 -0.1 -0.26793914)
(0.58075438 -0.1 -0.28078082)
(0.58074848 -0.1 -0.29423636)
(0.58074229 -0.1 -0.30833511)
(0.58073581 -0.1 -0.3231078)
(0.58072902 -0.1 -0.33858665)
(0.5807219 -0.1 -0.35480543)
(0.55749179 -0.1 -0.048848227)
(0.55749083 -0.1 -0.05112797)
(0.55748982 -0.1 -0.05351669)
(0.55748876 -0.1 -0.056019595)
(0.55748765 -0.1 -0.058642144)
(0.55748649 -0.1 -0.061390057)
(0.55748527 -0.1 -0.064269325)
(0.55748399 -0.1 -0.067286228)
(0.55748266 -0.1 -0.070447345)
(0.55748126 -0.1 -0.07375957)
(0.55747979 -0.1 -0.077230127)
(0.55747825 -0.1 -0.080866583)
(0.55747664 -0.1 -0.084676869)
(0.55747495 -0.1 -0.088669294)
(0.55747318 -0.1 -0.092852565)
(0.55747133 -0.1 -0.097235806)
(0.55746939 -0.1 -0.10182857)
(0.55746735 -0.1 -0.10664089)
(0.55746522 -0.1 -0.11168324)
(0.55746299 -0.1 -0.11696662)
(0.55746064 -0.1 -0.12250256)
(0.55745819 -0.1 -0.12830313)
(0.55745562 -0.1 -0.13438098)
(0.55745293 -0.1 -0.14074937)
(0.55745011 -0.1 -0.14742217)
(0.55744715 -0.1 -0.15441395)
(0.55744405 -0.1 -0.16173995)
(0.55744081 -0.1 -0.16941615)
(0.5574374 -0.1 -0.17745929)
(0.55743384 -0.1 -0.1858869)
(0.55743011 -0.1 -0.19471737)
(0.55742619 -0.1 -0.20396996)
(0.55742209 -0.1 -0.21366484)
(0.5574178 -0.1 -0.22382315)
(0.5574133 -0.1 -0.23446705)
(0.55740858 -0.1 -0.24561975)
(0.55740364 -0.1 -0.25730558)
(0.55739846 -0.1 -0.26955001)
(0.55739303 -0.1 -0.28237975)
(0.55738735 -0.1 -0.29582277)
(0.55738139 -0.1 -0.3099084)
(0.55737515 -0.1 -0.32466736)
(0.55736861 -0.1 -0.34013182)
(0.55736176 -0.1 -0.35633551)
(0.53411884 -0.1 -0.050561265)
(0.53411792 -0.1 -0.052839006)
(0.53411696 -0.1 -0.055225629)
(0.53411595 -0.1 -0.057726336)
(0.53411489 -0.1 -0.060346583)
(0.53411379 -0.1 -0.063092083)
(0.53411263 -0.1 -0.065968823)
(0.53411141 -0.1 -0.068983078)
(0.53411014 -0.1 -0.07214142)
(0.53410881 -0.1 -0.075450737)
(0.53410741 -0.1 -0.078918246)
(0.53410595 -0.1 -0.082551509)
(0.53410441 -0.1 -0.08635845)
(0.53410281 -0.1 -0.09034737)
(0.53410112 -0.1 -0.094526969)
(0.53409936 -0.1 -0.098906361)
(0.53409751 -0.1 -0.1034951)
(0.53409557 -0.1 -0.10830318)
(0.53409354 -0.1 -0.11334111)
(0.53409141 -0.1 -0.11861985)
(0.53408918 -0.1 -0.12415093)
(0.53408685 -0.1 -0.12994641)
(0.5340844 -0.1 -0.13601893)
(0.53408184 -0.1 -0.14238172)
(0.53407915 -0.1 -0.14904867)
(0.53407634 -0.1 -0.15603431)
(0.53407339 -0.1 -0.16335387)
(0.5340703 -0.1 -0.17102333)
(0.53406706 -0.1 -0.17905941)
(0.53406367 -0.1 -0.18747962)
(0.53406011 -0.1 -0.19630234)
(0.53405639 -0.1 -0.2055468)
(0.53405248 -0.1 -0.21523317)
(0.53404839 -0.1 -0.22538257)
(0.53404411 -0.1 -0.23601712)
(0.53403962 -0.1 -0.24716003)
(0.53403491 -0.1 -0.2588356)
(0.53402999 -0.1 -0.27106928)
(0.53402482 -0.1 -0.28388775)
(0.53401941 -0.1 -0.29731898)
(0.53401374 -0.1 -0.31139224)
(0.5340078 -0.1 -0.32613823)
(0.53400157 -0.1 -0.34158912)
(0.53399505 -0.1 -0.35777859)
(0.51073808 -0.1 -0.052164328)
(0.51073722 -0.1 -0.054440197)
(0.51073631 -0.1 -0.056824856)
(0.51073537 -0.1 -0.059323508)
(0.51073438 -0.1 -0.0619416)
(0.51073334 -0.1 -0.064684842)
(0.51073225 -0.1 -0.067559217)
(0.51073111 -0.1 -0.070570992)
(0.51072991 -0.1 -0.073726737)
(0.51072866 -0.1 -0.077033333)
(0.51072734 -0.1 -0.080497991)
(0.51072597 -0.1 -0.084128266)
(0.51072453 -0.1 -0.087932076)
(0.51072302 -0.1 -0.091917716)
(0.51072143 -0.1 -0.096093878)
(0.51071978 -0.1 -0.10046967)
(0.51071804 -0.1 -0.10505463)
(0.51071622 -0.1 -0.10985876)
(0.51071431 -0.1 -0.11489254)
(0.51071231 -0.1 -0.12016695)
(0.51071022 -0.1 -0.12569348)
(0.51070802 -0.1 -0.1314842)
(0.51070573 -0.1 -0.13755172)
(0.51070332 -0.1 -0.14390928)
(0.51070079 -0.1 -0.15057074)
(0.51069815 -0.1 -0.15755064)
(0.51069538 -0.1 -0.16486419)
(0.51069247 -0.1 -0.17252734)
(0.51068943 -0.1 -0.1805568)
(0.51068624 -0.1 -0.18897009)
(0.5106829 -0.1 -0.19778556)
(0.5106794 -0.1 -0.20702242)
(0.51067573 -0.1 -0.21670082)
(0.51067189 -0.1 -0.22684187)
(0.51066787 -0.1 -0.23746768)
(0.51066365 -0.1 -0.24860143)
(0.51065923 -0.1 -0.26026739)
(0.51065459 -0.1 -0.27249101)
(0.51064974 -0.1 -0.28529895)
(0.51064466 -0.1 -0.29871913)
(0.51063933 -0.1 -0.31278082)
(0.51063374 -0.1 -0.32751469)
(0.51062789 -0.1 -0.34295286)
(0.51062176 -0.1 -0.35912902)
(0.48734956 -0.1 -0.053649807)
(0.48734876 -0.1 -0.05592394)
(0.48734793 -0.1 -0.058306781)
(0.48734705 -0.1 -0.060803527)
(0.48734613 -0.1 -0.063419622)
(0.48734517 -0.1 -0.066160772)
(0.48734416 -0.1 -0.069032955)
(0.48734311 -0.1 -0.072042434)
(0.487342 -0.1 -0.075195772)
(0.48734084 -0.1 -0.078499846)
(0.48733963 -0.1 -0.081961861)
(0.48733835 -0.1 -0.085589368)
(0.48733702 -0.1 -0.089390278)
(0.48733562 -0.1 -0.093372878)
(0.48733416 -0.1 -0.097545855)
(0.48733262 -0.1 -0.10191831)
(0.48733102 -0.1 -0.10649977)
(0.48732933 -0.1 -0.11130024)
(0.48732757 -0.1 -0.11633019)
(0.48732572 -0.1 -0.12160057)
(0.48732378 -0.1 -0.12712289)
(0.48732175 -0.1 -0.13290918)
(0.48731962 -0.1 -0.13897208)
(0.4873174 -0.1 -0.14532479)
(0.48731506 -0.1 -0.15198117)
(0.48731261 -0.1 -0.15895574)
(0.48731005 -0.1 -0.16626372)
(0.48730736 -0.1 -0.17392102)
(0.48730455 -0.1 -0.18194437)
(0.4873016 -0.1 -0.19035124)
(0.48729851 -0.1 -0.19915998)
(0.48729527 -0.1 -0.2083898)
(0.48729188 -0.1 -0.21806082)
(0.48728832 -0.1 -0.22819413)
(0.48728459 -0.1 -0.23881184)
(0.48728069 -0.1 -0.2499371)
(0.4872766 -0.1 -0.26159416)
(0.48727232 -0.1 -0.27380846)
(0.48726783 -0.1 -0.28660663)
(0.48726312 -0.1 -0.30001657)
(0.48725819 -0.1 -0.31406754)
(0.48725302 -0.1 -0.32879017)
(0.48724761 -0.1 -0.34421658)
(0.48724194 -0.1 -0.3603804)
(0.46395337 -0.1 -0.055009174)
(0.46395265 -0.1 -0.057281719)
(0.46395189 -0.1 -0.059662896)
(0.46395109 -0.1 -0.062157898)
(0.46395026 -0.1 -0.064772166)
(0.46394939 -0.1 -0.067511401)
(0.46394847 -0.1 -0.070381578)
(0.46394751 -0.1 -0.073388955)
(0.46394651 -0.1 -0.076540091)
(0.46394545 -0.1 -0.079841857)
(0.46394435 -0.1 -0.083301455)
(0.4639432 -0.1 -0.086926428)
(0.46394199 -0.1 -0.090724683)
(0.46394072 -0.1 -0.094704502)
(0.46393939 -0.1 -0.098874564)
(0.46393799 -0.1 -0.10324396)
(0.46393653 -0.1 -0.10782223)
(0.46393501 -0.1 -0.11261935)
(0.4639334 -0.1 -0.11764578)
(0.46393172 -0.1 -0.12291248)
(0.46392996 -0.1 -0.12843094)
(0.46392812 -0.1 -0.13421319)
(0.46392619 -0.1 -0.14027185)
(0.46392417 -0.1 -0.14662013)
(0.46392205 -0.1 -0.15327186)
(0.46391982 -0.1 -0.16024156)
(0.4639175 -0.1 -0.16754443)
(0.46391506 -0.1 -0.17519639)
(0.4639125 -0.1 -0.18321413)
(0.46390982 -0.1 -0.19161513)
(0.46390702 -0.1 -0.20041772)
(0.46390408 -0.1 -0.20964109)
(0.463901 -0.1 -0.21930536)
(0.46389777 -0.1 -0.2294316)
(0.46389438 -0.1 -0.24004189)
(0.46389084 -0.1 -0.25115938)
(0.46388713 -0.1 -0.2628083)
(0.46388324 -0.1 -0.27501407)
(0.46387916 -0.1 -0.28780329)
(0.46387489 -0.1 -0.30120387)
(0.46387041 -0.1 -0.31524503)
(0.46386572 -0.1 -0.32995738)
(0.46386081 -0.1 -0.34537301)
(0.46385566 -0.1 -0.36152554)
(0.44054969 -0.1 -0.056232714)
(0.44054904 -0.1 -0.058503829)
(0.44054837 -0.1 -0.060883508)
(0.44054766 -0.1 -0.063376941)
(0.44054693 -0.1 -0.065989564)
(0.44054615 -0.1 -0.068727077)
(0.44054534 -0.1 -0.071595448)
(0.44054449 -0.1 -0.074600933)
(0.4405436 -0.1 -0.077750086)
(0.44054267 -0.1 -0.081049776)
(0.44054169 -0.1 -0.084507197)
(0.44054066 -0.1 -0.08812989)
(0.44053959 -0.1 -0.091925755)
(0.44053847 -0.1 -0.095903071)
(0.44053729 -0.1 -0.10007051)
(0.44053605 -0.1 -0.10443716)
(0.44053476 -0.1 -0.10901255)
(0.4405334 -0.1 -0.11380665)
(0.44053198 -0.1 -0.11882991)
(0.44053049 -0.1 -0.1240933)
(0.44052893 -0.1 -0.12960829)
(0.4405273 -0.1 -0.13538691)
(0.44052559 -0.1 -0.14144176)
(0.44052379 -0.1 -0.14778604)
(0.44052191 -0.1 -0.15443359)
(0.44051994 -0.1 -0.16139891)
(0.44051788 -0.1 -0.16869718)
(0.44051572 -0.1 -0.17634432)
(0.44051345 -0.1 -0.18435702)
(0.44051108 -0.1 -0.19275274)
(0.44050859 -0.1 -0.20154979)
(0.44050598 -0.1 -0.21076736)
(0.44050325 -0.1 -0.22042554)
(0.44050039 -0.1 -0.23054541)
(0.44049739 -0.1 -0.24114903)
(0.44049425 -0.1 -0.25225952)
(0.44049096 -0.1 -0.26390112)
(0.44048751 -0.1 -0.27609921)
(0.44048389 -0.1 -0.28888039)
(0.44048011 -0.1 -0.30227254)
(0.44047614 -0.1 -0.31630486)
(0.44047198 -0.1 -0.33100796)
(0.44046762 -0.1 -0.34641389)
(0.44046306 -0.1 -0.36255626)
(0.41713879 -0.1 -0.057309587)
(0.41713824 -0.1 -0.059579444)
(0.41713766 -0.1 -0.061957805)
(0.41713706 -0.1 -0.064449856)
(0.41713642 -0.1 -0.067061032)
(0.41713576 -0.1 -0.069797028)
(0.41713506 -0.1 -0.07266381)
(0.41713433 -0.1 -0.07566763)
(0.41713357 -0.1 -0.078815039)
(0.41713276 -0.1 -0.0821129)
(0.41713192 -0.1 -0.085568406)
(0.41713104 -0.1 -0.089189092)
(0.41713012 -0.1 -0.092982854)
(0.41712916 -0.1 -0.096957966)
(0.41712814 -0.1 -0.1011231)
(0.41712708 -0.1 -0.10548733)
(0.41712597 -0.1 -0.11006018)
(0.41712481 -0.1 -0.11485162)
(0.41712359 -0.1 -0.11987211)
(0.41712231 -0.1 -0.12513258)
(0.41712097 -0.1 -0.13064451)
(0.41711957 -0.1 -0.13641993)
(0.4171181 -0.1 -0.14247142)
(0.41711655 -0.1 -0.14881219)
(0.41711494 -0.1 -0.15545606)
(0.41711325 -0.1 -0.16241752)
(0.41711148 -0.1 -0.16971175)
(0.41710962 -0.1 -0.17735465)
(0.41710767 -0.1 -0.18536291)
(0.41710563 -0.1 -0.19375398)
(0.4171035 -0.1 -0.20254616)
(0.41710126 -0.1 -0.21175862)
(0.41709891 -0.1 -0.22141145)
(0.41709645 -0.1 -0.23152571)
(0.41709388 -0.1 -0.24212346)
(0.41709118 -0.1 -0.25322779)
(0.41708835 -0.1 -0.26486294)
(0.41708539 -0.1 -0.27705427)
(0.41708228 -0.1 -0.28982837)
(0.41707903 -0.1 -0.3032131)
(0.41707562 -0.1 -0.31723765)
(0.41707205 -0.1 -0.3319326)
(0.41706831 -0.1 -0.34733)
(0.41706439 -0.1 -0.36346342)
(0.39372113 -0.1 -0.058227651)
(0.39372068 -0.1 -0.060496435)
(0.39372021 -0.1 -0.062873672)
(0.39371971 -0.1 -0.065364545)
(0.39371919 -0.1 -0.067974488)
(0.39371864 -0.1 -0.070709191)
(0.39371807 -0.1 -0.073574618)
(0.39371747 -0.1 -0.076577018)
(0.39371684 -0.1 -0.07972294)
(0.39371618 -0.1 -0.083019243)
(0.39371549 -0.1 -0.086473115)
(0.39371477 -0.1 -0.09009209)
(0.39371401 -0.1 -0.09388406)
(0.39371322 -0.1 -0.097857293)
(0.39371239 -0.1 -0.10202046)
(0.39371152 -0.1 -0.10638262)
(0.3937106 -0.1 -0.11095331)
(0.39370965 -0.1 -0.11574249)
(0.39370865 -0.1 -0.1207606)
(0.3937076 -0.1 -0.12601859)
(0.39370649 -0.1 -0.13152792)
(0.39370534 -0.1 -0.13730061)
(0.39370413 -0.1 -0.14334924)
(0.39370287 -0.1 -0.14968701)
(0.39370154 -0.1 -0.15632774)
(0.39370015 -0.1 -0.16328591)
(0.3936987 -0.1 -0.17057669)
(0.39369717 -0.1 -0.17821599)
(0.39369557 -0.1 -0.18622046)
(0.3936939 -0.1 -0.19460756)
(0.39369214 -0.1 -0.20339558)
(0.3936903 -0.1 -0.21260369)
(0.39368838 -0.1 -0.22225197)
(0.39368636 -0.1 -0.23236145)
(0.39368424 -0.1 -0.24295418)
(0.39368202 -0.1 -0.25405327)
(0.3936797 -0.1 -0.26568292)
(0.39367727 -0.1 -0.27786849)
(0.39367472 -0.1 -0.29063656)
(0.39367205 -0.1 -0.30401496)
(0.39366925 -0.1 -0.31803288)
(0.39366631 -0.1 -0.33272088)
(0.39366324 -0.1 -0.348111)
(0.39366002 -0.1 -0.36423681)
(0.37029734 -0.1 -0.058973015)
(0.370297 -0.1 -0.061240928)
(0.37029663 -0.1 -0.063617252)
(0.37029625 -0.1 -0.06610717)
(0.37029585 -0.1 -0.06871611)
(0.37029543 -0.1 -0.071449763)
(0.37029499 -0.1 -0.074314091)
(0.37029453 -0.1 -0.077315339)
(0.37029405 -0.1 -0.080460052)
(0.37029355 -0.1 -0.08375509)
(0.37029302 -0.1 -0.087207637)
(0.37029246 -0.1 -0.090825223)
(0.37029188 -0.1 -0.094615737)
(0.37029127 -0.1 -0.098587445)
(0.37029064 -0.1 -0.10274901)
(0.37028997 -0.1 -0.1071095)
(0.37028927 -0.1 -0.11167844)
(0.37028854 -0.1 -0.11646578)
(0.37028777 -0.1 -0.12148196)
(0.37028696 -0.1 -0.12673793)
(0.37028612 -0.1 -0.13224515)
(0.37028523 -0.1 -0.13801562)
(0.37028431 -0.1 -0.14406193)
(0.37028334 -0.1 -0.15039727)
(0.37028232 -0.1 -0.15703545)
(0.37028126 -0.1 -0.16399094)
(0.37028014 -0.1 -0.17127893)
(0.37027897 -0.1 -0.17891529)
(0.37027774 -0.1 -0.18691669)
(0.37027646 -0.1 -0.19530058)
(0.37027511 -0.1 -0.20408522)
(0.3702737 -0.1 -0.2132898)
(0.37027223 -0.1 -0.22293437)
(0.37027068 -0.1 -0.23303997)
(0.37026906 -0.1 -0.24362864)
(0.37026736 -0.1 -0.25472347)
(0.37026558 -0.1 -0.26634865)
(0.37026371 -0.1 -0.27852954)
(0.37026175 -0.1 -0.29129271)
(0.37025971 -0.1 -0.30466598)
(0.37025756 -0.1 -0.31867851)
(0.37025531 -0.1 -0.33336088)
(0.37025295 -0.1 -0.34874509)
(0.37025048 -0.1 -0.36486471)
(0.34686832 -0.1 -0.059530253)
(0.34686809 -0.1 -0.061797515)
(0.34686784 -0.1 -0.064173157)
(0.34686758 -0.1 -0.066662359)
(0.34686731 -0.1 -0.069270551)
(0.34686703 -0.1 -0.072003419)
(0.34686673 -0.1 -0.074866924)
(0.34686642 -0.1 -0.07786731)
(0.34686609 -0.1 -0.081011121)
(0.34686575 -0.1 -0.084305213)
(0.34686539 -0.1 -0.087756769)
(0.34686501 -0.1 -0.091373316)
(0.34686462 -0.1 -0.095162742)
(0.34686421 -0.1 -0.09913331)
(0.34686377 -0.1 -0.10329368)
(0.34686332 -0.1 -0.10765292)
(0.34686285 -0.1 -0.11222055)
(0.34686235 -0.1 -0.11700651)
(0.34686183 -0.1 -0.12202126)
(0.34686128 -0.1 -0.12727572)
(0.34686071 -0.1 -0.13278135)
(0.34686011 -0.1 -0.13855016)
(0.34685948 -0.1 -0.14459474)
(0.34685882 -0.1 -0.15092826)
(0.34685813 -0.1 -0.15756453)
(0.34685741 -0.1 -0.16451803)
(0.34685665 -0.1 -0.17180393)
(0.34685586 -0.1 -0.1794381)
(0.34685503 -0.1 -0.1874372)
(0.34685416 -0.1 -0.19581868)
(0.34685325 -0.1 -0.2046008)
(0.34685229 -0.1 -0.21380273)
(0.34685129 -0.1 -0.22344454)
(0.34685024 -0.1 -0.23354723)
(0.34684914 -0.1 -0.24413286)
(0.34684799 -0.1 -0.25522451)
(0.34684678 -0.1 -0.26684635)
(0.34684551 -0.1 -0.27902375)
(0.34684419 -0.1 -0.29178325)
(0.3468428 -0.1 -0.30515268)
(0.34684134 -0.1 -0.3191612)
(0.34683982 -0.1 -0.33383935)
(0.34683822 -0.1 -0.34921914)
(0.34683654 -0.1 -0.36533413)
(1.0189895 -0.1 -0.0023368179)
(1.0189895 -0.1 -1.6547887e-17)
(1.0189895 -0.1 -0.0047853404)
(1.0189895 -0.1 -0.0073509073)
(1.0189895 -0.1 -0.010039114)
(1.0189895 -0.1 -0.012855822)
(1.0189895 -0.1 -0.015807174)
(1.0189895 -0.1 -0.018899607)
(1.0189895 -0.1 -0.022139865)
(1.0189895 -0.1 -0.025535013)
(1.0189895 -0.1 -0.029092457)
(1.0189895 -0.1 -0.032819954)
(1.0189895 -0.1 -0.036725632)
(1.0189895 -0.1 -0.04081801)
(1.0189895 -0.1 -0.045106013)
(1.0189895 -0.1 -0.04959899)
(1.0189895 -0.1 -0.054306741)
(1.0189895 -0.1 -0.059239532)
(1.0189895 -0.1 -0.06440812)
(1.0189895 -0.1 -0.069823778)
(1.0189895 -0.1 -0.075498315)
(1.0189895 -0.1 -0.081444106)
(1.0189895 -0.1 -0.087674119)
(1.0189895 -0.1 -0.094201938)
(1.0189895 -0.1 -0.1010418)
(1.0189895 -0.1 -0.10820862)
(1.0189895 -0.1 -0.11571803)
(1.0189895 -0.1 -0.12358641)
(1.0189895 -0.1 -0.13183091)
(1.0189895 -0.1 -0.14046952)
(1.0189895 -0.1 -0.14952106)
(1.0189895 -0.1 -0.15900529)
(1.0189895 -0.1 -0.16894289)
(1.0189895 -0.1 -0.17935552)
(1.0189895 -0.1 -0.1902659)
(1.0189895 -0.1 -0.20169782)
(1.0189895 -0.1 -0.2136762)
(1.0189895 -0.1 -0.22622718)
(1.0189895 -0.1 -0.23937812)
(1.0189895 -0.1 -0.2531577)
(1.0189895 -0.1 -0.26759597)
(1.0189895 -0.1 -0.28272442)
(1.0189895 -0.1 -0.29857604)
(1.0189895 -0.1 -0.31518541)
(1.039134 -0.1 -0.04959899)
(1.039134 -0.1 -0.054306741)
(1.039134 -0.1 -0.059239532)
(1.039134 -0.1 -0.06440812)
(1.039134 -0.1 -0.069823778)
(1.039134 -0.1 -0.075498315)
(1.039134 -0.1 -0.081444106)
(1.039134 -0.1 -0.087674119)
(1.039134 -0.1 -0.094201938)
(1.039134 -0.1 -0.1010418)
(1.039134 -0.1 -0.10820862)
(1.039134 -0.1 -0.11571803)
(1.039134 -0.1 -0.12358641)
(1.039134 -0.1 -0.13183091)
(1.039134 -0.1 -0.14046952)
(1.039134 -0.1 -0.14952106)
(1.039134 -0.1 -0.15900529)
(1.039134 -0.1 -0.16894289)
(1.039134 -0.1 -0.17935552)
(1.039134 -0.1 -0.1902659)
(1.039134 -0.1 -0.20169782)
(1.039134 -0.1 -0.2136762)
(1.039134 -0.1 -0.22622718)
(1.039134 -0.1 -0.23937812)
(1.039134 -0.1 -0.2531577)
(1.039134 -0.1 -0.26759597)
(1.039134 -0.1 -0.28272442)
(1.039134 -0.1 -0.29857604)
(1.039134 -0.1 -0.31518541)
(1.0605036 -0.1 -0.04959899)
(1.0605036 -0.1 -0.054306741)
(1.0605036 -0.1 -0.059239532)
(1.0605036 -0.1 -0.06440812)
(1.0605036 -0.1 -0.069823778)
(1.0605036 -0.1 -0.075498315)
(1.0605036 -0.1 -0.081444106)
(1.0605036 -0.1 -0.087674119)
(1.0605036 -0.1 -0.094201938)
(1.0605036 -0.1 -0.1010418)
(1.0605036 -0.1 -0.10820862)
(1.0605036 -0.1 -0.11571803)
(1.0605036 -0.1 -0.12358641)
(1.0605036 -0.1 -0.13183091)
(1.0605036 -0.1 -0.14046952)
(1.0605036 -0.1 -0.14952106)
(1.0605036 -0.1 -0.15900529)
(1.0605036 -0.1 -0.16894289)
(1.0605036 -0.1 -0.17935552)
(1.0605036 -0.1 -0.1902659)
(1.0605036 -0.1 -0.20169782)
(1.0605036 -0.1 -0.2136762)
(1.0605036 -0.1 -0.22622718)
(1.0605036 -0.1 -0.23937812)
(1.0605036 -0.1 -0.2531577)
(1.0605036 -0.1 -0.26759597)
(1.0605036 -0.1 -0.28272442)
(1.0605036 -0.1 -0.29857604)
(1.0605036 -0.1 -0.31518541)
(1.0831729 -0.1 -0.04959899)
(1.0831729 -0.1 -0.054306741)
(1.0831729 -0.1 -0.059239532)
(1.0831729 -0.1 -0.06440812)
(1.0831729 -0.1 -0.069823778)
(1.0831729 -0.1 -0.075498315)
(1.0831729 -0.1 -0.081444106)
(1.0831729 -0.1 -0.087674119)
(1.0831729 -0.1 -0.094201938)
(1.0831729 -0.1 -0.1010418)
(1.0831729 -0.1 -0.10820862)
(1.0831729 -0.1 -0.11571803)
(1.0831729 -0.1 -0.12358641)
(1.0831729 -0.1 -0.13183091)
(1.0831729 -0.1 -0.14046952)
(1.0831729 -0.1 -0.14952106)
(1.0831729 -0.1 -0.15900529)
(1.0831729 -0.1 -0.16894289)
(1.0831729 -0.1 -0.17935552)
(1.0831729 -0.1 -0.1902659)
(1.0831729 -0.1 -0.20169782)
(1.0831729 -0.1 -0.2136762)
(1.0831729 -0.1 -0.22622718)
(1.0831729 -0.1 -0.23937812)
(1.0831729 -0.1 -0.2531577)
(1.0831729 -0.1 -0.26759597)
(1.0831729 -0.1 -0.28272442)
(1.0831729 -0.1 -0.29857604)
(1.0831729 -0.1 -0.31518541)
(1.1072209 -0.1 -0.04959899)
(1.1072209 -0.1 -0.054306741)
(1.1072209 -0.1 -0.059239532)
(1.1072209 -0.1 -0.06440812)
(1.1072209 -0.1 -0.069823778)
(1.1072209 -0.1 -0.075498315)
(1.1072209 -0.1 -0.081444106)
(1.1072209 -0.1 -0.087674119)
(1.1072209 -0.1 -0.094201938)
(1.1072209 -0.1 -0.1010418)
(1.1072209 -0.1 -0.10820862)
(1.1072209 -0.1 -0.11571803)
(1.1072209 -0.1 -0.12358641)
(1.1072209 -0.1 -0.13183091)
(1.1072209 -0.1 -0.14046952)
(1.1072209 -0.1 -0.14952106)
(1.1072209 -0.1 -0.15900529)
(1.1072209 -0.1 -0.16894289)
(1.1072209 -0.1 -0.17935552)
(1.1072209 -0.1 -0.1902659)
(1.1072209 -0.1 -0.20169782)
(1.1072209 -0.1 -0.2136762)
(1.1072209 -0.1 -0.22622718)
(1.1072209 -0.1 -0.23937812)
(1.1072209 -0.1 -0.2531577)
(1.1072209 -0.1 -0.26759597)
(1.1072209 -0.1 -0.28272442)
(1.1072209 -0.1 -0.29857604)
(1.1072209 -0.1 -0.31518541)
(1.1327314 -0.1 -0.04959899)
(1.1327314 -0.1 -0.054306741)
(1.1327314 -0.1 -0.059239532)
(1.1327314 -0.1 -0.06440812)
(1.1327314 -0.1 -0.069823778)
(1.1327314 -0.1 -0.075498315)
(1.1327314 -0.1 -0.081444106)
(1.1327314 -0.1 -0.087674119)
(1.1327314 -0.1 -0.094201938)
(1.1327314 -0.1 -0.1010418)
(1.1327314 -0.1 -0.10820862)
(1.1327314 -0.1 -0.11571803)
(1.1327314 -0.1 -0.12358641)
(1.1327314 -0.1 -0.13183091)
(1.1327314 -0.1 -0.14046952)
(1.1327314 -0.1 -0.14952106)
(1.1327314 -0.1 -0.15900529)
(1.1327314 -0.1 -0.16894289)
(1.1327314 -0.1 -0.17935552)
(1.1327314 -0.1 -0.1902659)
(1.1327314 -0.1 -0.20169782)
(1.1327314 -0.1 -0.2136762)
(1.1327314 -0.1 -0.22622718)
(1.1327314 -0.1 -0.23937812)
(1.1327314 -0.1 -0.2531577)
(1.1327314 -0.1 -0.26759597)
(1.1327314 -0.1 -0.28272442)
(1.1327314 -0.1 -0.29857604)
(1.1327314 -0.1 -0.31518541)
(1.1597935 -0.1 -0.04959899)
(1.1597935 -0.1 -0.054306741)
(1.1597935 -0.1 -0.059239532)
(1.1597935 -0.1 -0.06440812)
(1.1597935 -0.1 -0.069823778)
(1.1597935 -0.1 -0.075498315)
(1.1597935 -0.1 -0.081444106)
(1.1597935 -0.1 -0.087674119)
(1.1597935 -0.1 -0.094201938)
(1.1597935 -0.1 -0.1010418)
(1.1597935 -0.1 -0.10820862)
(1.1597935 -0.1 -0.11571803)
(1.1597935 -0.1 -0.12358641)
(1.1597935 -0.1 -0.13183091)
(1.1597935 -0.1 -0.14046952)
(1.1597935 -0.1 -0.14952106)
(1.1597935 -0.1 -0.15900529)
(1.1597935 -0.1 -0.16894289)
(1.1597935 -0.1 -0.17935552)
(1.1597935 -0.1 -0.1902659)
(1.1597935 -0.1 -0.20169782)
(1.1597935 -0.1 -0.2136762)
(1.1597935 -0.1 -0.22622718)
(1.1597935 -0.1 -0.23937812)
(1.1597935 -0.1 -0.2531577)
(1.1597935 -0.1 -0.26759597)
(1.1597935 -0.1 -0.28272442)
(1.1597935 -0.1 -0.29857604)
(1.1597935 -0.1 -0.31518541)
(1.1885014 -0.1 -0.04959899)
(1.1885014 -0.1 -0.054306741)
(1.1885014 -0.1 -0.059239532)
(1.1885014 -0.1 -0.06440812)
(1.1885014 -0.1 -0.069823778)
(1.1885014 -0.1 -0.075498315)
(1.1885014 -0.1 -0.081444106)
(1.1885014 -0.1 -0.087674119)
(1.1885014 -0.1 -0.094201938)
(1.1885014 -0.1 -0.1010418)
(1.1885014 -0.1 -0.10820862)
(1.1885014 -0.1 -0.11571803)
(1.1885014 -0.1 -0.12358641)
(1.1885014 -0.1 -0.13183091)
(1.1885014 -0.1 -0.14046952)
(1.1885014 -0.1 -0.14952106)
(1.1885014 -0.1 -0.15900529)
(1.1885014 -0.1 -0.16894289)
(1.1885014 -0.1 -0.17935552)
(1.1885014 -0.1 -0.1902659)
(1.1885014 -0.1 -0.20169782)
(1.1885014 -0.1 -0.2136762)
(1.1885014 -0.1 -0.22622718)
(1.1885014 -0.1 -0.23937812)
(1.1885014 -0.1 -0.2531577)
(1.1885014 -0.1 -0.26759597)
(1.1885014 -0.1 -0.28272442)
(1.1885014 -0.1 -0.29857604)
(1.1885014 -0.1 -0.31518541)
(1.2189553 -0.1 -0.059239532)
(1.2189553 -0.1 -0.06440812)
(1.2189553 -0.1 -0.069823778)
(1.2189553 -0.1 -0.075498315)
(1.2189553 -0.1 -0.081444106)
(1.2189553 -0.1 -0.087674119)
(1.2189553 -0.1 -0.094201938)
(1.2189553 -0.1 -0.1010418)
(1.2189553 -0.1 -0.10820862)
(1.2189553 -0.1 -0.11571803)
(1.2189553 -0.1 -0.12358641)
(1.2189553 -0.1 -0.13183091)
(1.2189553 -0.1 -0.14046952)
(1.2189553 -0.1 -0.14952106)
(1.2189553 -0.1 -0.15900529)
(1.2189553 -0.1 -0.16894289)
(1.2189553 -0.1 -0.17935552)
(1.2189553 -0.1 -0.1902659)
(1.2189553 -0.1 -0.20169782)
(1.2189553 -0.1 -0.2136762)
(1.2189553 -0.1 -0.22622718)
(1.2189553 -0.1 -0.23937812)
(1.2189553 -0.1 -0.2531577)
(1.2189553 -0.1 -0.26759597)
(1.2189553 -0.1 -0.28272442)
(1.2189553 -0.1 -0.29857604)
(1.2189553 -0.1 -0.31518541)
(1.2512614 -0.1 -0.059239532)
(1.2512614 -0.1 -0.06440812)
(1.2512614 -0.1 -0.069823778)
(1.2512614 -0.1 -0.075498315)
(1.2512614 -0.1 -0.081444106)
(1.2512614 -0.1 -0.087674119)
(1.2512614 -0.1 -0.094201938)
(1.2512614 -0.1 -0.1010418)
(1.2512614 -0.1 -0.10820862)
(1.2512614 -0.1 -0.11571803)
(1.2512614 -0.1 -0.12358641)
(1.2512614 -0.1 -0.13183091)
(1.2512614 -0.1 -0.14046952)
(1.2512614 -0.1 -0.14952106)
(1.2512614 -0.1 -0.15900529)
(1.2512614 -0.1 -0.16894289)
(1.2512614 -0.1 -0.17935552)
(1.2512614 -0.1 -0.1902659)
(1.2512614 -0.1 -0.20169782)
(1.2512614 -0.1 -0.2136762)
(1.2512614 -0.1 -0.22622718)
(1.2512614 -0.1 -0.23937812)
(1.2512614 -0.1 -0.2531577)
(1.2512614 -0.1 -0.26759597)
(1.2512614 -0.1 -0.28272442)
(1.2512614 -0.1 -0.29857604)
(1.2512614 -0.1 -0.31518541)
(1.2855322 -0.1 -0.059239532)
(1.2855322 -0.1 -0.06440812)
(1.2855322 -0.1 -0.069823778)
(1.2855322 -0.1 -0.075498315)
(1.2855322 -0.1 -0.081444106)
(1.2855322 -0.1 -0.087674119)
(1.2855322 -0.1 -0.094201938)
(1.2855322 -0.1 -0.1010418)
(1.2855322 -0.1 -0.10820862)
(1.2855322 -0.1 -0.11571803)
(1.2855322 -0.1 -0.12358641)
(1.2855322 -0.1 -0.13183091)
(1.2855322 -0.1 -0.14046952)
(1.2855322 -0.1 -0.14952106)
(1.2855322 -0.1 -0.15900529)
(1.2855322 -0.1 -0.16894289)
(1.2855322 -0.1 -0.17935552)
(1.2855322 -0.1 -0.1902659)
(1.2855322 -0.1 -0.20169782)
(1.2855322 -0.1 -0.2136762)
(1.2855322 -0.1 -0.22622718)
(1.2855322 -0.1 -0.23937812)
(1.2855322 -0.1 -0.2531577)
(1.2855322 -0.1 -0.26759597)
(1.2855322 -0.1 -0.28272442)
(1.2855322 -0.1 -0.29857604)
(1.2855322 -0.1 -0.31518541)
(1.3218874 -0.1 -0.059239532)
(1.3218874 -0.1 -0.06440812)
(1.3218874 -0.1 -0.069823778)
(1.3218874 -0.1 -0.075498315)
(1.3218874 -0.1 -0.081444106)
(1.3218874 -0.1 -0.087674119)
(1.3218874 -0.1 -0.094201938)
(1.3218874 -0.1 -0.1010418)
(1.3218874 -0.1 -0.10820862)
(1.3218874 -0.1 -0.11571803)
(1.3218874 -0.1 -0.12358641)
(1.3218874 -0.1 -0.13183091)
(1.3218874 -0.1 -0.14046952)
(1.3218874 -0.1 -0.14952106)
(1.3218874 -0.1 -0.15900529)
(1.3218874 -0.1 -0.16894289)
(1.3218874 -0.1 -0.17935552)
(1.3218874 -0.1 -0.1902659)
(1.3218874 -0.1 -0.20169782)
(1.3218874 -0.1 -0.2136762)
(1.3218874 -0.1 -0.22622718)
(1.3218874 -0.1 -0.23937812)
(1.3218874 -0.1 -0.2531577)
(1.3218874 -0.1 -0.26759597)
(1.3218874 -0.1 -0.28272442)
(1.3218874 -0.1 -0.29857604)
(1.3218874 -0.1 -0.31518541)
(1.3604536 -0.1 -0.059239532)
(1.3604536 -0.1 -0.06440812)
(1.3604536 -0.1 -0.069823778)
(1.3604536 -0.1 -0.075498315)
(1.3604536 -0.1 -0.081444106)
(1.3604536 -0.1 -0.087674119)
(1.3604536 -0.1 -0.094201938)
(1.3604536 -0.1 -0.1010418)
(1.3604536 -0.1 -0.10820862)
(1.3604536 -0.1 -0.11571803)
(1.3604536 -0.1 -0.12358641)
(1.3604536 -0.1 -0.13183091)
(1.3604536 -0.1 -0.14046952)
(1.3604536 -0.1 -0.14952106)
(1.3604536 -0.1 -0.15900529)
(1.3604536 -0.1 -0.16894289)
(1.3604536 -0.1 -0.17935552)
(1.3604536 -0.1 -0.1902659)
(1.3604536 -0.1 -0.20169782)
(1.3604536 -0.1 -0.2136762)
(1.3604536 -0.1 -0.22622718)
(1.3604536 -0.1 -0.23937812)
(1.3604536 -0.1 -0.2531577)
(1.3604536 -0.1 -0.26759597)
(1.3604536 -0.1 -0.28272442)
(1.3604536 -0.1 -0.29857604)
(1.3604536 -0.1 -0.31518541)
(1.4013653 -0.1 -0.059239532)
(1.4013653 -0.1 -0.06440812)
(1.4013653 -0.1 -0.069823778)
(1.4013653 -0.1 -0.075498315)
(1.4013653 -0.1 -0.081444106)
(1.4013653 -0.1 -0.087674119)
(1.4013653 -0.1 -0.094201938)
(1.4013653 -0.1 -0.1010418)
(1.4013653 -0.1 -0.10820862)
(1.4013653 -0.1 -0.11571803)
(1.4013653 -0.1 -0.12358641)
(1.4013653 -0.1 -0.13183091)
(1.4013653 -0.1 -0.14046952)
(1.4013653 -0.1 -0.14952106)
(1.4013653 -0.1 -0.15900529)
(1.4013653 -0.1 -0.16894289)
(1.4013653 -0.1 -0.17935552)
(1.4013653 -0.1 -0.1902659)
(1.4013653 -0.1 -0.20169782)
(1.4013653 -0.1 -0.2136762)
(1.4013653 -0.1 -0.22622718)
(1.4013653 -0.1 -0.23937812)
(1.4013653 -0.1 -0.2531577)
(1.4013653 -0.1 -0.26759597)
(1.4013653 -0.1 -0.28272442)
(1.4013653 -0.1 -0.29857604)
(1.4013653 -0.1 -0.31518541)
)


// ************************************************************************* //
