/*--------------------------------*- C++ -*----------------------------------*\
| =========                 |                                                 |
| \\      /  F ield         | OpenFOAM: The Open Source CFD Toolbox           |
|  \\    /   O peration     | Version:  2406                                  |
|   \\  /    A nd           | Website:  www.openfoam.com                      |
|    \\/     M anipulation  |                                                 |
\*---------------------------------------------------------------------------*/
FoamFile
{
    version     2.0;
    format      ascii;
    arch        "LSB;label=32;scalar=64";
    note        "nPoints:3344  nCells:1591  nFaces:6444  nInternalFaces:3102";
    class       labelList;
    location    "constant/polyMesh";
    object      neighbour;
}
// * * * * * * * * * * * * * * * * * * * * * * * * * * * * * * * * * * * * * //


3102
(
1
37
1036
2
38
1037
3
39
1038
4
40
1039
5
41
1040
6
42
1041
7
43
1042
8
44
1043
9
45
1044
10
46
1045
11
47
1046
12
48
1047
13
49
1048
14
50
1049
15
51
1050
16
52
1051
17
53
1052
18
54
1053
19
55
1054
20
56
1055
21
57
1056
22
58
1057
23
59
1058
24
60
1059
25
61
1060
26
62
1061
27
63
1062
28
64
1063
29
65
1064
30
66
1065
31
67
1066
32
68
1067
33
69
1068
34
70
1069
35
71
1070
36
72
1071
73
1072
38
74
39
75
40
76
41
77
42
78
43
79
44
80
45
81
46
82
47
83
48
84
49
85
50
86
51
87
52
88
53
89
54
90
55
91
56
92
57
93
58
94
59
95
60
96
61
97
62
98
63
99
64
100
65
101
66
102
67
103
68
104
69
105
70
106
71
107
72
108
73
109
110
75
111
76
112
77
113
78
114
79
115
80
116
81
117
82
118
83
119
84
120
85
121
86
122
87
123
88
124
89
125
90
126
91
127
92
128
93
129
94
130
95
131
96
132
97
133
98
134
99
135
100
136
101
137
102
138
103
139
104
140
105
141
106
142
107
143
108
144
109
145
110
146
147
112
148
113
149
114
150
115
151
116
152
117
153
118
154
119
155
120
156
121
157
122
158
123
159
124
160
125
161
126
162
127
163
128
164
129
165
130
166
131
167
132
168
133
169
134
170
135
171
136
172
137
173
138
174
139
175
140
176
141
177
142
178
143
179
144
180
145
181
146
182
147
183
184
149
185
150
186
151
187
152
188
153
189
154
190
155
191
156
192
157
193
158
194
159
195
160
196
161
197
162
198
163
199
164
200
165
201
166
202
167
203
168
204
169
205
170
206
171
207
172
208
173
209
174
210
175
211
176
212
177
213
178
214
179
215
180
216
181
217
182
218
183
219
184
220
221
186
222
187
223
188
224
189
225
190
226
191
227
192
228
193
229
194
230
195
231
196
232
197
233
198
234
199
235
200
236
201
237
202
238
203
239
204
240
205
241
206
242
207
243
208
244
209
245
210
246
211
247
212
248
213
249
214
250
215
251
216
252
217
253
218
254
219
255
220
256
221
257
258
223
259
224
260
225
261
226
262
227
263
228
264
229
265
230
266
231
267
232
268
233
269
234
270
235
271
236
272
237
273
238
274
239
275
240
276
241
277
242
278
243
279
244
280
245
281
246
282
247
283
248
284
249
285
250
286
251
287
252
288
253
289
254
290
255
291
256
292
257
293
258
294
295
260
296
261
297
262
298
263
299
264
300
265
301
266
302
267
303
268
304
269
305
270
306
271
307
272
308
273
309
274
310
275
311
276
312
277
313
278
314
279
315
280
316
281
317
282
318
283
319
284
320
285
321
286
322
287
323
288
324
289
325
290
326
291
327
292
328
293
329
294
330
295
331
332
297
333
298
334
299
335
300
336
301
337
302
338
303
339
304
340
305
341
306
342
307
343
308
344
309
345
310
346
311
347
312
348
313
349
314
350
315
351
316
352
317
353
318
354
319
355
320
356
321
357
322
358
323
359
324
360
325
361
326
362
327
363
328
364
329
365
330
366
331
367
332
368
369
334
370
335
371
336
372
337
373
338
374
339
375
340
376
341
377
342
378
343
379
344
380
345
381
346
382
347
383
348
384
349
385
350
386
351
387
352
388
353
389
354
390
355
391
356
392
357
393
358
394
359
395
360
396
361
397
362
398
363
399
364
400
365
401
366
402
367
403
368
404
369
405
406
371
407
372
408
373
409
374
410
375
411
376
412
377
413
378
414
379
415
380
416
381
417
382
418
383
419
384
420
385
421
386
422
387
423
388
424
389
425
390
426
391
427
392
428
393
429
394
430
395
431
396
432
397
433
398
434
399
435
400
436
401
437
402
438
403
439
404
440
405
441
406
442
443
408
444
409
445
410
446
411
447
412
448
413
449
414
450
415
451
416
452
417
453
418
454
419
455
420
456
421
457
422
458
423
459
424
460
425
461
426
462
427
463
428
464
429
465
430
466
431
467
432
468
433
469
434
470
435
471
436
472
437
473
438
474
439
475
440
476
441
477
442
478
443
479
480
445
481
446
482
447
483
448
484
449
485
450
486
451
487
452
488
453
489
454
490
455
491
456
492
457
493
458
494
459
495
460
496
461
497
462
498
463
499
464
500
465
501
466
502
467
503
468
504
469
505
470
506
471
507
472
508
473
509
474
510
475
511
476
512
477
513
478
514
479
515
480
516
517
482
518
483
519
484
520
485
521
486
522
487
523
488
524
489
525
490
526
491
527
492
528
493
529
494
530
495
531
496
532
497
533
498
534
499
535
500
536
501
537
502
538
503
539
504
540
505
541
506
542
507
543
508
544
509
545
510
546
511
547
512
548
513
549
514
550
515
551
516
552
517
553
554
519
555
520
556
521
557
522
558
523
559
524
560
525
561
526
562
527
563
528
564
529
565
530
566
531
567
532
568
533
569
534
570
535
571
536
572
537
573
538
574
539
575
540
576
541
577
542
578
543
579
544
580
545
581
546
582
547
583
548
584
549
585
550
586
551
587
552
588
553
589
554
590
591
556
592
557
593
558
594
559
595
560
596
561
597
562
598
563
599
564
600
565
601
566
602
567
603
568
604
569
605
570
606
571
607
572
608
573
609
574
610
575
611
576
612
577
613
578
614
579
615
580
616
581
617
582
618
583
619
584
620
585
621
586
622
587
623
588
624
589
625
590
626
591
627
628
593
629
594
630
595
631
596
632
597
633
598
634
599
635
600
636
601
637
602
638
603
639
604
640
605
641
606
642
607
643
608
644
609
645
610
646
611
647
612
648
613
649
614
650
615
651
616
652
617
653
618
654
619
655
620
656
621
657
622
658
623
659
624
660
625
661
626
662
627
663
628
664
665
630
666
631
667
632
668
633
669
634
670
635
671
636
672
637
673
638
674
639
675
640
676
641
677
642
678
643
679
644
680
645
681
646
682
647
683
648
684
649
685
650
686
651
687
652
688
653
689
654
690
655
691
656
692
657
693
658
694
659
695
660
696
661
697
662
698
663
699
664
700
665
701
702
667
703
668
704
669
705
670
706
671
707
672
708
673
709
674
710
675
711
676
712
677
713
678
714
679
715
680
716
681
717
682
718
683
719
684
720
685
721
686
722
687
723
688
724
689
725
690
726
691
727
692
728
693
729
694
730
695
731
696
732
697
733
698
734
699
735
700
736
701
737
702
738
739
704
740
705
741
706
742
707
743
708
744
709
745
710
746
711
747
712
748
713
749
714
750
715
751
716
752
717
753
718
754
719
755
720
756
721
757
722
758
723
759
724
760
725
761
726
762
727
763
728
764
729
765
730
766
731
767
732
768
733
769
734
770
735
771
736
772
737
773
738
774
739
775
776
741
777
742
778
743
779
744
780
745
781
746
782
747
783
748
784
749
785
750
786
751
787
752
788
753
789
754
790
755
791
756
792
757
793
758
794
759
795
760
796
761
797
762
798
763
799
764
800
765
801
766
802
767
803
768
804
769
805
770
806
771
807
772
808
773
809
774
810
775
811
776
812
813
778
814
779
815
780
816
781
817
782
818
783
819
784
820
785
821
786
822
787
823
788
824
789
825
790
826
791
827
792
828
793
829
794
830
795
831
796
832
797
833
798
834
799
835
800
836
801
837
802
838
803
839
804
840
805
841
806
842
807
843
808
844
809
845
810
846
811
847
812
848
813
849
850
815
851
816
852
817
853
818
854
819
855
820
856
821
857
822
858
823
859
824
860
825
861
826
862
827
863
828
864
829
865
830
866
831
867
832
868
833
869
834
870
835
871
836
872
837
873
838
874
839
875
840
876
841
877
842
878
843
879
844
880
845
881
846
882
847
883
848
884
849
885
850
886
887
852
888
853
889
854
890
855
891
856
892
857
893
858
894
859
895
860
896
861
897
862
898
863
899
864
900
865
901
866
902
867
903
868
904
869
905
870
906
871
907
872
908
873
909
874
910
875
911
876
912
877
913
878
914
879
915
880
916
881
917
882
918
883
919
884
920
885
921
886
922
887
923
924
889
925
890
926
891
927
892
928
893
929
894
930
895
931
896
932
897
933
898
934
899
935
900
936
901
937
902
938
903
939
904
940
905
941
906
942
907
943
908
944
909
945
910
946
911
947
912
948
913
949
914
950
915
951
916
952
917
953
918
954
919
955
920
956
921
957
922
958
923
959
924
960
961
926
962
927
963
928
964
929
965
930
966
931
967
932
968
933
969
934
970
935
971
936
972
937
973
938
974
939
975
940
976
941
977
942
978
943
979
944
980
945
981
946
982
947
983
948
984
949
985
950
986
951
987
952
988
953
989
954
990
955
991
956
992
957
993
958
994
959
995
960
996
961
997
998
963
999
964
1000
965
1001
966
1002
967
1003
968
1004
969
1005
970
1006
971
1007
972
1008
973
1009
974
1010
975
1011
976
1012
977
1013
978
1014
979
1015
980
1016
981
1017
982
1018
983
1019
984
1020
985
1021
986
1022
987
1023
988
1024
989
1025
990
1026
991
1027
992
1028
993
1029
994
1030
995
1031
996
1032
997
1033
998
1034
1035
1000
1001
1002
1003
1004
1005
1006
1007
1008
1009
1010
1011
1012
1013
1014
1015
1016
1017
1018
1019
1020
1021
1022
1023
1024
1025
1026
1027
1028
1029
1030
1031
1032
1033
1034
1035
1037
1073
1038
1074
1039
1075
1040
1076
1041
1077
1042
1078
1043
1079
1044
1080
1045
1081
1046
1082
1047
1083
1048
1084
1049
1085
1050
1086
1051
1087
1052
1088
1053
1089
1054
1090
1055
1091
1056
1092
1057
1093
1058
1094
1059
1095
1060
1096
1061
1097
1062
1098
1063
1099
1064
1100
1065
1101
1066
1102
1067
1103
1068
1104
1069
1105
1070
1106
1071
1107
1072
1108
1109
1074
1110
1075
1111
1076
1112
1077
1113
1078
1114
1079
1115
1080
1116
1081
1117
1082
1118
1083
1119
1084
1120
1085
1121
1086
1122
1087
1123
1088
1124
1089
1125
1090
1126
1091
1127
1092
1128
1093
1129
1094
1130
1095
1131
1096
1132
1097
1133
1098
1134
1099
1135
1100
1136
1101
1137
1102
1138
1103
1139
1104
1140
1105
1141
1106
1142
1107
1143
1108
1144
1109
1145
1146
1111
1147
1112
1148
1113
1149
1114
1150
1115
1151
1116
1152
1117
1153
1118
1154
1119
1155
1120
1156
1121
1157
1122
1158
1123
1159
1124
1160
1125
1161
1126
1162
1127
1163
1128
1164
1129
1165
1130
1166
1131
1167
1132
1168
1133
1169
1134
1170
1135
1171
1136
1172
1137
1173
1138
1174
1139
1175
1140
1176
1141
1177
1142
1178
1143
1179
1144
1180
1145
1181
1146
1182
1183
1148
1184
1149
1185
1150
1186
1151
1187
1152
1188
1153
1189
1154
1190
1155
1191
1156
1192
1157
1193
1158
1194
1159
1195
1160
1196
1161
1197
1162
1198
1163
1199
1164
1200
1165
1201
1166
1202
1167
1203
1168
1204
1169
1205
1170
1206
1171
1207
1172
1208
1173
1209
1174
1210
1175
1211
1176
1212
1177
1213
1178
1214
1179
1215
1180
1216
1181
1217
1182
1218
1183
1219
1220
1185
1221
1186
1222
1187
1223
1188
1224
1189
1225
1190
1226
1191
1227
1192
1228
1193
1229
1194
1230
1195
1231
1196
1232
1197
1233
1198
1234
1199
1235
1200
1236
1201
1237
1202
1238
1203
1239
1204
1240
1205
1241
1206
1242
1207
1243
1208
1244
1209
1245
1210
1246
1211
1247
1212
1248
1213
1249
1214
1250
1215
1251
1216
1252
1217
1253
1218
1254
1219
1255
1220
1256
1257
1222
1258
1223
1259
1224
1260
1225
1261
1226
1262
1227
1263
1228
1264
1229
1265
1230
1266
1231
1267
1232
1268
1233
1269
1234
1270
1235
1271
1236
1272
1237
1273
1238
1274
1239
1275
1240
1276
1241
1277
1242
1278
1243
1279
1244
1280
1245
1281
1246
1282
1247
1283
1248
1284
1249
1285
1250
1286
1251
1287
1252
1288
1253
1289
1254
1290
1255
1291
1256
1292
1257
1293
1294
1259
1295
1260
1296
1261
1297
1262
1298
1263
1299
1264
1300
1265
1301
1266
1302
1267
1303
1268
1304
1269
1305
1270
1306
1271
1307
1272
1308
1273
1309
1274
1310
1275
1311
1276
1312
1277
1313
1278
1314
1279
1315
1280
1316
1281
1317
1282
1318
1283
1319
1284
1320
1285
1321
1286
1322
1287
1323
1288
1324
1289
1325
1290
1326
1291
1327
1292
1328
1293
1329
1294
1330
1331
1296
1332
1297
1333
1298
1334
1299
1335
1300
1336
1301
1337
1302
1338
1303
1339
1304
1340
1305
1341
1306
1342
1307
1343
1308
1344
1309
1345
1310
1346
1311
1347
1312
1348
1313
1349
1314
1350
1315
1351
1316
1352
1317
1353
1318
1354
1319
1355
1320
1356
1321
1357
1322
1358
1323
1359
1324
1360
1325
1361
1326
1362
1327
1363
1328
1364
1329
1365
1330
1366
1331
1367
1368
1333
1369
1334
1370
1335
1371
1336
1372
1337
1373
1338
1374
1339
1375
1340
1376
1341
1377
1342
1378
1343
1379
1344
1380
1345
1381
1346
1382
1347
1383
1348
1384
1349
1385
1350
1386
1351
1387
1352
1388
1353
1389
1354
1390
1355
1391
1356
1392
1357
1393
1358
1394
1359
1395
1360
1396
1361
1397
1362
1398
1363
1399
1364
1400
1365
1401
1366
1402
1367
1403
1368
1404
1405
1370
1406
1371
1407
1372
1408
1373
1409
1374
1410
1375
1411
1376
1412
1377
1413
1378
1414
1379
1415
1380
1416
1381
1417
1382
1418
1383
1419
1384
1420
1385
1421
1386
1422
1387
1423
1388
1424
1389
1425
1390
1426
1391
1427
1392
1428
1393
1429
1394
1430
1395
1431
1396
1432
1397
1433
1398
1434
1399
1435
1400
1436
1401
1437
1402
1438
1403
1439
1404
1440
1405
1441
1442
1407
1443
1408
1444
1409
1445
1410
1446
1411
1447
1412
1448
1413
1449
1414
1450
1415
1451
1416
1452
1417
1453
1418
1454
1419
1455
1420
1456
1421
1457
1422
1458
1423
1459
1424
1460
1425
1461
1426
1462
1427
1463
1428
1464
1429
1465
1430
1466
1431
1467
1432
1468
1433
1469
1434
1470
1435
1471
1436
1472
1437
1473
1438
1474
1439
1475
1440
1476
1441
1477
1442
1478
1479
1444
1480
1445
1481
1446
1482
1447
1483
1448
1484
1449
1485
1450
1486
1451
1487
1452
1488
1453
1489
1454
1490
1455
1491
1456
1492
1457
1493
1458
1494
1459
1495
1460
1496
1461
1497
1462
1498
1463
1499
1464
1500
1465
1501
1466
1502
1467
1503
1468
1504
1469
1505
1470
1506
1471
1507
1472
1508
1473
1509
1474
1510
1475
1511
1476
1512
1477
1513
1478
1514
1479
1515
1516
1481
1517
1482
1518
1483
1519
1484
1520
1485
1521
1486
1522
1487
1523
1488
1524
1489
1525
1490
1526
1491
1527
1492
1528
1493
1529
1494
1530
1495
1531
1496
1532
1497
1533
1498
1534
1499
1535
1500
1536
1501
1537
1502
1538
1503
1539
1504
1540
1505
1541
1506
1542
1507
1543
1508
1544
1509
1545
1510
1546
1511
1547
1512
1548
1513
1549
1514
1550
1515
1551
1516
1552
1553
1518
1554
1519
1555
1520
1556
1521
1557
1522
1558
1523
1559
1524
1560
1525
1561
1526
1562
1527
1563
1528
1564
1529
1565
1530
1566
1531
1567
1532
1568
1533
1569
1534
1570
1535
1571
1536
1572
1537
1573
1538
1574
1539
1575
1540
1576
1541
1577
1542
1578
1543
1579
1544
1580
1545
1581
1546
1582
1547
1583
1548
1584
1549
1585
1550
1586
1551
1587
1552
1588
1553
1589
1590
1555
1556
1557
1558
1559
1560
1561
1562
1563
1564
1565
1566
1567
1568
1569
1570
1571
1572
1573
1574
1575
1576
1577
1578
1579
1580
1581
1582
1583
1584
1585
1586
1587
1588
1589
1590
)


// ************************************************************************* //
