/*--------------------------------*- C++ -*----------------------------------*\
| =========                 |                                                 |
| \\      /  F ield         | OpenFOAM: The Open Source CFD Toolbox           |
|  \\    /   O peration     | Version:  2406                                  |
|   \\  /    A nd           | Website:  www.openfoam.com                      |
|    \\/     M anipulation  |                                                 |
\*---------------------------------------------------------------------------*/
FoamFile
{
    version     2.0;
    format      ascii;
    arch        "LSB;label=32;scalar=64";
    class       vectorField;
    location    "constant/polyMesh";
    object      points;
}
// * * * * * * * * * * * * * * * * * * * * * * * * * * * * * * * * * * * * * //


3344
(
(0.97677982 0 -0.31798387)
(1 0 -0.31518541)
(0.97677866 0 -0.33535829)
(1 0 -0.33258873)
(0.97677743 0 -0.35356324)
(1 0 -0.35082397)
(0.97677615 0 -0.37263842)
(1 0 -0.36993089)
(0.9767748 0 -0.39262544)
(1 0 -0.38995116)
(0.97677339 0 -0.41356788)
(1 0 -0.41092844)
(0.97677192 0 -0.4355114)
(1 0 -0.43290847)
(0.97677037 0 -0.45850388)
(1 0 -0.4559392)
(0.97676875 0 -0.48259544)
(1 0 -0.48007084)
(0.97676705 0 -0.50783862)
(1 0 -0.50535603)
(0.97676527 0 -0.53428848)
(1 0 -0.5318499)
(0.97676341 0 -0.5620027)
(1 0 -0.55961023)
(0.97676145 0 -0.59104172)
(1 0 -0.58869755)
(0.97675941 0 -0.62146886)
(1 0 -0.61917532)
(0.97675726 0 -0.65335048)
(1 0 -0.65110998)
(0.97675501 0 -0.6867561)
(1 0 -0.68457118)
(0.97675266 0 -0.72175859)
(1 0 -0.7196319)
(0.97675019 0 -0.75843426)
(1 0 -0.75636859)
(0.97674761 0 -0.7968631)
(1 0 -0.79486138)
(0.9767449 0 -0.83712892)
(1 0 -0.83519419)
(0.97674206 0 -0.87931954)
(1 0 -0.877455)
(0.97673909 0 -0.92352694)
(1 0 -0.92173595)
(0.97673597 0 -0.96984756)
(1 0 -0.96813363)
(0.9767327 0 -1.0183824)
(1 0 -1.0167492)
(0.97672928 0 -1.0692373)
(1 0 -1.0676887)
(0.9767257 0 -1.1225231)
(1 0 -1.1210632)
(0.97672194 0 -1.1783562)
(1 0 -1.1769892)
(0.97671801 0 -1.2368582)
(1 0 -1.2355885)
(0.97671388 0 -1.2981566)
(1 0 -1.2969889)
(0.97670956 0 -1.3623853)
(1 0 -1.3613245)
(0.97670503 0 -1.4296843)
(1 0 -1.4287354)
(0.97670029 0 -1.5002002)
(1 0 -1.4993687)
(0.97669532 0 -1.574087)
(1 0 -1.5733784)
(0.97669011 0 -1.6515057)
(1 0 -1.6509259)
(0.97668465 0 -1.7326252)
(1 0 -1.7321803)
(0.97667894 0 -1.8176223)
(1 0 -1.8173189)
(0.97667294 0 -1.9066825)
(1 0 -1.9065273)
(0.97666667 0 -2)
(1 0 -2)
(0.95354834 0 -0.32070222)
(0.95354612 0 -0.33804856)
(0.95354379 0 -0.35622409)
(0.95354136 0 -0.37526844)
(0.9535388 0 -0.39522316)
(0.95353612 0 -0.41613175)
(0.95353332 0 -0.43803981)
(0.95353038 0 -0.46099513)
(0.9535273 0 -0.48504775)
(0.95352407 0 -0.51025014)
(0.95352069 0 -0.53665726)
(0.95351715 0 -0.56432669)
(0.95351344 0 -0.59331877)
(0.95350955 0 -0.62369674)
(0.95350547 0 -0.65552683)
(0.9535012 0 -0.68887847)
(0.95349673 0 -0.72382438)
(0.95349204 0 -0.76044078)
(0.95348713 0 -0.79880752)
(0.95348198 0 -0.83900827)
(0.95347659 0 -0.88113069)
(0.95347094 0 -0.92526666)
(0.95346502 0 -0.97151241)
(0.95345881 0 -1.0199688)
(0.95345231 0 -1.0707415)
(0.9534455 0 -1.1239413)
(0.95343836 0 -1.1796841)
(0.95343088 0 -1.2380915)
(0.95342305 0 -1.2992909)
(0.95341484 0 -1.3634158)
(0.95340624 0 -1.430606)
(0.95339722 0 -1.501008)
(0.95338778 0 -1.5747753)
(0.95337788 0 -1.6520689)
(0.95336751 0 -1.7330573)
(0.95335665 0 -1.8179171)
(0.95334526 0 -1.9068334)
(0.95333333 0 -2)
(0.93030634 0 -0.3233438)
(0.93030318 0 -0.34066285)
(0.93029986 0 -0.35880979)
(0.93029639 0 -0.37782418)
(0.93029275 0 -0.39774751)
(0.93028893 0 -0.41862321)
(0.93028494 0 -0.44049681)
(0.93028075 0 -0.46341602)
(0.93027636 0 -0.48743081)
(0.93027176 0 -0.51259355)
(0.93026695 0 -0.53895913)
(0.9302619 0 -0.56658504)
(0.93025661 0 -0.59553151)
(0.93025107 0 -0.62586169)
(0.93024526 0 -0.65764172)
(0.93023918 0 -0.69094089)
(0.9302328 0 -0.72583184)
(0.93022612 0 -0.76239064)
(0.93021913 0 -0.80069703)
(0.93021179 0 -0.84083454)
(0.93020411 0 -0.8828907)
(0.93019606 0 -0.92695724)
(0.93018762 0 -0.97313025)
(0.93017878 0 -1.0215104)
(0.93016952 0 -1.0722033)
(0.93015981 0 -1.1253193)
(0.93014964 0 -1.1809744)
(0.93013899 0 -1.23929)
(0.93012783 0 -1.3003931)
(0.93011613 0 -1.3644171)
(0.93010387 0 -1.4315016)
(0.93009103 0 -1.5017929)
(0.93007757 0 -1.5754442)
(0.93006347 0 -1.6526162)
(0.9300487 0 -1.7334772)
(0.93003322 0 -1.8182035)
(0.930017 0 -1.9069799)
(0.93 0 -2)
(0.90705453 0 -0.32591165)
(0.90705052 0 -0.34320418)
(0.90704633 0 -0.36132333)
(0.90704193 0 -0.3803086)
(0.90703732 0 -0.40020142)
(0.90703249 0 -0.42104514)
(0.90702743 0 -0.44288525)
(0.90702213 0 -0.46576935)
(0.90701657 0 -0.48974736)
(0.90701075 0 -0.51487157)
(0.90700465 0 -0.54119677)
(0.90699826 0 -0.56878036)
(0.90699157 0 -0.59768251)
(0.90698455 0 -0.62796624)
(0.9069772 0 -0.65969759)
(0.90696949 0 -0.69294576)
(0.90696142 0 -0.72778327)
(0.90695297 0 -0.76428608)
(0.9069441 0 -0.8025338)
(0.90693482 0 -0.84260984)
(0.90692509 0 -0.88460159)
(0.9069149 0 -0.92860064)
(0.90690421 0 -0.97470293)
(0.90689302 0 -1.023009)
(0.9068813 0 -1.0736242)
(0.90686901 0 -1.1266589)
(0.90685613 0 -1.1822288)
(0.90684264 0 -1.240455)
(0.90682851 0 -1.3014646)
(0.9068137 0 -1.3653906)
(0.90679818 0 -1.4323723)
(0.90678192 0 -1.5025559)
(0.90676488 0 -1.5760944)
(0.90674703 0 -1.6531482)
(0.90672832 0 -1.7338854)
(0.90670872 0 -1.8184819)
(0.90668819 0 -1.9071224)
(0.90666667 0 -2)
(0.88379352 0 -0.32840839)
(0.88378877 0 -0.34567513)
(0.88378379 0 -0.36376725)
(0.88377857 0 -0.38272422)
(0.8837731 0 -0.40258736)
(0.88376737 0 -0.4234)
(0.88376137 0 -0.44520753)
(0.88375508 0 -0.46805751)
(0.88374848 0 -0.49199976)
(0.88374158 0 -0.51708649)
(0.88373434 0 -0.54337243)
(0.88372676 0 -0.57091489)
(0.88371881 0 -0.59977393)
(0.88371049 0 -0.63001249)
(0.88370177 0 -0.66169652)
(0.88369263 0 -0.69489511)
(0.88368305 0 -0.72968066)
(0.88367302 0 -0.76612903)
(0.8836625 0 -0.80431971)
(0.88365149 0 -0.84433597)
(0.88363994 0 -0.8862651)
(0.88362785 0 -0.93019853)
(0.88361518 0 -0.97623206)
(0.8836019 0 -1.0244661)
(0.88358798 0 -1.0750058)
(0.8835734 0 -1.1279614)
(0.88355813 0 -1.1834484)
(0.88354212 0 -1.2415878)
(0.88352535 0 -1.3025064)
(0.88350778 0 -1.366337)
(0.88348937 0 -1.4332189)
(0.88347007 0 -1.5032978)
(0.88344986 0 -1.5767266)
(0.88342868 0 -1.6536655)
(0.88340649 0 -1.7342823)
(0.88338323 0 -1.8187527)
(0.88335886 0 -1.9072609)
(0.88333333 0 -2)
(0.86052385 0 -0.33083622)
(0.86051844 0 -0.34807788)
(0.86051277 0 -0.36614372)
(0.86050683 0 -0.38507315)
(0.8605006 0 -0.40490744)
(0.86049408 0 -0.42568986)
(0.86048724 0 -0.44746572)
(0.86048008 0 -0.4702825)
(0.86047258 0 -0.49418998)
(0.86046472 0 -0.51924028)
(0.86045648 0 -0.54548804)
(0.86044785 0 -0.57299049)
(0.86043881 0 -0.60180762)
(0.86042933 0 -0.63200226)
(0.8604194 0 -0.66364027)
(0.860409 0 -0.69679064)
(0.8603981 0 -0.73152567)
(0.86038667 0 -0.7679211)
(0.86037471 0 -0.80605631)
(0.86036216 0 -0.84601446)
(0.86034903 0 -0.88788269)
(0.86033526 0 -0.93175231)
(0.86032083 0 -0.97771899)
(0.86030572 0 -1.025883)
(0.86028988 0 -1.0763493)
(0.86027328 0 -1.129228)
(0.86025589 0 -1.1846344)
(0.86023767 0 -1.2426893)
(0.86021858 0 -1.3035194)
(0.86019858 0 -1.3672574)
(0.86017762 0 -1.4340421)
(0.86015566 0 -1.5040192)
(0.86013265 0 -1.5773414)
(0.86010854 0 -1.6541686)
(0.86008327 0 -1.7346682)
(0.8600568 0 -1.8190159)
(0.86002906 0 -1.9073956)
(0.86 0 -2)
(0.83724597 0 -0.33319687)
(0.83723998 0 -0.35041415)
(0.83723371 0 -0.36845444)
(0.83722714 0 -0.3873571)
(0.83722026 0 -0.40716334)
(0.83721305 0 -0.42791637)
(0.83720549 0 -0.44966143)
(0.83719757 0 -0.47244594)
(0.83718927 0 -0.49631961)
(0.83718058 0 -0.52133448)
(0.83717147 0 -0.54754512)
(0.83716193 0 -0.57500867)
(0.83715192 0 -0.60378505)
(0.83714145 0 -0.63393699)
(0.83713047 0 -0.66553025)
(0.83711896 0 -0.69863374)
(0.8371069 0 -0.73331964)
(0.83709427 0 -0.7696636)
(0.83708104 0 -0.80774488)
(0.83706717 0 -0.84764652)
(0.83705264 0 -0.88945553)
(0.83703741 0 -0.93326311)
(0.83702146 0 -0.97916477)
(0.83700474 0 -1.0272606)
(0.83698723 0 -1.0776556)
(0.83696888 0 -1.1304595)
(0.83694965 0 -1.1857875)
(0.8369295 0 -1.2437604)
(0.83690839 0 -1.3045045)
(0.83688627 0 -1.3681522)
(0.83686309 0 -1.4348425)
(0.8368388 0 -1.5047207)
(0.83681335 0 -1.5779392)
(0.83678669 0 -1.6546577)
(0.83675875 0 -1.7350435)
(0.83672948 0 -1.8192719)
(0.83669881 0 -1.9075266)
(0.83666667 0 -2)
(0.8139603 0 -0.33549189)
(0.81395382 0 -0.35268546)
(0.81394703 0 -0.37070091)
(0.81393992 0 -0.38957754)
(0.81393247 0 -0.40935652)
(0.81392467 0 -0.43008096)
(0.81391649 0 -0.45179608)
(0.81390792 0 -0.47454923)
(0.81389894 0 -0.49839002)
(0.81388953 0 -0.52337045)
(0.81387967 0 -0.549545)
(0.81386934 0 -0.57697074)
(0.81385851 0 -0.60570749)
(0.81384717 0 -0.63581792)
(0.81383529 0 -0.66736768)
(0.81382284 0 -0.70042559)
(0.81380979 0 -0.73506373)
(0.81379612 0 -0.77135765)
(0.8137818 0 -0.80938649)
(0.81376679 0 -0.84923319)
(0.81375106 0 -0.89098464)
(0.81373458 0 -0.93473189)
(0.81371732 0 -0.98057036)
(0.81369923 0 -1.0286)
(0.81368027 0 -1.0789255)
(0.81366041 0 -1.1316568)
(0.8136396 0 -1.1869086)
(0.81361779 0 -1.2448017)
(0.81359494 0 -1.3054621)
(0.813571 0 -1.3690222)
(0.81354592 0 -1.4356206)
(0.81351963 0 -1.5054026)
(0.81349209 0 -1.5785203)
(0.81346323 0 -1.6551332)
(0.813433 0 -1.7354083)
(0.81340131 0 -1.8195207)
(0.81336812 0 -1.9076539)
(0.81333333 0 -2)
(0.79066714 0 -0.33772203)
(0.79066025 0 -0.35489256)
(0.79065303 0 -0.37288388)
(0.79064546 0 -0.39173522)
(0.79063753 0 -0.41148769)
(0.79062923 0 -0.43218437)
(0.79062052 0 -0.4538704)
(0.7906114 0 -0.47659306)
(0.79060185 0 -0.50040191)
(0.79059184 0 -0.52534887)
(0.79058134 0 -0.55148835)
(0.79057035 0 -0.57887734)
(0.79055883 0 -0.60757559)
(0.79054677 0 -0.63764567)
(0.79053412 0 -0.66915317)
(0.79052087 0 -0.70216678)
(0.79050699 0 -0.73675852)
(0.79049244 0 -0.77300381)
(0.7904772 0 -0.8109817)
(0.79046123 0 -0.85077501)
(0.7904445 0 -0.89247052)
(0.79042696 0 -0.93615916)
(0.79040859 0 -0.98193621)
(0.79038934 0 -1.0299015)
(0.79036917 0 -1.0801596)
(0.79034803 0 -1.1328202)
(0.79032589 0 -1.187998)
(0.79030268 0 -1.2458135)
(0.79027837 0 -1.3063926)
(0.7902529 0 -1.3698676)
(0.7902262 0 -1.4363768)
(0.79019824 0 -1.5060653)
(0.79016893 0 -1.579085)
(0.79013822 0 -1.6555952)
(0.79010605 0 -1.7357628)
(0.79007234 0 -1.8197625)
(0.79003701 0 -1.9077776)
(0.79 0 -2)
(0.76736679 0 -0.33988799)
(0.76735956 0 -0.35703615)
(0.76735198 0 -0.37500402)
(0.76734404 0 -0.3938308)
(0.76733572 0 -0.41355753)
(0.767327 0 -0.43422725)
(0.76731787 0 -0.45588501)
(0.7673083 0 -0.47857807)
(0.76729827 0 -0.50235589)
(0.76728776 0 -0.52727035)
(0.76727675 0 -0.55337577)
(0.76726522 0 -0.58072908)
(0.76725313 0 -0.60938993)
(0.76724047 0 -0.63942083)
(0.7672272 0 -0.67088727)
(0.76721329 0 -0.70385787)
(0.76719872 0 -0.73840453)
(0.76718346 0 -0.77460259)
(0.76716746 0 -0.812531)
(0.7671507 0 -0.85227246)
(0.76713314 0 -0.89391364)
(0.76711474 0 -0.93754535)
(0.76709546 0 -0.98326275)
(0.76707526 0 -1.0311655)
(0.76705409 0 -1.0813582)
(0.76703191 0 -1.1339501)
(0.76700867 0 -1.1890561)
(0.76698432 0 -1.2467962)
(0.7669588 0 -1.3072964)
(0.76693207 0 -1.3706887)
(0.76690405 0 -1.4371112)
(0.7668747 0 -1.5067089)
(0.76684395 0 -1.5796335)
(0.76681172 0 -1.656044)
(0.76677796 0 -1.7361071)
(0.76674258 0 -1.8199974)
(0.76670551 0 -1.9078978)
(0.76666667 0 -2)
(0.74405945 0 -0.34198966)
(0.74405195 0 -0.35911611)
(0.74404409 0 -0.37706124)
(0.74403586 0 -0.39586418)
(0.74402723 0 -0.41556594)
(0.74401819 0 -0.43620949)
(0.74400872 0 -0.45783984)
(0.74399879 0 -0.48050416)
(0.74398839 0 -0.50425189)
(0.74397749 0 -0.5291348)
(0.74396607 0 -0.55520717)
(0.74395411 0 -0.58252585)
(0.74394157 0 -0.61115042)
(0.74392844 0 -0.6411433)
(0.74391468 0 -0.67256991)
(0.74390025 0 -0.70549876)
(0.74388514 0 -0.74000169)
(0.74386931 0 -0.77615393)
(0.74385272 0 -0.81403431)
(0.74383534 0 -0.85372546)
(0.74381713 0 -0.89531392)
(0.74379804 0 -0.9388904)
(0.74377805 0 -0.98454993)
(0.74375709 0 -1.0323921)
(0.74373514 0 -1.0825212)
(0.74371214 0 -1.1350465)
(0.74368803 0 -1.1900827)
(0.74366278 0 -1.2477497)
(0.74363632 0 -1.3081734)
(0.74360859 0 -1.3714854)
(0.74357954 0 -1.4378238)
(0.74354909 0 -1.5073334)
(0.7435172 0 -1.5801656)
(0.74348378 0 -1.6564794)
(0.74344876 0 -1.7364412)
(0.74341206 0 -1.8202252)
(0.74337362 0 -1.9080144)
(0.74333333 0 -2)
(0.72074531 0 -0.34402675)
(0.72073761 0 -0.36113216)
(0.72072954 0 -0.37905524)
(0.72072109 0 -0.39783508)
(0.72071223 0 -0.41751263)
(0.72070295 0 -0.43813081)
(0.72069323 0 -0.45973458)
(0.72068304 0 -0.48237106)
(0.72067237 0 -0.50608961)
(0.72066118 0 -0.53094195)
(0.72064946 0 -0.55698229)
(0.72063718 0 -0.5842674)
(0.72062431 0 -0.6128568)
(0.72061083 0 -0.64281284)
(0.7205967 0 -0.67420083)
(0.7205819 0 -0.70708923)
(0.72056639 0 -0.74154976)
(0.72055014 0 -0.77765758)
(0.72053311 0 -0.81549143)
(0.72051527 0 -0.85513381)
(0.72049658 0 -0.89667118)
(0.72047699 0 -0.94019412)
(0.72045646 0 -0.98579754)
(0.72043496 0 -1.0335809)
(0.72041242 0 -1.0836484)
(0.72038881 0 -1.1361092)
(0.72036407 0 -1.1910778)
(0.72033815 0 -1.248674)
(0.72031099 0 -1.3090234)
(0.72028253 0 -1.3722576)
(0.72025271 0 -1.4385145)
(0.72022146 0 -1.5079387)
(0.72018872 0 -1.5806815)
(0.72015442 0 -1.6569015)
(0.72011847 0 -1.736765)
(0.72008081 0 -1.8204461)
(0.72004135 0 -1.9081274)
(0.72 0 -2)
(0.69742447 0 -0.34599826)
(0.69741664 0 -0.3630833)
(0.69740844 0 -0.38098505)
(0.69739985 0 -0.39974253)
(0.69739084 0 -0.41939665)
(0.69738141 0 -0.43999029)
(0.69737152 0 -0.46156834)
(0.69736116 0 -0.48417787)
(0.69735031 0 -0.50786818)
(0.69733893 0 -0.53269093)
(0.69732702 0 -0.55870027)
(0.69731453 0 -0.5859529)
(0.69730145 0 -0.61450826)
(0.69728774 0 -0.64442863)
(0.69727338 0 -0.67577925)
(0.69725833 0 -0.7086285)
(0.69724256 0 -0.74304801)
(0.69722603 0 -0.77911284)
(0.69720872 0 -0.81690164)
(0.69719058 0 -0.85649683)
(0.69717157 0 -0.89798474)
(0.69715165 0 -0.94145586)
(0.69713078 0 -0.987005)
(0.69710892 0 -1.0347315)
(0.69708601 0 -1.0847394)
(0.697062 0 -1.1371377)
(0.69703684 0 -1.1920409)
(0.69701049 0 -1.2495685)
(0.69698287 0 -1.309846)
(0.69695393 0 -1.3730049)
(0.69692361 0 -1.439183)
(0.69689184 0 -1.5085245)
(0.69685855 0 -1.5811807)
(0.69682367 0 -1.65731)
(0.69678713 0 -1.7370784)
(0.69674883 0 -1.8206599)
(0.69670871 0 -1.9082368)
(0.69666667 0 -2)
(0.67409703 0 -0.3479028)
(0.67408914 0 -0.36496817)
(0.67408087 0 -0.3828493)
(0.67407221 0 -0.40158518)
(0.67406314 0 -0.42121668)
(0.67405363 0 -0.4417866)
(0.67404367 0 -0.46333981)
(0.67403323 0 -0.4859233)
(0.67402229 0 -0.50958633)
(0.67401083 0 -0.5343805)
(0.67399882 0 -0.56035989)
(0.67398623 0 -0.58758114)
(0.67397305 0 -0.61610362)
(0.67395923 0 -0.64598954)
(0.67394476 0 -0.67730406)
(0.67392959 0 -0.71011548)
(0.6739137 0 -0.74449535)
(0.67389705 0 -0.78051866)
(0.6738796 0 -0.81826395)
(0.67386132 0 -0.85781354)
(0.67384216 0 -0.89925368)
(0.67382209 0 -0.94267475)
(0.67380106 0 -0.98817143)
(0.67377902 0 -1.0358429)
(0.67375593 0 -1.0857933)
(0.67373174 0 -1.1381313)
(0.67370639 0 -1.1929712)
(0.67367983 0 -1.2504326)
(0.67365199 0 -1.3106407)
(0.67362283 0 -1.3737269)
(0.67359228 0 -1.4398288)
(0.67356026 0 -1.5090904)
(0.67352671 0 -1.5816629)
(0.67349156 0 -1.6577046)
(0.67345473 0 -1.7373811)
(0.67341614 0 -1.8208664)
(0.6733757 0 -1.9083424)
(0.67333333 0 -2)
(0.65076304 0 -0.34973857)
(0.65075516 0 -0.36678497)
(0.6507469 0 -0.38464623)
(0.65073825 0 -0.4033613)
(0.65072918 0 -0.42297098)
(0.65071968 0 -0.44351804)
(0.65070972 0 -0.4650473)
(0.65069929 0 -0.4876057)
(0.65068836 0 -0.51124244)
(0.65067691 0 -0.53600906)
(0.65066491 0 -0.56195957)
(0.65065234 0 -0.58915058)
(0.65063917 0 -0.61764137)
(0.65062537 0 -0.64749407)
(0.6506109 0 -0.6787738)
(0.65059575 0 -0.71154876)
(0.65057987 0 -0.74589044)
(0.65056323 0 -0.78187371)
(0.6505458 0 -0.81957706)
(0.65052753 0 -0.85908271)
(0.65050839 0 -0.9004768)
(0.65048834 0 -0.94384962)
(0.65046732 0 -0.98929575)
(0.65044531 0 -1.0369143)
(0.65042224 0 -1.0868091)
(0.65039806 0 -1.139089)
(0.65037274 0 -1.193868)
(0.6503462 0 -1.2512655)
(0.65031839 0 -1.3114067)
(0.65028925 0 -1.3744228)
(0.65025872 0 -1.4404512)
(0.65022673 0 -1.5096359)
(0.65019321 0 -1.5821278)
(0.65015809 0 -1.6580849)
(0.65012129 0 -1.7376729)
(0.65008273 0 -1.8210654)
(0.65004233 0 -1.9084443)
(0.65 0 -2)
(0.62742252 0 -0.35150303)
(0.62741472 0 -0.36853121)
(0.62740653 0 -0.38637337)
(0.62739796 0 -0.40506842)
(0.62738898 0 -0.42465714)
(0.62737957 0 -0.44518223)
(0.62736971 0 -0.46668847)
(0.62735938 0 -0.48922275)
(0.62734855 0 -0.51283422)
(0.62733721 0 -0.53757436)
(0.62732532 0 -0.56349713)
(0.62731287 0 -0.59065906)
(0.62729982 0 -0.61911939)
(0.62728614 0 -0.64894017)
(0.62727182 0 -0.68018646)
(0.62725681 0 -0.71292638)
(0.62724108 0 -0.74723133)
(0.6272246 0 -0.78317613)
(0.62720733 0 -0.82083917)
(0.62718923 0 -0.86030258)
(0.62717027 0 -0.90165241)
(0.62715041 0 -0.94497886)
(0.62712959 0 -0.99037639)
(0.62710778 0 -1.037944)
(0.62708493 0 -1.0877855)
(0.62706098 0 -1.1400095)
(0.62703589 0 -1.1947299)
(0.6270096 0 -1.252066)
(0.62698206 0 -1.3121429)
(0.6269532 0 -1.3750917)
(0.62692295 0 -1.4410495)
(0.62689126 0 -1.5101602)
(0.62685806 0 -1.5825746)
(0.62682327 0 -1.6584505)
(0.62678682 0 -1.7379534)
(0.62674862 0 -1.8212568)
(0.6267086 0 -1.9085422)
(0.62666667 0 -2)
(0.60407548 0 -0.35319317)
(0.60406781 0 -0.37020389)
(0.60405978 0 -0.38802776)
(0.60405137 0 -0.40670365)
(0.60404255 0 -0.42627228)
(0.60403331 0 -0.44677633)
(0.60402362 0 -0.46826052)
(0.60401348 0 -0.4907717)
(0.60400285 0 -0.51435895)
(0.60399171 0 -0.53907373)
(0.60398004 0 -0.56496992)
(0.60396781 0 -0.592104)
(0.603955 0 -0.62053515)
(0.60394158 0 -0.65032537)
(0.60392751 0 -0.68153961)
(0.60391277 0 -0.71424597)
(0.60389732 0 -0.74851575)
(0.60388114 0 -0.7844237)
(0.60386419 0 -0.82204812)
(0.60384642 0 -0.86147107)
(0.60382781 0 -0.90277851)
(0.6038083 0 -0.94606053)
(0.60378786 0 -0.99141152)
(0.60376645 0 -1.0389304)
(0.60374401 0 -1.0887207)
(0.6037205 0 -1.1408912)
(0.60369586 0 -1.1955555)
(0.60367005 0 -1.2528328)
(0.603643 0 -1.3128482)
(0.60361466 0 -1.3757324)
(0.60358497 0 -1.4416226)
(0.60355386 0 -1.5106624)
(0.60352126 0 -1.5830025)
(0.6034871 0 -1.6588007)
(0.60345131 0 -1.7382221)
(0.6034138 0 -1.82144)
(0.60337451 0 -1.9086359)
(0.60333333 0 -2)
(0.5807219 0 -0.35480543)
(0.58071444 0 -0.3717995)
(0.58070663 0 -0.38960592)
(0.58069844 0 -0.40826352)
(0.58068986 0 -0.42781299)
(0.58068088 0 -0.44829697)
(0.58067146 0 -0.46976013)
(0.58066159 0 -0.49224927)
(0.58065125 0 -0.51581343)
(0.58064042 0 -0.54050401)
(0.58062906 0 -0.56637485)
(0.58061717 0 -0.59348237)
(0.58060471 0 -0.62188568)
(0.58059165 0 -0.65164673)
(0.58057796 0 -0.68283042)
(0.58056363 0 -0.71550475)
(0.5805486 0 -0.74974098)
(0.58053286 0 -0.78561377)
(0.58051637 0 -0.82320136)
(0.58049909 0 -0.86258571)
(0.58048098 0 -0.90385271)
(0.58046201 0 -0.94709236)
(0.58044213 0 -0.99239895)
(0.5804213 0 -1.0398713)
(0.58039947 0 -1.0896129)
(0.5803766 0 -1.1417323)
(0.58035264 0 -1.1963431)
(0.58032753 0 -1.2535643)
(0.58030122 0 -1.3135209)
(0.58027366 0 -1.3763435)
(0.58024477 0 -1.4421692)
(0.58021451 0 -1.5111415)
(0.5801828 0 -1.5834108)
(0.58014957 0 -1.6591347)
(0.58011475 0 -1.7384784)
(0.58007827 0 -1.8216148)
(0.58004005 0 -1.9087254)
(0.58 0 -2)
(0.55736176 0 -0.35633551)
(0.55735458 0 -0.37331377)
(0.55734706 0 -0.39110363)
(0.55733917 0 -0.40974388)
(0.55733091 0 -0.42927517)
(0.55732226 0 -0.4497401)
(0.55731319 0 -0.4711833)
(0.55730369 0 -0.49365152)
(0.55729373 0 -0.51719377)
(0.5572833 0 -0.54186138)
(0.55727237 0 -0.56770816)
(0.55726092 0 -0.59479047)
(0.55724892 0 -0.62316737)
(0.55723634 0 -0.65290074)
(0.55722317 0 -0.68405542)
(0.55720936 0 -0.71669937)
(0.5571949 0 -0.75090376)
(0.55717974 0 -0.78674319)
(0.55716386 0 -0.82429582)
(0.55714722 0 -0.86364354)
(0.55712979 0 -0.90487216)
(0.55711152 0 -0.9480716)
(0.55709238 0 -0.99333605)
(0.55707232 0 -1.0407642)
(0.5570513 0 -1.0904596)
(0.55702928 0 -1.1425305)
(0.55700621 0 -1.1970905)
(0.55698203 0 -1.2542585)
(0.5569567 0 -1.3141594)
(0.55693016 0 -1.3769236)
(0.55690235 0 -1.442688)
(0.55687321 0 -1.5115961)
(0.55684267 0 -1.5837982)
(0.55681068 0 -1.6594517)
(0.55677716 0 -1.7387216)
(0.55674203 0 -1.8217807)
(0.55670523 0 -1.9088103)
(0.55666667 0 -2)
(0.53399505 0 -0.35777859)
(0.53398821 0 -0.37474194)
(0.53398105 0 -0.39251618)
(0.53397355 0 -0.41114007)
(0.53396568 0 -0.43065421)
(0.53395744 0 -0.45110117)
(0.53394881 0 -0.47252554)
(0.53393977 0 -0.49497403)
(0.53393029 0 -0.51849561)
(0.53392036 0 -0.54314157)
(0.53390995 0 -0.56896566)
(0.53389905 0 -0.59602419)
(0.53388762 0 -0.62437617)
(0.53387565 0 -0.65408344)
(0.53386311 0 -0.68521077)
(0.53384997 0 -0.71782606)
(0.5338362 0 -0.75200042)
(0.53382177 0 -0.78780838)
(0.53380665 0 -0.82532804)
(0.53379081 0 -0.86464122)
(0.53377421 0 -0.90583364)
(0.53375682 0 -0.94899515)
(0.5337386 0 -0.99421987)
(0.53371951 0 -1.0416064)
(0.5336995 0 -1.0912581)
(0.53367854 0 -1.1432833)
(0.53365657 0 -1.1977954)
(0.53363356 0 -1.2549133)
(0.53360944 0 -1.3147615)
(0.53358417 0 -1.3774706)
(0.5335577 0 -1.4431773)
(0.53352996 0 -1.512025)
(0.53350089 0 -1.5841636)
(0.53347043 0 -1.6597507)
(0.53343852 0 -1.738951)
(0.53340508 0 -1.8219372)
(0.53337004 0 -1.9088903)
(0.53333333 0 -2)
(0.51062176 0 -0.35912902)
(0.51061534 0 -0.37607842)
(0.51060861 0 -0.39383805)
(0.51060156 0 -0.41244662)
(0.51059417 0 -0.43194472)
(0.51058643 0 -0.45237486)
(0.51057832 0 -0.47378161)
(0.51056982 0 -0.49621165)
(0.51056092 0 -0.51971389)
(0.51055158 0 -0.54433958)
(0.51054181 0 -0.57014243)
(0.51053156 0 -0.59717871)
(0.51052083 0 -0.62550738)
(0.51050958 0 -0.65519021)
(0.5104978 0 -0.68629195)
(0.51048545 0 -0.71888041)
(0.51047251 0 -0.75302667)
(0.51045895 0 -0.78880519)
(0.51044474 0 -0.826294)
(0.51042986 0 -0.86557485)
(0.51041426 0 -0.9067334)
(0.51039792 0 -0.94985941)
(0.5103808 0 -0.99504694)
(0.51036286 0 -1.0423945)
(0.51034406 0 -1.0920054)
(0.51032436 0 -1.1439878)
(0.51030372 0 -1.1984551)
(0.5102821 0 -1.255526)
(0.51025944 0 -1.315325)
(0.5102357 0 -1.3779825)
(0.51021082 0 -1.4436352)
(0.51018475 0 -1.5124262)
(0.51015744 0 -1.5845056)
(0.51012882 0 -1.6600305)
(0.51009884 0 -1.7391657)
(0.51006742 0 -1.8220836)
(0.5100345 0 -1.9089653)
(0.51 0 -2)
(0.48724194 0 -0.3603804)
(0.487236 0 -0.37731688)
(0.48722977 0 -0.39506296)
(0.48722325 0 -0.41365734)
(0.48721641 0 -0.43314056)
(0.48720925 0 -0.45355513)
(0.48720174 0 -0.47494555)
(0.48719388 0 -0.49735848)
(0.48718564 0 -0.5208428)
(0.48717701 0 -0.54544971)
(0.48716796 0 -0.57123288)
(0.48715848 0 -0.59824854)
(0.48714855 0 -0.62655561)
(0.48713814 0 -0.65621581)
(0.48712724 0 -0.68729382)
(0.48711582 0 -0.71985743)
(0.48710384 0 -0.75397765)
(0.4870913 0 -0.78972889)
(0.48707816 0 -0.8271891)
(0.48706439 0 -0.86643999)
(0.48704996 0 -0.90756716)
(0.48703484 0 -0.95066028)
(0.48701899 0 -0.99581335)
(0.48700239 0 -1.0431248)
(0.486985 0 -1.0926979)
(0.48696678 0 -1.1446406)
(0.48694768 0 -1.1990664)
(0.48692767 0 -1.2560937)
(0.48690671 0 -1.3158471)
(0.48688474 0 -1.3784569)
(0.48686172 0 -1.4440595)
(0.48683761 0 -1.5127981)
(0.48681234 0 -1.5848225)
(0.48678586 0 -1.6602898)
(0.48675811 0 -1.7393646)
(0.48672904 0 -1.8222193)
(0.48669858 0 -1.9090347)
(0.48666667 0 -2)
(0.46385566 0 -0.36152554)
(0.46385026 0 -0.37845019)
(0.46384461 0 -0.39618387)
(0.46383869 0 -0.41476527)
(0.46383248 0 -0.43423489)
(0.46382598 0 -0.4546352)
(0.46381916 0 -0.47601068)
(0.46381202 0 -0.49840796)
(0.46380454 0 -0.52187587)
(0.4637967 0 -0.54646559)
(0.46378849 0 -0.57223076)
(0.46377988 0 -0.59922755)
(0.46377086 0 -0.62751485)
(0.46376141 0 -0.65715433)
(0.46375151 0 -0.68821064)
(0.46374114 0 -0.72075151)
(0.46373027 0 -0.7548479)
(0.46371888 0 -0.79057416)
(0.46370695 0 -0.82800822)
(0.46369444 0 -0.86723169)
(0.46368134 0 -0.90833013)
(0.46366762 0 -0.95139316)
(0.46365323 0 -0.99651469)
(0.46363816 0 -1.0437931)
(0.46362237 0 -1.0933316)
(0.46360582 0 -1.145238)
(0.46358848 0 -1.1996257)
(0.46357032 0 -1.2566133)
(0.46355128 0 -1.316325)
(0.46353133 0 -1.378891)
(0.46351044 0 -1.4444478)
(0.46348854 0 -1.5131383)
(0.46346559 0 -1.5851124)
(0.46344155 0 -1.660527)
(0.46341636 0 -1.7395466)
(0.46338997 0 -1.8223435)
(0.46336231 0 -1.9090982)
(0.46333333 0 -2)
(0.44046306 0 -0.36255626)
(0.44045828 0 -0.37947026)
(0.44045326 0 -0.39719279)
(0.44044801 0 -0.41576249)
(0.44044251 0 -0.43521987)
(0.44043674 0 -0.45560734)
(0.4404307 0 -0.47696938)
(0.44042437 0 -0.49935257)
(0.44041774 0 -0.52280571)
(0.44041079 0 -0.54737997)
(0.44040351 0 -0.57312893)
(0.44039588 0 -0.60010874)
(0.44038789 0 -0.62837824)
(0.44037951 0 -0.65799908)
(0.44037073 0 -0.68903585)
(0.44036154 0 -0.72155625)
(0.4403519 0 -0.75563119)
(0.4403418 0 -0.79133498)
(0.44033122 0 -0.82874548)
(0.44032014 0 -0.86794429)
(0.44030852 0 -0.90901687)
(0.44029635 0 -0.95205281)
(0.4402836 0 -0.99714596)
(0.44027024 0 -1.0443946)
(0.44025624 0 -1.0939019)
(0.44024157 0 -1.1457757)
(0.4402262 0 -1.2001292)
(0.44021009 0 -1.2570809)
(0.44019322 0 -1.3167551)
(0.44017554 0 -1.3792817)
(0.44015701 0 -1.4447973)
(0.44013759 0 -1.5134446)
(0.44011725 0 -1.5853734)
(0.44009594 0 -1.6607406)
(0.44007361 0 -1.7397105)
(0.44005021 0 -1.8224552)
(0.44002569 0 -1.9091554)
(0.44 0 -2)
(0.41706439 0 -0.36346342)
(0.41706028 0 -0.38036806)
(0.41705598 0 -0.39808077)
(0.41705147 0 -0.41664018)
(0.41704674 0 -0.43608678)
(0.41704179 0 -0.45646296)
(0.4170366 0 -0.47781316)
(0.41703116 0 -0.50018394)
(0.41702547 0 -0.5236241)
(0.4170195 0 -0.54818474)
(0.41701324 0 -0.57391943)
(0.41700669 0 -0.6008843)
(0.41699982 0 -0.62913813)
(0.41699263 0 -0.65874256)
(0.41698509 0 -0.68976214)
(0.41697719 0 -0.72226453)
(0.41696891 0 -0.75632059)
(0.41696024 0 -0.7920046)
(0.41695116 0 -0.82939437)
(0.41694163 0 -0.86857146)
(0.41693166 0 -0.90962129)
(0.4169212 0 -0.95263339)
(0.41691025 0 -0.99770155)
(0.41689878 0 -1.0449241)
(0.41688675 0 -1.0944039)
(0.41687415 0 -1.146249)
(0.41686095 0 -1.2005724)
(0.41684712 0 -1.2574925)
(0.41683262 0 -1.3171336)
(0.41681743 0 -1.3796256)
(0.41680152 0 -1.4451049)
(0.41678485 0 -1.5137142)
(0.41676738 0 -1.5856031)
(0.41674907 0 -1.6609285)
(0.41672989 0 -1.7398547)
(0.41670979 0 -1.8225536)
(0.41668873 0 -1.9092057)
(0.41666667 0 -2)
(0.39366002 0 -0.36423681)
(0.39365665 0 -0.38113345)
(0.39365311 0 -0.39883779)
(0.3936494 0 -0.41738844)
(0.39364552 0 -0.43682584)
(0.39364145 0 -0.45719239)
(0.39363719 0 -0.4785325)
(0.39363273 0 -0.50089272)
(0.39362805 0 -0.5243218)
(0.39362315 0 -0.54887083)
(0.39361801 0 -0.57459336)
(0.39361263 0 -0.60154548)
(0.39360699 0 -0.62978597)
(0.39360108 0 -0.65937641)
(0.39359488 0 -0.69038133)
(0.3935884 0 -0.72286835)
(0.3935816 0 -0.75690832)
(0.39357447 0 -0.79257546)
(0.39356701 0 -0.82994757)
(0.39355919 0 -0.86910614)
(0.393551 0 -0.91013657)
(0.39354241 0 -0.95312834)
(0.39353341 0 -0.99817521)
(0.39352399 0 -1.0453754)
(0.39351411 0 -1.0948319)
(0.39350376 0 -1.1466525)
(0.39349292 0 -1.2009502)
(0.39348155 0 -1.2578434)
(0.39346965 0 -1.3174563)
(0.39345717 0 -1.3799188)
(0.3934441 0 -1.4453671)
(0.39343041 0 -1.513944)
(0.39341606 0 -1.585799)
(0.39340102 0 -1.6610888)
(0.39338526 0 -1.7399776)
(0.39336876 0 -1.8226375)
(0.39335146 0 -1.9092486)
(0.39333333 0 -2)
(0.37025048 0 -0.36486471)
(0.3702479 0 -0.38175487)
(0.37024519 0 -0.39945241)
(0.37024234 0 -0.41799593)
(0.37023937 0 -0.43742588)
(0.37023625 0 -0.45778461)
(0.37023298 0 -0.47911653)
(0.37022956 0 -0.50146816)
(0.37022597 0 -0.52488825)
(0.37022221 0 -0.54942786)
(0.37021827 0 -0.57514052)
(0.37021414 0 -0.60208229)
(0.37020982 0 -0.63031193)
(0.37020529 0 -0.65989101)
(0.37020054 0 -0.69088404)
(0.37019557 0 -0.72335859)
(0.37019035 0 -0.75738549)
(0.37018489 0 -0.79303894)
(0.37017917 0 -0.8303967)
(0.37017317 0 -0.86954025)
(0.37016689 0 -0.91055493)
(0.37016031 0 -0.95353019)
(0.37015341 0 -0.99855977)
(0.37014618 0 -1.0457418)
(0.37013861 0 -1.0951793)
(0.37013067 0 -1.14698)
(0.37012236 0 -1.2012569)
(0.37011365 0 -1.2581283)
(0.37010452 0 -1.3177183)
(0.37009495 0 -1.3801568)
(0.37008493 0 -1.44558)
(0.37007443 0 -1.5141305)
(0.37006343 0 -1.585958)
(0.3700519 0 -1.6612189)
(0.37003982 0 -1.7400774)
(0.37002716 0 -1.8227055)
(0.3700139 0 -1.9092835)
(0.37 0 -2)
(0.34683654 0 -0.36533413)
(0.34683479 0 -0.38221944)
(0.34683295 0 -0.3999119)
(0.34683102 0 -0.4184501)
(0.346829 0 -0.43787447)
(0.34682689 0 -0.45822735)
(0.34682467 0 -0.47955315)
(0.34682235 0 -0.50189837)
(0.34681992 0 -0.52531173)
(0.34681737 0 -0.54984429)
(0.3468147 0 -0.57554957)
(0.3468119 0 -0.60248361)
(0.34680897 0 -0.63070515)
(0.34680589 0 -0.66027574)
(0.34680267 0 -0.69125986)
(0.3467993 0 -0.72372509)
(0.34679576 0 -0.75774222)
(0.34679206 0 -0.79338544)
(0.34678818 0 -0.83073248)
(0.34678411 0 -0.86986478)
(0.34677985 0 -0.91086769)
(0.34677539 0 -0.95383062)
(0.34677071 0 -0.99884726)
(0.34676581 0 -1.0460158)
(0.34676067 0 -1.0954391)
(0.34675529 0 -1.1472249)
(0.34674965 0 -1.2014862)
(0.34674374 0 -1.2583413)
(0.34673755 0 -1.3179142)
(0.34673106 0 -1.3803347)
(0.34672427 0 -1.4457392)
(0.34671714 0 -1.51427)
(0.34670968 0 -1.5860768)
(0.34670186 0 -1.6613161)
(0.34669367 0 -1.740152)
(0.34668509 0 -1.8227564)
(0.34667609 0 -1.9093095)
(0.34666667 0 -2)
(1.0189895 0 -0.31518541)
(1.0189895 0 -0.33258873)
(1.0189895 0 -0.35082397)
(1.0189895 0 -0.36993089)
(1.0189895 0 -0.38995116)
(1.0189895 0 -0.41092844)
(1.0189895 0 -0.43290847)
(1.0189895 0 -0.4559392)
(1.0189895 0 -0.48007084)
(1.0189895 0 -0.50535603)
(1.0189895 0 -0.5318499)
(1.0189895 0 -0.55961023)
(1.0189895 0 -0.58869755)
(1.0189895 0 -0.61917532)
(1.0189895 0 -0.65110998)
(1.0189895 0 -0.68457118)
(1.0189895 0 -0.7196319)
(1.0189895 0 -0.75636859)
(1.0189895 0 -0.79486138)
(1.0189895 0 -0.83519419)
(1.0189895 0 -0.877455)
(1.0189895 0 -0.92173595)
(1.0189895 0 -0.96813363)
(1.0189895 0 -1.0167492)
(1.0189895 0 -1.0676887)
(1.0189895 0 -1.1210632)
(1.0189895 0 -1.1769892)
(1.0189895 0 -1.2355885)
(1.0189895 0 -1.2969889)
(1.0189895 0 -1.3613245)
(1.0189895 0 -1.4287354)
(1.0189895 0 -1.4993687)
(1.0189895 0 -1.5733784)
(1.0189895 0 -1.6509259)
(1.0189895 0 -1.7321803)
(1.0189895 0 -1.8173189)
(1.0189895 0 -1.9065273)
(1.0189895 0 -2)
(1.039134 0 -0.31518541)
(1.039134 0 -0.33258873)
(1.039134 0 -0.35082397)
(1.039134 0 -0.36993089)
(1.039134 0 -0.38995116)
(1.039134 0 -0.41092844)
(1.039134 0 -0.43290847)
(1.039134 0 -0.4559392)
(1.039134 0 -0.48007084)
(1.039134 0 -0.50535603)
(1.039134 0 -0.5318499)
(1.039134 0 -0.55961023)
(1.039134 0 -0.58869755)
(1.039134 0 -0.61917532)
(1.039134 0 -0.65110998)
(1.039134 0 -0.68457118)
(1.039134 0 -0.7196319)
(1.039134 0 -0.75636859)
(1.039134 0 -0.79486138)
(1.039134 0 -0.83519419)
(1.039134 0 -0.877455)
(1.039134 0 -0.92173595)
(1.039134 0 -0.96813363)
(1.039134 0 -1.0167492)
(1.039134 0 -1.0676887)
(1.039134 0 -1.1210632)
(1.039134 0 -1.1769892)
(1.039134 0 -1.2355885)
(1.039134 0 -1.2969889)
(1.039134 0 -1.3613245)
(1.039134 0 -1.4287354)
(1.039134 0 -1.4993687)
(1.039134 0 -1.5733784)
(1.039134 0 -1.6509259)
(1.039134 0 -1.7321803)
(1.039134 0 -1.8173189)
(1.039134 0 -1.9065273)
(1.039134 0 -2)
(1.0605036 0 -0.31518541)
(1.0605036 0 -0.33258873)
(1.0605036 0 -0.35082397)
(1.0605036 0 -0.36993089)
(1.0605036 0 -0.38995116)
(1.0605036 0 -0.41092844)
(1.0605036 0 -0.43290847)
(1.0605036 0 -0.4559392)
(1.0605036 0 -0.48007084)
(1.0605036 0 -0.50535603)
(1.0605036 0 -0.5318499)
(1.0605036 0 -0.55961023)
(1.0605036 0 -0.58869755)
(1.0605036 0 -0.61917532)
(1.0605036 0 -0.65110998)
(1.0605036 0 -0.68457118)
(1.0605036 0 -0.7196319)
(1.0605036 0 -0.75636859)
(1.0605036 0 -0.79486138)
(1.0605036 0 -0.83519419)
(1.0605036 0 -0.877455)
(1.0605036 0 -0.92173595)
(1.0605036 0 -0.96813363)
(1.0605036 0 -1.0167492)
(1.0605036 0 -1.0676887)
(1.0605036 0 -1.1210632)
(1.0605036 0 -1.1769892)
(1.0605036 0 -1.2355885)
(1.0605036 0 -1.2969889)
(1.0605036 0 -1.3613245)
(1.0605036 0 -1.4287354)
(1.0605036 0 -1.4993687)
(1.0605036 0 -1.5733784)
(1.0605036 0 -1.6509259)
(1.0605036 0 -1.7321803)
(1.0605036 0 -1.8173189)
(1.0605036 0 -1.9065273)
(1.0605036 0 -2)
(1.0831729 0 -0.31518541)
(1.0831729 0 -0.33258873)
(1.0831729 0 -0.35082397)
(1.0831729 0 -0.36993089)
(1.0831729 0 -0.38995116)
(1.0831729 0 -0.41092844)
(1.0831729 0 -0.43290847)
(1.0831729 0 -0.4559392)
(1.0831729 0 -0.48007084)
(1.0831729 0 -0.50535603)
(1.0831729 0 -0.5318499)
(1.0831729 0 -0.55961023)
(1.0831729 0 -0.58869755)
(1.0831729 0 -0.61917532)
(1.0831729 0 -0.65110998)
(1.0831729 0 -0.68457118)
(1.0831729 0 -0.7196319)
(1.0831729 0 -0.75636859)
(1.0831729 0 -0.79486138)
(1.0831729 0 -0.83519419)
(1.0831729 0 -0.877455)
(1.0831729 0 -0.92173595)
(1.0831729 0 -0.96813363)
(1.0831729 0 -1.0167492)
(1.0831729 0 -1.0676887)
(1.0831729 0 -1.1210632)
(1.0831729 0 -1.1769892)
(1.0831729 0 -1.2355885)
(1.0831729 0 -1.2969889)
(1.0831729 0 -1.3613245)
(1.0831729 0 -1.4287354)
(1.0831729 0 -1.4993687)
(1.0831729 0 -1.5733784)
(1.0831729 0 -1.6509259)
(1.0831729 0 -1.7321803)
(1.0831729 0 -1.8173189)
(1.0831729 0 -1.9065273)
(1.0831729 0 -2)
(1.1072209 0 -0.31518541)
(1.1072209 0 -0.33258873)
(1.1072209 0 -0.35082397)
(1.1072209 0 -0.36993089)
(1.1072209 0 -0.38995116)
(1.1072209 0 -0.41092844)
(1.1072209 0 -0.43290847)
(1.1072209 0 -0.4559392)
(1.1072209 0 -0.48007084)
(1.1072209 0 -0.50535603)
(1.1072209 0 -0.5318499)
(1.1072209 0 -0.55961023)
(1.1072209 0 -0.58869755)
(1.1072209 0 -0.61917532)
(1.1072209 0 -0.65110998)
(1.1072209 0 -0.68457118)
(1.1072209 0 -0.7196319)
(1.1072209 0 -0.75636859)
(1.1072209 0 -0.79486138)
(1.1072209 0 -0.83519419)
(1.1072209 0 -0.877455)
(1.1072209 0 -0.92173595)
(1.1072209 0 -0.96813363)
(1.1072209 0 -1.0167492)
(1.1072209 0 -1.0676887)
(1.1072209 0 -1.1210632)
(1.1072209 0 -1.1769892)
(1.1072209 0 -1.2355885)
(1.1072209 0 -1.2969889)
(1.1072209 0 -1.3613245)
(1.1072209 0 -1.4287354)
(1.1072209 0 -1.4993687)
(1.1072209 0 -1.5733784)
(1.1072209 0 -1.6509259)
(1.1072209 0 -1.7321803)
(1.1072209 0 -1.8173189)
(1.1072209 0 -1.9065273)
(1.1072209 0 -2)
(1.1327314 0 -0.31518541)
(1.1327314 0 -0.33258873)
(1.1327314 0 -0.35082397)
(1.1327314 0 -0.36993089)
(1.1327314 0 -0.38995116)
(1.1327314 0 -0.41092844)
(1.1327314 0 -0.43290847)
(1.1327314 0 -0.4559392)
(1.1327314 0 -0.48007084)
(1.1327314 0 -0.50535603)
(1.1327314 0 -0.5318499)
(1.1327314 0 -0.55961023)
(1.1327314 0 -0.58869755)
(1.1327314 0 -0.61917532)
(1.1327314 0 -0.65110998)
(1.1327314 0 -0.68457118)
(1.1327314 0 -0.7196319)
(1.1327314 0 -0.75636859)
(1.1327314 0 -0.79486138)
(1.1327314 0 -0.83519419)
(1.1327314 0 -0.877455)
(1.1327314 0 -0.92173595)
(1.1327314 0 -0.96813363)
(1.1327314 0 -1.0167492)
(1.1327314 0 -1.0676887)
(1.1327314 0 -1.1210632)
(1.1327314 0 -1.1769892)
(1.1327314 0 -1.2355885)
(1.1327314 0 -1.2969889)
(1.1327314 0 -1.3613245)
(1.1327314 0 -1.4287354)
(1.1327314 0 -1.4993687)
(1.1327314 0 -1.5733784)
(1.1327314 0 -1.6509259)
(1.1327314 0 -1.7321803)
(1.1327314 0 -1.8173189)
(1.1327314 0 -1.9065273)
(1.1327314 0 -2)
(1.1597935 0 -0.31518541)
(1.1597935 0 -0.33258873)
(1.1597935 0 -0.35082397)
(1.1597935 0 -0.36993089)
(1.1597935 0 -0.38995116)
(1.1597935 0 -0.41092844)
(1.1597935 0 -0.43290847)
(1.1597935 0 -0.4559392)
(1.1597935 0 -0.48007084)
(1.1597935 0 -0.50535603)
(1.1597935 0 -0.5318499)
(1.1597935 0 -0.55961023)
(1.1597935 0 -0.58869755)
(1.1597935 0 -0.61917532)
(1.1597935 0 -0.65110998)
(1.1597935 0 -0.68457118)
(1.1597935 0 -0.7196319)
(1.1597935 0 -0.75636859)
(1.1597935 0 -0.79486138)
(1.1597935 0 -0.83519419)
(1.1597935 0 -0.877455)
(1.1597935 0 -0.92173595)
(1.1597935 0 -0.96813363)
(1.1597935 0 -1.0167492)
(1.1597935 0 -1.0676887)
(1.1597935 0 -1.1210632)
(1.1597935 0 -1.1769892)
(1.1597935 0 -1.2355885)
(1.1597935 0 -1.2969889)
(1.1597935 0 -1.3613245)
(1.1597935 0 -1.4287354)
(1.1597935 0 -1.4993687)
(1.1597935 0 -1.5733784)
(1.1597935 0 -1.6509259)
(1.1597935 0 -1.7321803)
(1.1597935 0 -1.8173189)
(1.1597935 0 -1.9065273)
(1.1597935 0 -2)
(1.1885014 0 -0.31518541)
(1.1885014 0 -0.33258873)
(1.1885014 0 -0.35082397)
(1.1885014 0 -0.36993089)
(1.1885014 0 -0.38995116)
(1.1885014 0 -0.41092844)
(1.1885014 0 -0.43290847)
(1.1885014 0 -0.4559392)
(1.1885014 0 -0.48007084)
(1.1885014 0 -0.50535603)
(1.1885014 0 -0.5318499)
(1.1885014 0 -0.55961023)
(1.1885014 0 -0.58869755)
(1.1885014 0 -0.61917532)
(1.1885014 0 -0.65110998)
(1.1885014 0 -0.68457118)
(1.1885014 0 -0.7196319)
(1.1885014 0 -0.75636859)
(1.1885014 0 -0.79486138)
(1.1885014 0 -0.83519419)
(1.1885014 0 -0.877455)
(1.1885014 0 -0.92173595)
(1.1885014 0 -0.96813363)
(1.1885014 0 -1.0167492)
(1.1885014 0 -1.0676887)
(1.1885014 0 -1.1210632)
(1.1885014 0 -1.1769892)
(1.1885014 0 -1.2355885)
(1.1885014 0 -1.2969889)
(1.1885014 0 -1.3613245)
(1.1885014 0 -1.4287354)
(1.1885014 0 -1.4993687)
(1.1885014 0 -1.5733784)
(1.1885014 0 -1.6509259)
(1.1885014 0 -1.7321803)
(1.1885014 0 -1.8173189)
(1.1885014 0 -1.9065273)
(1.1885014 0 -2)
(1.2189553 0 -0.31518541)
(1.2189553 0 -0.33258873)
(1.2189553 0 -0.35082397)
(1.2189553 0 -0.36993089)
(1.2189553 0 -0.38995116)
(1.2189553 0 -0.41092844)
(1.2189553 0 -0.43290847)
(1.2189553 0 -0.4559392)
(1.2189553 0 -0.48007084)
(1.2189553 0 -0.50535603)
(1.2189553 0 -0.5318499)
(1.2189553 0 -0.55961023)
(1.2189553 0 -0.58869755)
(1.2189553 0 -0.61917532)
(1.2189553 0 -0.65110998)
(1.2189553 0 -0.68457118)
(1.2189553 0 -0.7196319)
(1.2189553 0 -0.75636859)
(1.2189553 0 -0.79486138)
(1.2189553 0 -0.83519419)
(1.2189553 0 -0.877455)
(1.2189553 0 -0.92173595)
(1.2189553 0 -0.96813363)
(1.2189553 0 -1.0167492)
(1.2189553 0 -1.0676887)
(1.2189553 0 -1.1210632)
(1.2189553 0 -1.1769892)
(1.2189553 0 -1.2355885)
(1.2189553 0 -1.2969889)
(1.2189553 0 -1.3613245)
(1.2189553 0 -1.4287354)
(1.2189553 0 -1.4993687)
(1.2189553 0 -1.5733784)
(1.2189553 0 -1.6509259)
(1.2189553 0 -1.7321803)
(1.2189553 0 -1.8173189)
(1.2189553 0 -1.9065273)
(1.2189553 0 -2)
(1.2512614 0 -0.31518541)
(1.2512614 0 -0.33258873)
(1.2512614 0 -0.35082397)
(1.2512614 0 -0.36993089)
(1.2512614 0 -0.38995116)
(1.2512614 0 -0.41092844)
(1.2512614 0 -0.43290847)
(1.2512614 0 -0.4559392)
(1.2512614 0 -0.48007084)
(1.2512614 0 -0.50535603)
(1.2512614 0 -0.5318499)
(1.2512614 0 -0.55961023)
(1.2512614 0 -0.58869755)
(1.2512614 0 -0.61917532)
(1.2512614 0 -0.65110998)
(1.2512614 0 -0.68457118)
(1.2512614 0 -0.7196319)
(1.2512614 0 -0.75636859)
(1.2512614 0 -0.79486138)
(1.2512614 0 -0.83519419)
(1.2512614 0 -0.877455)
(1.2512614 0 -0.92173595)
(1.2512614 0 -0.96813363)
(1.2512614 0 -1.0167492)
(1.2512614 0 -1.0676887)
(1.2512614 0 -1.1210632)
(1.2512614 0 -1.1769892)
(1.2512614 0 -1.2355885)
(1.2512614 0 -1.2969889)
(1.2512614 0 -1.3613245)
(1.2512614 0 -1.4287354)
(1.2512614 0 -1.4993687)
(1.2512614 0 -1.5733784)
(1.2512614 0 -1.6509259)
(1.2512614 0 -1.7321803)
(1.2512614 0 -1.8173189)
(1.2512614 0 -1.9065273)
(1.2512614 0 -2)
(1.2855322 0 -0.31518541)
(1.2855322 0 -0.33258873)
(1.2855322 0 -0.35082397)
(1.2855322 0 -0.36993089)
(1.2855322 0 -0.38995116)
(1.2855322 0 -0.41092844)
(1.2855322 0 -0.43290847)
(1.2855322 0 -0.4559392)
(1.2855322 0 -0.48007084)
(1.2855322 0 -0.50535603)
(1.2855322 0 -0.5318499)
(1.2855322 0 -0.55961023)
(1.2855322 0 -0.58869755)
(1.2855322 0 -0.61917532)
(1.2855322 0 -0.65110998)
(1.2855322 0 -0.68457118)
(1.2855322 0 -0.7196319)
(1.2855322 0 -0.75636859)
(1.2855322 0 -0.79486138)
(1.2855322 0 -0.83519419)
(1.2855322 0 -0.877455)
(1.2855322 0 -0.92173595)
(1.2855322 0 -0.96813363)
(1.2855322 0 -1.0167492)
(1.2855322 0 -1.0676887)
(1.2855322 0 -1.1210632)
(1.2855322 0 -1.1769892)
(1.2855322 0 -1.2355885)
(1.2855322 0 -1.2969889)
(1.2855322 0 -1.3613245)
(1.2855322 0 -1.4287354)
(1.2855322 0 -1.4993687)
(1.2855322 0 -1.5733784)
(1.2855322 0 -1.6509259)
(1.2855322 0 -1.7321803)
(1.2855322 0 -1.8173189)
(1.2855322 0 -1.9065273)
(1.2855322 0 -2)
(1.3218874 0 -0.31518541)
(1.3218874 0 -0.33258873)
(1.3218874 0 -0.35082397)
(1.3218874 0 -0.36993089)
(1.3218874 0 -0.38995116)
(1.3218874 0 -0.41092844)
(1.3218874 0 -0.43290847)
(1.3218874 0 -0.4559392)
(1.3218874 0 -0.48007084)
(1.3218874 0 -0.50535603)
(1.3218874 0 -0.5318499)
(1.3218874 0 -0.55961023)
(1.3218874 0 -0.58869755)
(1.3218874 0 -0.61917532)
(1.3218874 0 -0.65110998)
(1.3218874 0 -0.68457118)
(1.3218874 0 -0.7196319)
(1.3218874 0 -0.75636859)
(1.3218874 0 -0.79486138)
(1.3218874 0 -0.83519419)
(1.3218874 0 -0.877455)
(1.3218874 0 -0.92173595)
(1.3218874 0 -0.96813363)
(1.3218874 0 -1.0167492)
(1.3218874 0 -1.0676887)
(1.3218874 0 -1.1210632)
(1.3218874 0 -1.1769892)
(1.3218874 0 -1.2355885)
(1.3218874 0 -1.2969889)
(1.3218874 0 -1.3613245)
(1.3218874 0 -1.4287354)
(1.3218874 0 -1.4993687)
(1.3218874 0 -1.5733784)
(1.3218874 0 -1.6509259)
(1.3218874 0 -1.7321803)
(1.3218874 0 -1.8173189)
(1.3218874 0 -1.9065273)
(1.3218874 0 -2)
(1.3604536 0 -0.31518541)
(1.3604536 0 -0.33258873)
(1.3604536 0 -0.35082397)
(1.3604536 0 -0.36993089)
(1.3604536 0 -0.38995116)
(1.3604536 0 -0.41092844)
(1.3604536 0 -0.43290847)
(1.3604536 0 -0.4559392)
(1.3604536 0 -0.48007084)
(1.3604536 0 -0.50535603)
(1.3604536 0 -0.5318499)
(1.3604536 0 -0.55961023)
(1.3604536 0 -0.58869755)
(1.3604536 0 -0.61917532)
(1.3604536 0 -0.65110998)
(1.3604536 0 -0.68457118)
(1.3604536 0 -0.7196319)
(1.3604536 0 -0.75636859)
(1.3604536 0 -0.79486138)
(1.3604536 0 -0.83519419)
(1.3604536 0 -0.877455)
(1.3604536 0 -0.92173595)
(1.3604536 0 -0.96813363)
(1.3604536 0 -1.0167492)
(1.3604536 0 -1.0676887)
(1.3604536 0 -1.1210632)
(1.3604536 0 -1.1769892)
(1.3604536 0 -1.2355885)
(1.3604536 0 -1.2969889)
(1.3604536 0 -1.3613245)
(1.3604536 0 -1.4287354)
(1.3604536 0 -1.4993687)
(1.3604536 0 -1.5733784)
(1.3604536 0 -1.6509259)
(1.3604536 0 -1.7321803)
(1.3604536 0 -1.8173189)
(1.3604536 0 -1.9065273)
(1.3604536 0 -2)
(1.4013653 0 -0.31518541)
(1.4013653 0 -0.33258873)
(1.4013653 0 -0.35082397)
(1.4013653 0 -0.36993089)
(1.4013653 0 -0.38995116)
(1.4013653 0 -0.41092844)
(1.4013653 0 -0.43290847)
(1.4013653 0 -0.4559392)
(1.4013653 0 -0.48007084)
(1.4013653 0 -0.50535603)
(1.4013653 0 -0.5318499)
(1.4013653 0 -0.55961023)
(1.4013653 0 -0.58869755)
(1.4013653 0 -0.61917532)
(1.4013653 0 -0.65110998)
(1.4013653 0 -0.68457118)
(1.4013653 0 -0.7196319)
(1.4013653 0 -0.75636859)
(1.4013653 0 -0.79486138)
(1.4013653 0 -0.83519419)
(1.4013653 0 -0.877455)
(1.4013653 0 -0.92173595)
(1.4013653 0 -0.96813363)
(1.4013653 0 -1.0167492)
(1.4013653 0 -1.0676887)
(1.4013653 0 -1.1210632)
(1.4013653 0 -1.1769892)
(1.4013653 0 -1.2355885)
(1.4013653 0 -1.2969889)
(1.4013653 0 -1.3613245)
(1.4013653 0 -1.4287354)
(1.4013653 0 -1.4993687)
(1.4013653 0 -1.5733784)
(1.4013653 0 -1.6509259)
(1.4013653 0 -1.7321803)
(1.4013653 0 -1.8173189)
(1.4013653 0 -1.9065273)
(1.4013653 0 -2)
(1.4447652 0 -0.31518541)
(1.4447652 0 -0.33258873)
(1.4447652 0 -0.35082397)
(1.4447652 0 -0.36993089)
(1.4447652 0 -0.38995116)
(1.4447652 0 -0.41092844)
(1.4447652 0 -0.43290847)
(1.4447652 0 -0.4559392)
(1.4447652 0 -0.48007084)
(1.4447652 0 -0.50535603)
(1.4447652 0 -0.5318499)
(1.4447652 0 -0.55961023)
(1.4447652 0 -0.58869755)
(1.4447652 0 -0.61917532)
(1.4447652 0 -0.65110998)
(1.4447652 0 -0.68457118)
(1.4447652 0 -0.7196319)
(1.4447652 0 -0.75636859)
(1.4447652 0 -0.79486138)
(1.4447652 0 -0.83519419)
(1.4447652 0 -0.877455)
(1.4447652 0 -0.92173595)
(1.4447652 0 -0.96813363)
(1.4447652 0 -1.0167492)
(1.4447652 0 -1.0676887)
(1.4447652 0 -1.1210632)
(1.4447652 0 -1.1769892)
(1.4447652 0 -1.2355885)
(1.4447652 0 -1.2969889)
(1.4447652 0 -1.3613245)
(1.4447652 0 -1.4287354)
(1.4447652 0 -1.4993687)
(1.4447652 0 -1.5733784)
(1.4447652 0 -1.6509259)
(1.4447652 0 -1.7321803)
(1.4447652 0 -1.8173189)
(1.4447652 0 -1.9065273)
(1.4447652 0 -2)
(0.97677982 -0.1 -0.31798387)
(1 -0.1 -0.31518541)
(0.97677866 -0.1 -0.33535829)
(1 -0.1 -0.33258873)
(0.97677743 -0.1 -0.35356324)
(1 -0.1 -0.35082397)
(0.97677615 -0.1 -0.37263842)
(1 -0.1 -0.36993089)
(0.9767748 -0.1 -0.39262544)
(1 -0.1 -0.38995116)
(0.97677339 -0.1 -0.41356788)
(1 -0.1 -0.41092844)
(0.97677192 -0.1 -0.4355114)
(1 -0.1 -0.43290847)
(0.97677037 -0.1 -0.45850388)
(1 -0.1 -0.4559392)
(0.97676875 -0.1 -0.48259544)
(1 -0.1 -0.48007084)
(0.97676705 -0.1 -0.50783862)
(1 -0.1 -0.50535603)
(0.97676527 -0.1 -0.53428848)
(1 -0.1 -0.5318499)
(0.97676341 -0.1 -0.5620027)
(1 -0.1 -0.55961023)
(0.97676145 -0.1 -0.59104172)
(1 -0.1 -0.58869755)
(0.97675941 -0.1 -0.62146886)
(1 -0.1 -0.61917532)
(0.97675726 -0.1 -0.65335048)
(1 -0.1 -0.65110998)
(0.97675501 -0.1 -0.6867561)
(1 -0.1 -0.68457118)
(0.97675266 -0.1 -0.72175859)
(1 -0.1 -0.7196319)
(0.97675019 -0.1 -0.75843426)
(1 -0.1 -0.75636859)
(0.97674761 -0.1 -0.7968631)
(1 -0.1 -0.79486138)
(0.9767449 -0.1 -0.83712892)
(1 -0.1 -0.83519419)
(0.97674206 -0.1 -0.87931954)
(1 -0.1 -0.877455)
(0.97673909 -0.1 -0.92352694)
(1 -0.1 -0.92173595)
(0.97673597 -0.1 -0.96984756)
(1 -0.1 -0.96813363)
(0.9767327 -0.1 -1.0183824)
(1 -0.1 -1.0167492)
(0.97672928 -0.1 -1.0692373)
(1 -0.1 -1.0676887)
(0.9767257 -0.1 -1.1225231)
(1 -0.1 -1.1210632)
(0.97672194 -0.1 -1.1783562)
(1 -0.1 -1.1769892)
(0.97671801 -0.1 -1.2368582)
(1 -0.1 -1.2355885)
(0.97671388 -0.1 -1.2981566)
(1 -0.1 -1.2969889)
(0.97670956 -0.1 -1.3623853)
(1 -0.1 -1.3613245)
(0.97670503 -0.1 -1.4296843)
(1 -0.1 -1.4287354)
(0.97670029 -0.1 -1.5002002)
(1 -0.1 -1.4993687)
(0.97669532 -0.1 -1.574087)
(1 -0.1 -1.5733784)
(0.97669011 -0.1 -1.6515057)
(1 -0.1 -1.6509259)
(0.97668465 -0.1 -1.7326252)
(1 -0.1 -1.7321803)
(0.97667894 -0.1 -1.8176223)
(1 -0.1 -1.8173189)
(0.97667294 -0.1 -1.9066825)
(1 -0.1 -1.9065273)
(0.97666667 -0.1 -2)
(1 -0.1 -2)
(0.95354834 -0.1 -0.32070222)
(0.95354612 -0.1 -0.33804856)
(0.95354379 -0.1 -0.35622409)
(0.95354136 -0.1 -0.37526844)
(0.9535388 -0.1 -0.39522316)
(0.95353612 -0.1 -0.41613175)
(0.95353332 -0.1 -0.43803981)
(0.95353038 -0.1 -0.46099513)
(0.9535273 -0.1 -0.48504775)
(0.95352407 -0.1 -0.51025014)
(0.95352069 -0.1 -0.53665726)
(0.95351715 -0.1 -0.56432669)
(0.95351344 -0.1 -0.59331877)
(0.95350955 -0.1 -0.62369674)
(0.95350547 -0.1 -0.65552683)
(0.9535012 -0.1 -0.68887847)
(0.95349673 -0.1 -0.72382438)
(0.95349204 -0.1 -0.76044078)
(0.95348713 -0.1 -0.79880752)
(0.95348198 -0.1 -0.83900827)
(0.95347659 -0.1 -0.88113069)
(0.95347094 -0.1 -0.92526666)
(0.95346502 -0.1 -0.97151241)
(0.95345881 -0.1 -1.0199688)
(0.95345231 -0.1 -1.0707415)
(0.9534455 -0.1 -1.1239413)
(0.95343836 -0.1 -1.1796841)
(0.95343088 -0.1 -1.2380915)
(0.95342305 -0.1 -1.2992909)
(0.95341484 -0.1 -1.3634158)
(0.95340624 -0.1 -1.430606)
(0.95339722 -0.1 -1.501008)
(0.95338778 -0.1 -1.5747753)
(0.95337788 -0.1 -1.6520689)
(0.95336751 -0.1 -1.7330573)
(0.95335665 -0.1 -1.8179171)
(0.95334526 -0.1 -1.9068334)
(0.95333333 -0.1 -2)
(0.93030634 -0.1 -0.3233438)
(0.93030318 -0.1 -0.34066285)
(0.93029986 -0.1 -0.35880979)
(0.93029639 -0.1 -0.37782418)
(0.93029275 -0.1 -0.39774751)
(0.93028893 -0.1 -0.41862321)
(0.93028494 -0.1 -0.44049681)
(0.93028075 -0.1 -0.46341602)
(0.93027636 -0.1 -0.48743081)
(0.93027176 -0.1 -0.51259355)
(0.93026695 -0.1 -0.53895913)
(0.9302619 -0.1 -0.56658504)
(0.93025661 -0.1 -0.59553151)
(0.93025107 -0.1 -0.62586169)
(0.93024526 -0.1 -0.65764172)
(0.93023918 -0.1 -0.69094089)
(0.9302328 -0.1 -0.72583184)
(0.93022612 -0.1 -0.76239064)
(0.93021913 -0.1 -0.80069703)
(0.93021179 -0.1 -0.84083454)
(0.93020411 -0.1 -0.8828907)
(0.93019606 -0.1 -0.92695724)
(0.93018762 -0.1 -0.97313025)
(0.93017878 -0.1 -1.0215104)
(0.93016952 -0.1 -1.0722033)
(0.93015981 -0.1 -1.1253193)
(0.93014964 -0.1 -1.1809744)
(0.93013899 -0.1 -1.23929)
(0.93012783 -0.1 -1.3003931)
(0.93011613 -0.1 -1.3644171)
(0.93010387 -0.1 -1.4315016)
(0.93009103 -0.1 -1.5017929)
(0.93007757 -0.1 -1.5754442)
(0.93006347 -0.1 -1.6526162)
(0.9300487 -0.1 -1.7334772)
(0.93003322 -0.1 -1.8182035)
(0.930017 -0.1 -1.9069799)
(0.93 -0.1 -2)
(0.90705453 -0.1 -0.32591165)
(0.90705052 -0.1 -0.34320418)
(0.90704633 -0.1 -0.36132333)
(0.90704193 -0.1 -0.3803086)
(0.90703732 -0.1 -0.40020142)
(0.90703249 -0.1 -0.42104514)
(0.90702743 -0.1 -0.44288525)
(0.90702213 -0.1 -0.46576935)
(0.90701657 -0.1 -0.48974736)
(0.90701075 -0.1 -0.51487157)
(0.90700465 -0.1 -0.54119677)
(0.90699826 -0.1 -0.56878036)
(0.90699157 -0.1 -0.59768251)
(0.90698455 -0.1 -0.62796624)
(0.9069772 -0.1 -0.65969759)
(0.90696949 -0.1 -0.69294576)
(0.90696142 -0.1 -0.72778327)
(0.90695297 -0.1 -0.76428608)
(0.9069441 -0.1 -0.8025338)
(0.90693482 -0.1 -0.84260984)
(0.90692509 -0.1 -0.88460159)
(0.9069149 -0.1 -0.92860064)
(0.90690421 -0.1 -0.97470293)
(0.90689302 -0.1 -1.023009)
(0.9068813 -0.1 -1.0736242)
(0.90686901 -0.1 -1.1266589)
(0.90685613 -0.1 -1.1822288)
(0.90684264 -0.1 -1.240455)
(0.90682851 -0.1 -1.3014646)
(0.9068137 -0.1 -1.3653906)
(0.90679818 -0.1 -1.4323723)
(0.90678192 -0.1 -1.5025559)
(0.90676488 -0.1 -1.5760944)
(0.90674703 -0.1 -1.6531482)
(0.90672832 -0.1 -1.7338854)
(0.90670872 -0.1 -1.8184819)
(0.90668819 -0.1 -1.9071224)
(0.90666667 -0.1 -2)
(0.88379352 -0.1 -0.32840839)
(0.88378877 -0.1 -0.34567513)
(0.88378379 -0.1 -0.36376725)
(0.88377857 -0.1 -0.38272422)
(0.8837731 -0.1 -0.40258736)
(0.88376737 -0.1 -0.4234)
(0.88376137 -0.1 -0.44520753)
(0.88375508 -0.1 -0.46805751)
(0.88374848 -0.1 -0.49199976)
(0.88374158 -0.1 -0.51708649)
(0.88373434 -0.1 -0.54337243)
(0.88372676 -0.1 -0.57091489)
(0.88371881 -0.1 -0.59977393)
(0.88371049 -0.1 -0.63001249)
(0.88370177 -0.1 -0.66169652)
(0.88369263 -0.1 -0.69489511)
(0.88368305 -0.1 -0.72968066)
(0.88367302 -0.1 -0.76612903)
(0.8836625 -0.1 -0.80431971)
(0.88365149 -0.1 -0.84433597)
(0.88363994 -0.1 -0.8862651)
(0.88362785 -0.1 -0.93019853)
(0.88361518 -0.1 -0.97623206)
(0.8836019 -0.1 -1.0244661)
(0.88358798 -0.1 -1.0750058)
(0.8835734 -0.1 -1.1279614)
(0.88355813 -0.1 -1.1834484)
(0.88354212 -0.1 -1.2415878)
(0.88352535 -0.1 -1.3025064)
(0.88350778 -0.1 -1.366337)
(0.88348937 -0.1 -1.4332189)
(0.88347007 -0.1 -1.5032978)
(0.88344986 -0.1 -1.5767266)
(0.88342868 -0.1 -1.6536655)
(0.88340649 -0.1 -1.7342823)
(0.88338323 -0.1 -1.8187527)
(0.88335886 -0.1 -1.9072609)
(0.88333333 -0.1 -2)
(0.86052385 -0.1 -0.33083622)
(0.86051844 -0.1 -0.34807788)
(0.86051277 -0.1 -0.36614372)
(0.86050683 -0.1 -0.38507315)
(0.8605006 -0.1 -0.40490744)
(0.86049408 -0.1 -0.42568986)
(0.86048724 -0.1 -0.44746572)
(0.86048008 -0.1 -0.4702825)
(0.86047258 -0.1 -0.49418998)
(0.86046472 -0.1 -0.51924028)
(0.86045648 -0.1 -0.54548804)
(0.86044785 -0.1 -0.57299049)
(0.86043881 -0.1 -0.60180762)
(0.86042933 -0.1 -0.63200226)
(0.8604194 -0.1 -0.66364027)
(0.860409 -0.1 -0.69679064)
(0.8603981 -0.1 -0.73152567)
(0.86038667 -0.1 -0.7679211)
(0.86037471 -0.1 -0.80605631)
(0.86036216 -0.1 -0.84601446)
(0.86034903 -0.1 -0.88788269)
(0.86033526 -0.1 -0.93175231)
(0.86032083 -0.1 -0.97771899)
(0.86030572 -0.1 -1.025883)
(0.86028988 -0.1 -1.0763493)
(0.86027328 -0.1 -1.129228)
(0.86025589 -0.1 -1.1846344)
(0.86023767 -0.1 -1.2426893)
(0.86021858 -0.1 -1.3035194)
(0.86019858 -0.1 -1.3672574)
(0.86017762 -0.1 -1.4340421)
(0.86015566 -0.1 -1.5040192)
(0.86013265 -0.1 -1.5773414)
(0.86010854 -0.1 -1.6541686)
(0.86008327 -0.1 -1.7346682)
(0.8600568 -0.1 -1.8190159)
(0.86002906 -0.1 -1.9073956)
(0.86 -0.1 -2)
(0.83724597 -0.1 -0.33319687)
(0.83723998 -0.1 -0.35041415)
(0.83723371 -0.1 -0.36845444)
(0.83722714 -0.1 -0.3873571)
(0.83722026 -0.1 -0.40716334)
(0.83721305 -0.1 -0.42791637)
(0.83720549 -0.1 -0.44966143)
(0.83719757 -0.1 -0.47244594)
(0.83718927 -0.1 -0.49631961)
(0.83718058 -0.1 -0.52133448)
(0.83717147 -0.1 -0.54754512)
(0.83716193 -0.1 -0.57500867)
(0.83715192 -0.1 -0.60378505)
(0.83714145 -0.1 -0.63393699)
(0.83713047 -0.1 -0.66553025)
(0.83711896 -0.1 -0.69863374)
(0.8371069 -0.1 -0.73331964)
(0.83709427 -0.1 -0.7696636)
(0.83708104 -0.1 -0.80774488)
(0.83706717 -0.1 -0.84764652)
(0.83705264 -0.1 -0.88945553)
(0.83703741 -0.1 -0.93326311)
(0.83702146 -0.1 -0.97916477)
(0.83700474 -0.1 -1.0272606)
(0.83698723 -0.1 -1.0776556)
(0.83696888 -0.1 -1.1304595)
(0.83694965 -0.1 -1.1857875)
(0.8369295 -0.1 -1.2437604)
(0.83690839 -0.1 -1.3045045)
(0.83688627 -0.1 -1.3681522)
(0.83686309 -0.1 -1.4348425)
(0.8368388 -0.1 -1.5047207)
(0.83681335 -0.1 -1.5779392)
(0.83678669 -0.1 -1.6546577)
(0.83675875 -0.1 -1.7350435)
(0.83672948 -0.1 -1.8192719)
(0.83669881 -0.1 -1.9075266)
(0.83666667 -0.1 -2)
(0.8139603 -0.1 -0.33549189)
(0.81395382 -0.1 -0.35268546)
(0.81394703 -0.1 -0.37070091)
(0.81393992 -0.1 -0.38957754)
(0.81393247 -0.1 -0.40935652)
(0.81392467 -0.1 -0.43008096)
(0.81391649 -0.1 -0.45179608)
(0.81390792 -0.1 -0.47454923)
(0.81389894 -0.1 -0.49839002)
(0.81388953 -0.1 -0.52337045)
(0.81387967 -0.1 -0.549545)
(0.81386934 -0.1 -0.57697074)
(0.81385851 -0.1 -0.60570749)
(0.81384717 -0.1 -0.63581792)
(0.81383529 -0.1 -0.66736768)
(0.81382284 -0.1 -0.70042559)
(0.81380979 -0.1 -0.73506373)
(0.81379612 -0.1 -0.77135765)
(0.8137818 -0.1 -0.80938649)
(0.81376679 -0.1 -0.84923319)
(0.81375106 -0.1 -0.89098464)
(0.81373458 -0.1 -0.93473189)
(0.81371732 -0.1 -0.98057036)
(0.81369923 -0.1 -1.0286)
(0.81368027 -0.1 -1.0789255)
(0.81366041 -0.1 -1.1316568)
(0.8136396 -0.1 -1.1869086)
(0.81361779 -0.1 -1.2448017)
(0.81359494 -0.1 -1.3054621)
(0.813571 -0.1 -1.3690222)
(0.81354592 -0.1 -1.4356206)
(0.81351963 -0.1 -1.5054026)
(0.81349209 -0.1 -1.5785203)
(0.81346323 -0.1 -1.6551332)
(0.813433 -0.1 -1.7354083)
(0.81340131 -0.1 -1.8195207)
(0.81336812 -0.1 -1.9076539)
(0.81333333 -0.1 -2)
(0.79066714 -0.1 -0.33772203)
(0.79066025 -0.1 -0.35489256)
(0.79065303 -0.1 -0.37288388)
(0.79064546 -0.1 -0.39173522)
(0.79063753 -0.1 -0.41148769)
(0.79062923 -0.1 -0.43218437)
(0.79062052 -0.1 -0.4538704)
(0.7906114 -0.1 -0.47659306)
(0.79060185 -0.1 -0.50040191)
(0.79059184 -0.1 -0.52534887)
(0.79058134 -0.1 -0.55148835)
(0.79057035 -0.1 -0.57887734)
(0.79055883 -0.1 -0.60757559)
(0.79054677 -0.1 -0.63764567)
(0.79053412 -0.1 -0.66915317)
(0.79052087 -0.1 -0.70216678)
(0.79050699 -0.1 -0.73675852)
(0.79049244 -0.1 -0.77300381)
(0.7904772 -0.1 -0.8109817)
(0.79046123 -0.1 -0.85077501)
(0.7904445 -0.1 -0.89247052)
(0.79042696 -0.1 -0.93615916)
(0.79040859 -0.1 -0.98193621)
(0.79038934 -0.1 -1.0299015)
(0.79036917 -0.1 -1.0801596)
(0.79034803 -0.1 -1.1328202)
(0.79032589 -0.1 -1.187998)
(0.79030268 -0.1 -1.2458135)
(0.79027837 -0.1 -1.3063926)
(0.7902529 -0.1 -1.3698676)
(0.7902262 -0.1 -1.4363768)
(0.79019824 -0.1 -1.5060653)
(0.79016893 -0.1 -1.579085)
(0.79013822 -0.1 -1.6555952)
(0.79010605 -0.1 -1.7357628)
(0.79007234 -0.1 -1.8197625)
(0.79003701 -0.1 -1.9077776)
(0.79 -0.1 -2)
(0.76736679 -0.1 -0.33988799)
(0.76735956 -0.1 -0.35703615)
(0.76735198 -0.1 -0.37500402)
(0.76734404 -0.1 -0.3938308)
(0.76733572 -0.1 -0.41355753)
(0.767327 -0.1 -0.43422725)
(0.76731787 -0.1 -0.45588501)
(0.7673083 -0.1 -0.47857807)
(0.76729827 -0.1 -0.50235589)
(0.76728776 -0.1 -0.52727035)
(0.76727675 -0.1 -0.55337577)
(0.76726522 -0.1 -0.58072908)
(0.76725313 -0.1 -0.60938993)
(0.76724047 -0.1 -0.63942083)
(0.7672272 -0.1 -0.67088727)
(0.76721329 -0.1 -0.70385787)
(0.76719872 -0.1 -0.73840453)
(0.76718346 -0.1 -0.77460259)
(0.76716746 -0.1 -0.812531)
(0.7671507 -0.1 -0.85227246)
(0.76713314 -0.1 -0.89391364)
(0.76711474 -0.1 -0.93754535)
(0.76709546 -0.1 -0.98326275)
(0.76707526 -0.1 -1.0311655)
(0.76705409 -0.1 -1.0813582)
(0.76703191 -0.1 -1.1339501)
(0.76700867 -0.1 -1.1890561)
(0.76698432 -0.1 -1.2467962)
(0.7669588 -0.1 -1.3072964)
(0.76693207 -0.1 -1.3706887)
(0.76690405 -0.1 -1.4371112)
(0.7668747 -0.1 -1.5067089)
(0.76684395 -0.1 -1.5796335)
(0.76681172 -0.1 -1.656044)
(0.76677796 -0.1 -1.7361071)
(0.76674258 -0.1 -1.8199974)
(0.76670551 -0.1 -1.9078978)
(0.76666667 -0.1 -2)
(0.74405945 -0.1 -0.34198966)
(0.74405195 -0.1 -0.35911611)
(0.74404409 -0.1 -0.37706124)
(0.74403586 -0.1 -0.39586418)
(0.74402723 -0.1 -0.41556594)
(0.74401819 -0.1 -0.43620949)
(0.74400872 -0.1 -0.45783984)
(0.74399879 -0.1 -0.48050416)
(0.74398839 -0.1 -0.50425189)
(0.74397749 -0.1 -0.5291348)
(0.74396607 -0.1 -0.55520717)
(0.74395411 -0.1 -0.58252585)
(0.74394157 -0.1 -0.61115042)
(0.74392844 -0.1 -0.6411433)
(0.74391468 -0.1 -0.67256991)
(0.74390025 -0.1 -0.70549876)
(0.74388514 -0.1 -0.74000169)
(0.74386931 -0.1 -0.77615393)
(0.74385272 -0.1 -0.81403431)
(0.74383534 -0.1 -0.85372546)
(0.74381713 -0.1 -0.89531392)
(0.74379804 -0.1 -0.9388904)
(0.74377805 -0.1 -0.98454993)
(0.74375709 -0.1 -1.0323921)
(0.74373514 -0.1 -1.0825212)
(0.74371214 -0.1 -1.1350465)
(0.74368803 -0.1 -1.1900827)
(0.74366278 -0.1 -1.2477497)
(0.74363632 -0.1 -1.3081734)
(0.74360859 -0.1 -1.3714854)
(0.74357954 -0.1 -1.4378238)
(0.74354909 -0.1 -1.5073334)
(0.7435172 -0.1 -1.5801656)
(0.74348378 -0.1 -1.6564794)
(0.74344876 -0.1 -1.7364412)
(0.74341206 -0.1 -1.8202252)
(0.74337362 -0.1 -1.9080144)
(0.74333333 -0.1 -2)
(0.72074531 -0.1 -0.34402675)
(0.72073761 -0.1 -0.36113216)
(0.72072954 -0.1 -0.37905524)
(0.72072109 -0.1 -0.39783508)
(0.72071223 -0.1 -0.41751263)
(0.72070295 -0.1 -0.43813081)
(0.72069323 -0.1 -0.45973458)
(0.72068304 -0.1 -0.48237106)
(0.72067237 -0.1 -0.50608961)
(0.72066118 -0.1 -0.53094195)
(0.72064946 -0.1 -0.55698229)
(0.72063718 -0.1 -0.5842674)
(0.72062431 -0.1 -0.6128568)
(0.72061083 -0.1 -0.64281284)
(0.7205967 -0.1 -0.67420083)
(0.7205819 -0.1 -0.70708923)
(0.72056639 -0.1 -0.74154976)
(0.72055014 -0.1 -0.77765758)
(0.72053311 -0.1 -0.81549143)
(0.72051527 -0.1 -0.85513381)
(0.72049658 -0.1 -0.89667118)
(0.72047699 -0.1 -0.94019412)
(0.72045646 -0.1 -0.98579754)
(0.72043496 -0.1 -1.0335809)
(0.72041242 -0.1 -1.0836484)
(0.72038881 -0.1 -1.1361092)
(0.72036407 -0.1 -1.1910778)
(0.72033815 -0.1 -1.248674)
(0.72031099 -0.1 -1.3090234)
(0.72028253 -0.1 -1.3722576)
(0.72025271 -0.1 -1.4385145)
(0.72022146 -0.1 -1.5079387)
(0.72018872 -0.1 -1.5806815)
(0.72015442 -0.1 -1.6569015)
(0.72011847 -0.1 -1.736765)
(0.72008081 -0.1 -1.8204461)
(0.72004135 -0.1 -1.9081274)
(0.72 -0.1 -2)
(0.69742447 -0.1 -0.34599826)
(0.69741664 -0.1 -0.3630833)
(0.69740844 -0.1 -0.38098505)
(0.69739985 -0.1 -0.39974253)
(0.69739084 -0.1 -0.41939665)
(0.69738141 -0.1 -0.43999029)
(0.69737152 -0.1 -0.46156834)
(0.69736116 -0.1 -0.48417787)
(0.69735031 -0.1 -0.50786818)
(0.69733893 -0.1 -0.53269093)
(0.69732702 -0.1 -0.55870027)
(0.69731453 -0.1 -0.5859529)
(0.69730145 -0.1 -0.61450826)
(0.69728774 -0.1 -0.64442863)
(0.69727338 -0.1 -0.67577925)
(0.69725833 -0.1 -0.7086285)
(0.69724256 -0.1 -0.74304801)
(0.69722603 -0.1 -0.77911284)
(0.69720872 -0.1 -0.81690164)
(0.69719058 -0.1 -0.85649683)
(0.69717157 -0.1 -0.89798474)
(0.69715165 -0.1 -0.94145586)
(0.69713078 -0.1 -0.987005)
(0.69710892 -0.1 -1.0347315)
(0.69708601 -0.1 -1.0847394)
(0.697062 -0.1 -1.1371377)
(0.69703684 -0.1 -1.1920409)
(0.69701049 -0.1 -1.2495685)
(0.69698287 -0.1 -1.309846)
(0.69695393 -0.1 -1.3730049)
(0.69692361 -0.1 -1.439183)
(0.69689184 -0.1 -1.5085245)
(0.69685855 -0.1 -1.5811807)
(0.69682367 -0.1 -1.65731)
(0.69678713 -0.1 -1.7370784)
(0.69674883 -0.1 -1.8206599)
(0.69670871 -0.1 -1.9082368)
(0.69666667 -0.1 -2)
(0.67409703 -0.1 -0.3479028)
(0.67408914 -0.1 -0.36496817)
(0.67408087 -0.1 -0.3828493)
(0.67407221 -0.1 -0.40158518)
(0.67406314 -0.1 -0.42121668)
(0.67405363 -0.1 -0.4417866)
(0.67404367 -0.1 -0.46333981)
(0.67403323 -0.1 -0.4859233)
(0.67402229 -0.1 -0.50958633)
(0.67401083 -0.1 -0.5343805)
(0.67399882 -0.1 -0.56035989)
(0.67398623 -0.1 -0.58758114)
(0.67397305 -0.1 -0.61610362)
(0.67395923 -0.1 -0.64598954)
(0.67394476 -0.1 -0.67730406)
(0.67392959 -0.1 -0.71011548)
(0.6739137 -0.1 -0.74449535)
(0.67389705 -0.1 -0.78051866)
(0.6738796 -0.1 -0.81826395)
(0.67386132 -0.1 -0.85781354)
(0.67384216 -0.1 -0.89925368)
(0.67382209 -0.1 -0.94267475)
(0.67380106 -0.1 -0.98817143)
(0.67377902 -0.1 -1.0358429)
(0.67375593 -0.1 -1.0857933)
(0.67373174 -0.1 -1.1381313)
(0.67370639 -0.1 -1.1929712)
(0.67367983 -0.1 -1.2504326)
(0.67365199 -0.1 -1.3106407)
(0.67362283 -0.1 -1.3737269)
(0.67359228 -0.1 -1.4398288)
(0.67356026 -0.1 -1.5090904)
(0.67352671 -0.1 -1.5816629)
(0.67349156 -0.1 -1.6577046)
(0.67345473 -0.1 -1.7373811)
(0.67341614 -0.1 -1.8208664)
(0.6733757 -0.1 -1.9083424)
(0.67333333 -0.1 -2)
(0.65076304 -0.1 -0.34973857)
(0.65075516 -0.1 -0.36678497)
(0.6507469 -0.1 -0.38464623)
(0.65073825 -0.1 -0.4033613)
(0.65072918 -0.1 -0.42297098)
(0.65071968 -0.1 -0.44351804)
(0.65070972 -0.1 -0.4650473)
(0.65069929 -0.1 -0.4876057)
(0.65068836 -0.1 -0.51124244)
(0.65067691 -0.1 -0.53600906)
(0.65066491 -0.1 -0.56195957)
(0.65065234 -0.1 -0.58915058)
(0.65063917 -0.1 -0.61764137)
(0.65062537 -0.1 -0.64749407)
(0.6506109 -0.1 -0.6787738)
(0.65059575 -0.1 -0.71154876)
(0.65057987 -0.1 -0.74589044)
(0.65056323 -0.1 -0.78187371)
(0.6505458 -0.1 -0.81957706)
(0.65052753 -0.1 -0.85908271)
(0.65050839 -0.1 -0.9004768)
(0.65048834 -0.1 -0.94384962)
(0.65046732 -0.1 -0.98929575)
(0.65044531 -0.1 -1.0369143)
(0.65042224 -0.1 -1.0868091)
(0.65039806 -0.1 -1.139089)
(0.65037274 -0.1 -1.193868)
(0.6503462 -0.1 -1.2512655)
(0.65031839 -0.1 -1.3114067)
(0.65028925 -0.1 -1.3744228)
(0.65025872 -0.1 -1.4404512)
(0.65022673 -0.1 -1.5096359)
(0.65019321 -0.1 -1.5821278)
(0.65015809 -0.1 -1.6580849)
(0.65012129 -0.1 -1.7376729)
(0.65008273 -0.1 -1.8210654)
(0.65004233 -0.1 -1.9084443)
(0.65 -0.1 -2)
(0.62742252 -0.1 -0.35150303)
(0.62741472 -0.1 -0.36853121)
(0.62740653 -0.1 -0.38637337)
(0.62739796 -0.1 -0.40506842)
(0.62738898 -0.1 -0.42465714)
(0.62737957 -0.1 -0.44518223)
(0.62736971 -0.1 -0.46668847)
(0.62735938 -0.1 -0.48922275)
(0.62734855 -0.1 -0.51283422)
(0.62733721 -0.1 -0.53757436)
(0.62732532 -0.1 -0.56349713)
(0.62731287 -0.1 -0.59065906)
(0.62729982 -0.1 -0.61911939)
(0.62728614 -0.1 -0.64894017)
(0.62727182 -0.1 -0.68018646)
(0.62725681 -0.1 -0.71292638)
(0.62724108 -0.1 -0.74723133)
(0.6272246 -0.1 -0.78317613)
(0.62720733 -0.1 -0.82083917)
(0.62718923 -0.1 -0.86030258)
(0.62717027 -0.1 -0.90165241)
(0.62715041 -0.1 -0.94497886)
(0.62712959 -0.1 -0.99037639)
(0.62710778 -0.1 -1.037944)
(0.62708493 -0.1 -1.0877855)
(0.62706098 -0.1 -1.1400095)
(0.62703589 -0.1 -1.1947299)
(0.6270096 -0.1 -1.252066)
(0.62698206 -0.1 -1.3121429)
(0.6269532 -0.1 -1.3750917)
(0.62692295 -0.1 -1.4410495)
(0.62689126 -0.1 -1.5101602)
(0.62685806 -0.1 -1.5825746)
(0.62682327 -0.1 -1.6584505)
(0.62678682 -0.1 -1.7379534)
(0.62674862 -0.1 -1.8212568)
(0.6267086 -0.1 -1.9085422)
(0.62666667 -0.1 -2)
(0.60407548 -0.1 -0.35319317)
(0.60406781 -0.1 -0.37020389)
(0.60405978 -0.1 -0.38802776)
(0.60405137 -0.1 -0.40670365)
(0.60404255 -0.1 -0.42627228)
(0.60403331 -0.1 -0.44677633)
(0.60402362 -0.1 -0.46826052)
(0.60401348 -0.1 -0.4907717)
(0.60400285 -0.1 -0.51435895)
(0.60399171 -0.1 -0.53907373)
(0.60398004 -0.1 -0.56496992)
(0.60396781 -0.1 -0.592104)
(0.603955 -0.1 -0.62053515)
(0.60394158 -0.1 -0.65032537)
(0.60392751 -0.1 -0.68153961)
(0.60391277 -0.1 -0.71424597)
(0.60389732 -0.1 -0.74851575)
(0.60388114 -0.1 -0.7844237)
(0.60386419 -0.1 -0.82204812)
(0.60384642 -0.1 -0.86147107)
(0.60382781 -0.1 -0.90277851)
(0.6038083 -0.1 -0.94606053)
(0.60378786 -0.1 -0.99141152)
(0.60376645 -0.1 -1.0389304)
(0.60374401 -0.1 -1.0887207)
(0.6037205 -0.1 -1.1408912)
(0.60369586 -0.1 -1.1955555)
(0.60367005 -0.1 -1.2528328)
(0.603643 -0.1 -1.3128482)
(0.60361466 -0.1 -1.3757324)
(0.60358497 -0.1 -1.4416226)
(0.60355386 -0.1 -1.5106624)
(0.60352126 -0.1 -1.5830025)
(0.6034871 -0.1 -1.6588007)
(0.60345131 -0.1 -1.7382221)
(0.6034138 -0.1 -1.82144)
(0.60337451 -0.1 -1.9086359)
(0.60333333 -0.1 -2)
(0.5807219 -0.1 -0.35480543)
(0.58071444 -0.1 -0.3717995)
(0.58070663 -0.1 -0.38960592)
(0.58069844 -0.1 -0.40826352)
(0.58068986 -0.1 -0.42781299)
(0.58068088 -0.1 -0.44829697)
(0.58067146 -0.1 -0.46976013)
(0.58066159 -0.1 -0.49224927)
(0.58065125 -0.1 -0.51581343)
(0.58064042 -0.1 -0.54050401)
(0.58062906 -0.1 -0.56637485)
(0.58061717 -0.1 -0.59348237)
(0.58060471 -0.1 -0.62188568)
(0.58059165 -0.1 -0.65164673)
(0.58057796 -0.1 -0.68283042)
(0.58056363 -0.1 -0.71550475)
(0.5805486 -0.1 -0.74974098)
(0.58053286 -0.1 -0.78561377)
(0.58051637 -0.1 -0.82320136)
(0.58049909 -0.1 -0.86258571)
(0.58048098 -0.1 -0.90385271)
(0.58046201 -0.1 -0.94709236)
(0.58044213 -0.1 -0.99239895)
(0.5804213 -0.1 -1.0398713)
(0.58039947 -0.1 -1.0896129)
(0.5803766 -0.1 -1.1417323)
(0.58035264 -0.1 -1.1963431)
(0.58032753 -0.1 -1.2535643)
(0.58030122 -0.1 -1.3135209)
(0.58027366 -0.1 -1.3763435)
(0.58024477 -0.1 -1.4421692)
(0.58021451 -0.1 -1.5111415)
(0.5801828 -0.1 -1.5834108)
(0.58014957 -0.1 -1.6591347)
(0.58011475 -0.1 -1.7384784)
(0.58007827 -0.1 -1.8216148)
(0.58004005 -0.1 -1.9087254)
(0.58 -0.1 -2)
(0.55736176 -0.1 -0.35633551)
(0.55735458 -0.1 -0.37331377)
(0.55734706 -0.1 -0.39110363)
(0.55733917 -0.1 -0.40974388)
(0.55733091 -0.1 -0.42927517)
(0.55732226 -0.1 -0.4497401)
(0.55731319 -0.1 -0.4711833)
(0.55730369 -0.1 -0.49365152)
(0.55729373 -0.1 -0.51719377)
(0.5572833 -0.1 -0.54186138)
(0.55727237 -0.1 -0.56770816)
(0.55726092 -0.1 -0.59479047)
(0.55724892 -0.1 -0.62316737)
(0.55723634 -0.1 -0.65290074)
(0.55722317 -0.1 -0.68405542)
(0.55720936 -0.1 -0.71669937)
(0.5571949 -0.1 -0.75090376)
(0.55717974 -0.1 -0.78674319)
(0.55716386 -0.1 -0.82429582)
(0.55714722 -0.1 -0.86364354)
(0.55712979 -0.1 -0.90487216)
(0.55711152 -0.1 -0.9480716)
(0.55709238 -0.1 -0.99333605)
(0.55707232 -0.1 -1.0407642)
(0.5570513 -0.1 -1.0904596)
(0.55702928 -0.1 -1.1425305)
(0.55700621 -0.1 -1.1970905)
(0.55698203 -0.1 -1.2542585)
(0.5569567 -0.1 -1.3141594)
(0.55693016 -0.1 -1.3769236)
(0.55690235 -0.1 -1.442688)
(0.55687321 -0.1 -1.5115961)
(0.55684267 -0.1 -1.5837982)
(0.55681068 -0.1 -1.6594517)
(0.55677716 -0.1 -1.7387216)
(0.55674203 -0.1 -1.8217807)
(0.55670523 -0.1 -1.9088103)
(0.55666667 -0.1 -2)
(0.53399505 -0.1 -0.35777859)
(0.53398821 -0.1 -0.37474194)
(0.53398105 -0.1 -0.39251618)
(0.53397355 -0.1 -0.41114007)
(0.53396568 -0.1 -0.43065421)
(0.53395744 -0.1 -0.45110117)
(0.53394881 -0.1 -0.47252554)
(0.53393977 -0.1 -0.49497403)
(0.53393029 -0.1 -0.51849561)
(0.53392036 -0.1 -0.54314157)
(0.53390995 -0.1 -0.56896566)
(0.53389905 -0.1 -0.59602419)
(0.53388762 -0.1 -0.62437617)
(0.53387565 -0.1 -0.65408344)
(0.53386311 -0.1 -0.68521077)
(0.53384997 -0.1 -0.71782606)
(0.5338362 -0.1 -0.75200042)
(0.53382177 -0.1 -0.78780838)
(0.53380665 -0.1 -0.82532804)
(0.53379081 -0.1 -0.86464122)
(0.53377421 -0.1 -0.90583364)
(0.53375682 -0.1 -0.94899515)
(0.5337386 -0.1 -0.99421987)
(0.53371951 -0.1 -1.0416064)
(0.5336995 -0.1 -1.0912581)
(0.53367854 -0.1 -1.1432833)
(0.53365657 -0.1 -1.1977954)
(0.53363356 -0.1 -1.2549133)
(0.53360944 -0.1 -1.3147615)
(0.53358417 -0.1 -1.3774706)
(0.5335577 -0.1 -1.4431773)
(0.53352996 -0.1 -1.512025)
(0.53350089 -0.1 -1.5841636)
(0.53347043 -0.1 -1.6597507)
(0.53343852 -0.1 -1.738951)
(0.53340508 -0.1 -1.8219372)
(0.53337004 -0.1 -1.9088903)
(0.53333333 -0.1 -2)
(0.51062176 -0.1 -0.35912902)
(0.51061534 -0.1 -0.37607842)
(0.51060861 -0.1 -0.39383805)
(0.51060156 -0.1 -0.41244662)
(0.51059417 -0.1 -0.43194472)
(0.51058643 -0.1 -0.45237486)
(0.51057832 -0.1 -0.47378161)
(0.51056982 -0.1 -0.49621165)
(0.51056092 -0.1 -0.51971389)
(0.51055158 -0.1 -0.54433958)
(0.51054181 -0.1 -0.57014243)
(0.51053156 -0.1 -0.59717871)
(0.51052083 -0.1 -0.62550738)
(0.51050958 -0.1 -0.65519021)
(0.5104978 -0.1 -0.68629195)
(0.51048545 -0.1 -0.71888041)
(0.51047251 -0.1 -0.75302667)
(0.51045895 -0.1 -0.78880519)
(0.51044474 -0.1 -0.826294)
(0.51042986 -0.1 -0.86557485)
(0.51041426 -0.1 -0.9067334)
(0.51039792 -0.1 -0.94985941)
(0.5103808 -0.1 -0.99504694)
(0.51036286 -0.1 -1.0423945)
(0.51034406 -0.1 -1.0920054)
(0.51032436 -0.1 -1.1439878)
(0.51030372 -0.1 -1.1984551)
(0.5102821 -0.1 -1.255526)
(0.51025944 -0.1 -1.315325)
(0.5102357 -0.1 -1.3779825)
(0.51021082 -0.1 -1.4436352)
(0.51018475 -0.1 -1.5124262)
(0.51015744 -0.1 -1.5845056)
(0.51012882 -0.1 -1.6600305)
(0.51009884 -0.1 -1.7391657)
(0.51006742 -0.1 -1.8220836)
(0.5100345 -0.1 -1.9089653)
(0.51 -0.1 -2)
(0.48724194 -0.1 -0.3603804)
(0.487236 -0.1 -0.37731688)
(0.48722977 -0.1 -0.39506296)
(0.48722325 -0.1 -0.41365734)
(0.48721641 -0.1 -0.43314056)
(0.48720925 -0.1 -0.45355513)
(0.48720174 -0.1 -0.47494555)
(0.48719388 -0.1 -0.49735848)
(0.48718564 -0.1 -0.5208428)
(0.48717701 -0.1 -0.54544971)
(0.48716796 -0.1 -0.57123288)
(0.48715848 -0.1 -0.59824854)
(0.48714855 -0.1 -0.62655561)
(0.48713814 -0.1 -0.65621581)
(0.48712724 -0.1 -0.68729382)
(0.48711582 -0.1 -0.71985743)
(0.48710384 -0.1 -0.75397765)
(0.4870913 -0.1 -0.78972889)
(0.48707816 -0.1 -0.8271891)
(0.48706439 -0.1 -0.86643999)
(0.48704996 -0.1 -0.90756716)
(0.48703484 -0.1 -0.95066028)
(0.48701899 -0.1 -0.99581335)
(0.48700239 -0.1 -1.0431248)
(0.486985 -0.1 -1.0926979)
(0.48696678 -0.1 -1.1446406)
(0.48694768 -0.1 -1.1990664)
(0.48692767 -0.1 -1.2560937)
(0.48690671 -0.1 -1.3158471)
(0.48688474 -0.1 -1.3784569)
(0.48686172 -0.1 -1.4440595)
(0.48683761 -0.1 -1.5127981)
(0.48681234 -0.1 -1.5848225)
(0.48678586 -0.1 -1.6602898)
(0.48675811 -0.1 -1.7393646)
(0.48672904 -0.1 -1.8222193)
(0.48669858 -0.1 -1.9090347)
(0.48666667 -0.1 -2)
(0.46385566 -0.1 -0.36152554)
(0.46385026 -0.1 -0.37845019)
(0.46384461 -0.1 -0.39618387)
(0.46383869 -0.1 -0.41476527)
(0.46383248 -0.1 -0.43423489)
(0.46382598 -0.1 -0.4546352)
(0.46381916 -0.1 -0.47601068)
(0.46381202 -0.1 -0.49840796)
(0.46380454 -0.1 -0.52187587)
(0.4637967 -0.1 -0.54646559)
(0.46378849 -0.1 -0.57223076)
(0.46377988 -0.1 -0.59922755)
(0.46377086 -0.1 -0.62751485)
(0.46376141 -0.1 -0.65715433)
(0.46375151 -0.1 -0.68821064)
(0.46374114 -0.1 -0.72075151)
(0.46373027 -0.1 -0.7548479)
(0.46371888 -0.1 -0.79057416)
(0.46370695 -0.1 -0.82800822)
(0.46369444 -0.1 -0.86723169)
(0.46368134 -0.1 -0.90833013)
(0.46366762 -0.1 -0.95139316)
(0.46365323 -0.1 -0.99651469)
(0.46363816 -0.1 -1.0437931)
(0.46362237 -0.1 -1.0933316)
(0.46360582 -0.1 -1.145238)
(0.46358848 -0.1 -1.1996257)
(0.46357032 -0.1 -1.2566133)
(0.46355128 -0.1 -1.316325)
(0.46353133 -0.1 -1.378891)
(0.46351044 -0.1 -1.4444478)
(0.46348854 -0.1 -1.5131383)
(0.46346559 -0.1 -1.5851124)
(0.46344155 -0.1 -1.660527)
(0.46341636 -0.1 -1.7395466)
(0.46338997 -0.1 -1.8223435)
(0.46336231 -0.1 -1.9090982)
(0.46333333 -0.1 -2)
(0.44046306 -0.1 -0.36255626)
(0.44045828 -0.1 -0.37947026)
(0.44045326 -0.1 -0.39719279)
(0.44044801 -0.1 -0.41576249)
(0.44044251 -0.1 -0.43521987)
(0.44043674 -0.1 -0.45560734)
(0.4404307 -0.1 -0.47696938)
(0.44042437 -0.1 -0.49935257)
(0.44041774 -0.1 -0.52280571)
(0.44041079 -0.1 -0.54737997)
(0.44040351 -0.1 -0.57312893)
(0.44039588 -0.1 -0.60010874)
(0.44038789 -0.1 -0.62837824)
(0.44037951 -0.1 -0.65799908)
(0.44037073 -0.1 -0.68903585)
(0.44036154 -0.1 -0.72155625)
(0.4403519 -0.1 -0.75563119)
(0.4403418 -0.1 -0.79133498)
(0.44033122 -0.1 -0.82874548)
(0.44032014 -0.1 -0.86794429)
(0.44030852 -0.1 -0.90901687)
(0.44029635 -0.1 -0.95205281)
(0.4402836 -0.1 -0.99714596)
(0.44027024 -0.1 -1.0443946)
(0.44025624 -0.1 -1.0939019)
(0.44024157 -0.1 -1.1457757)
(0.4402262 -0.1 -1.2001292)
(0.44021009 -0.1 -1.2570809)
(0.44019322 -0.1 -1.3167551)
(0.44017554 -0.1 -1.3792817)
(0.44015701 -0.1 -1.4447973)
(0.44013759 -0.1 -1.5134446)
(0.44011725 -0.1 -1.5853734)
(0.44009594 -0.1 -1.6607406)
(0.44007361 -0.1 -1.7397105)
(0.44005021 -0.1 -1.8224552)
(0.44002569 -0.1 -1.9091554)
(0.44 -0.1 -2)
(0.41706439 -0.1 -0.36346342)
(0.41706028 -0.1 -0.38036806)
(0.41705598 -0.1 -0.39808077)
(0.41705147 -0.1 -0.41664018)
(0.41704674 -0.1 -0.43608678)
(0.41704179 -0.1 -0.45646296)
(0.4170366 -0.1 -0.47781316)
(0.41703116 -0.1 -0.50018394)
(0.41702547 -0.1 -0.5236241)
(0.4170195 -0.1 -0.54818474)
(0.41701324 -0.1 -0.57391943)
(0.41700669 -0.1 -0.6008843)
(0.41699982 -0.1 -0.62913813)
(0.41699263 -0.1 -0.65874256)
(0.41698509 -0.1 -0.68976214)
(0.41697719 -0.1 -0.72226453)
(0.41696891 -0.1 -0.75632059)
(0.41696024 -0.1 -0.7920046)
(0.41695116 -0.1 -0.82939437)
(0.41694163 -0.1 -0.86857146)
(0.41693166 -0.1 -0.90962129)
(0.4169212 -0.1 -0.95263339)
(0.41691025 -0.1 -0.99770155)
(0.41689878 -0.1 -1.0449241)
(0.41688675 -0.1 -1.0944039)
(0.41687415 -0.1 -1.146249)
(0.41686095 -0.1 -1.2005724)
(0.41684712 -0.1 -1.2574925)
(0.41683262 -0.1 -1.3171336)
(0.41681743 -0.1 -1.3796256)
(0.41680152 -0.1 -1.4451049)
(0.41678485 -0.1 -1.5137142)
(0.41676738 -0.1 -1.5856031)
(0.41674907 -0.1 -1.6609285)
(0.41672989 -0.1 -1.7398547)
(0.41670979 -0.1 -1.8225536)
(0.41668873 -0.1 -1.9092057)
(0.41666667 -0.1 -2)
(0.39366002 -0.1 -0.36423681)
(0.39365665 -0.1 -0.38113345)
(0.39365311 -0.1 -0.39883779)
(0.3936494 -0.1 -0.41738844)
(0.39364552 -0.1 -0.43682584)
(0.39364145 -0.1 -0.45719239)
(0.39363719 -0.1 -0.4785325)
(0.39363273 -0.1 -0.50089272)
(0.39362805 -0.1 -0.5243218)
(0.39362315 -0.1 -0.54887083)
(0.39361801 -0.1 -0.57459336)
(0.39361263 -0.1 -0.60154548)
(0.39360699 -0.1 -0.62978597)
(0.39360108 -0.1 -0.65937641)
(0.39359488 -0.1 -0.69038133)
(0.3935884 -0.1 -0.72286835)
(0.3935816 -0.1 -0.75690832)
(0.39357447 -0.1 -0.79257546)
(0.39356701 -0.1 -0.82994757)
(0.39355919 -0.1 -0.86910614)
(0.393551 -0.1 -0.91013657)
(0.39354241 -0.1 -0.95312834)
(0.39353341 -0.1 -0.99817521)
(0.39352399 -0.1 -1.0453754)
(0.39351411 -0.1 -1.0948319)
(0.39350376 -0.1 -1.1466525)
(0.39349292 -0.1 -1.2009502)
(0.39348155 -0.1 -1.2578434)
(0.39346965 -0.1 -1.3174563)
(0.39345717 -0.1 -1.3799188)
(0.3934441 -0.1 -1.4453671)
(0.39343041 -0.1 -1.513944)
(0.39341606 -0.1 -1.585799)
(0.39340102 -0.1 -1.6610888)
(0.39338526 -0.1 -1.7399776)
(0.39336876 -0.1 -1.8226375)
(0.39335146 -0.1 -1.9092486)
(0.39333333 -0.1 -2)
(0.37025048 -0.1 -0.36486471)
(0.3702479 -0.1 -0.38175487)
(0.37024519 -0.1 -0.39945241)
(0.37024234 -0.1 -0.41799593)
(0.37023937 -0.1 -0.43742588)
(0.37023625 -0.1 -0.45778461)
(0.37023298 -0.1 -0.47911653)
(0.37022956 -0.1 -0.50146816)
(0.37022597 -0.1 -0.52488825)
(0.37022221 -0.1 -0.54942786)
(0.37021827 -0.1 -0.57514052)
(0.37021414 -0.1 -0.60208229)
(0.37020982 -0.1 -0.63031193)
(0.37020529 -0.1 -0.65989101)
(0.37020054 -0.1 -0.69088404)
(0.37019557 -0.1 -0.72335859)
(0.37019035 -0.1 -0.75738549)
(0.37018489 -0.1 -0.79303894)
(0.37017917 -0.1 -0.8303967)
(0.37017317 -0.1 -0.86954025)
(0.37016689 -0.1 -0.91055493)
(0.37016031 -0.1 -0.95353019)
(0.37015341 -0.1 -0.99855977)
(0.37014618 -0.1 -1.0457418)
(0.37013861 -0.1 -1.0951793)
(0.37013067 -0.1 -1.14698)
(0.37012236 -0.1 -1.2012569)
(0.37011365 -0.1 -1.2581283)
(0.37010452 -0.1 -1.3177183)
(0.37009495 -0.1 -1.3801568)
(0.37008493 -0.1 -1.44558)
(0.37007443 -0.1 -1.5141305)
(0.37006343 -0.1 -1.585958)
(0.3700519 -0.1 -1.6612189)
(0.37003982 -0.1 -1.7400774)
(0.37002716 -0.1 -1.8227055)
(0.3700139 -0.1 -1.9092835)
(0.37 -0.1 -2)
(0.34683654 -0.1 -0.36533413)
(0.34683479 -0.1 -0.38221944)
(0.34683295 -0.1 -0.3999119)
(0.34683102 -0.1 -0.4184501)
(0.346829 -0.1 -0.43787447)
(0.34682689 -0.1 -0.45822735)
(0.34682467 -0.1 -0.47955315)
(0.34682235 -0.1 -0.50189837)
(0.34681992 -0.1 -0.52531173)
(0.34681737 -0.1 -0.54984429)
(0.3468147 -0.1 -0.57554957)
(0.3468119 -0.1 -0.60248361)
(0.34680897 -0.1 -0.63070515)
(0.34680589 -0.1 -0.66027574)
(0.34680267 -0.1 -0.69125986)
(0.3467993 -0.1 -0.72372509)
(0.34679576 -0.1 -0.75774222)
(0.34679206 -0.1 -0.79338544)
(0.34678818 -0.1 -0.83073248)
(0.34678411 -0.1 -0.86986478)
(0.34677985 -0.1 -0.91086769)
(0.34677539 -0.1 -0.95383062)
(0.34677071 -0.1 -0.99884726)
(0.34676581 -0.1 -1.0460158)
(0.34676067 -0.1 -1.0954391)
(0.34675529 -0.1 -1.1472249)
(0.34674965 -0.1 -1.2014862)
(0.34674374 -0.1 -1.2583413)
(0.34673755 -0.1 -1.3179142)
(0.34673106 -0.1 -1.3803347)
(0.34672427 -0.1 -1.4457392)
(0.34671714 -0.1 -1.51427)
(0.34670968 -0.1 -1.5860768)
(0.34670186 -0.1 -1.6613161)
(0.34669367 -0.1 -1.740152)
(0.34668509 -0.1 -1.8227564)
(0.34667609 -0.1 -1.9093095)
(0.34666667 -0.1 -2)
(1.0189895 -0.1 -0.31518541)
(1.0189895 -0.1 -0.33258873)
(1.0189895 -0.1 -0.35082397)
(1.0189895 -0.1 -0.36993089)
(1.0189895 -0.1 -0.38995116)
(1.0189895 -0.1 -0.41092844)
(1.0189895 -0.1 -0.43290847)
(1.0189895 -0.1 -0.4559392)
(1.0189895 -0.1 -0.48007084)
(1.0189895 -0.1 -0.50535603)
(1.0189895 -0.1 -0.5318499)
(1.0189895 -0.1 -0.55961023)
(1.0189895 -0.1 -0.58869755)
(1.0189895 -0.1 -0.61917532)
(1.0189895 -0.1 -0.65110998)
(1.0189895 -0.1 -0.68457118)
(1.0189895 -0.1 -0.7196319)
(1.0189895 -0.1 -0.75636859)
(1.0189895 -0.1 -0.79486138)
(1.0189895 -0.1 -0.83519419)
(1.0189895 -0.1 -0.877455)
(1.0189895 -0.1 -0.92173595)
(1.0189895 -0.1 -0.96813363)
(1.0189895 -0.1 -1.0167492)
(1.0189895 -0.1 -1.0676887)
(1.0189895 -0.1 -1.1210632)
(1.0189895 -0.1 -1.1769892)
(1.0189895 -0.1 -1.2355885)
(1.0189895 -0.1 -1.2969889)
(1.0189895 -0.1 -1.3613245)
(1.0189895 -0.1 -1.4287354)
(1.0189895 -0.1 -1.4993687)
(1.0189895 -0.1 -1.5733784)
(1.0189895 -0.1 -1.6509259)
(1.0189895 -0.1 -1.7321803)
(1.0189895 -0.1 -1.8173189)
(1.0189895 -0.1 -1.9065273)
(1.0189895 -0.1 -2)
(1.039134 -0.1 -0.31518541)
(1.039134 -0.1 -0.33258873)
(1.039134 -0.1 -0.35082397)
(1.039134 -0.1 -0.36993089)
(1.039134 -0.1 -0.38995116)
(1.039134 -0.1 -0.41092844)
(1.039134 -0.1 -0.43290847)
(1.039134 -0.1 -0.4559392)
(1.039134 -0.1 -0.48007084)
(1.039134 -0.1 -0.50535603)
(1.039134 -0.1 -0.5318499)
(1.039134 -0.1 -0.55961023)
(1.039134 -0.1 -0.58869755)
(1.039134 -0.1 -0.61917532)
(1.039134 -0.1 -0.65110998)
(1.039134 -0.1 -0.68457118)
(1.039134 -0.1 -0.7196319)
(1.039134 -0.1 -0.75636859)
(1.039134 -0.1 -0.79486138)
(1.039134 -0.1 -0.83519419)
(1.039134 -0.1 -0.877455)
(1.039134 -0.1 -0.92173595)
(1.039134 -0.1 -0.96813363)
(1.039134 -0.1 -1.0167492)
(1.039134 -0.1 -1.0676887)
(1.039134 -0.1 -1.1210632)
(1.039134 -0.1 -1.1769892)
(1.039134 -0.1 -1.2355885)
(1.039134 -0.1 -1.2969889)
(1.039134 -0.1 -1.3613245)
(1.039134 -0.1 -1.4287354)
(1.039134 -0.1 -1.4993687)
(1.039134 -0.1 -1.5733784)
(1.039134 -0.1 -1.6509259)
(1.039134 -0.1 -1.7321803)
(1.039134 -0.1 -1.8173189)
(1.039134 -0.1 -1.9065273)
(1.039134 -0.1 -2)
(1.0605036 -0.1 -0.31518541)
(1.0605036 -0.1 -0.33258873)
(1.0605036 -0.1 -0.35082397)
(1.0605036 -0.1 -0.36993089)
(1.0605036 -0.1 -0.38995116)
(1.0605036 -0.1 -0.41092844)
(1.0605036 -0.1 -0.43290847)
(1.0605036 -0.1 -0.4559392)
(1.0605036 -0.1 -0.48007084)
(1.0605036 -0.1 -0.50535603)
(1.0605036 -0.1 -0.5318499)
(1.0605036 -0.1 -0.55961023)
(1.0605036 -0.1 -0.58869755)
(1.0605036 -0.1 -0.61917532)
(1.0605036 -0.1 -0.65110998)
(1.0605036 -0.1 -0.68457118)
(1.0605036 -0.1 -0.7196319)
(1.0605036 -0.1 -0.75636859)
(1.0605036 -0.1 -0.79486138)
(1.0605036 -0.1 -0.83519419)
(1.0605036 -0.1 -0.877455)
(1.0605036 -0.1 -0.92173595)
(1.0605036 -0.1 -0.96813363)
(1.0605036 -0.1 -1.0167492)
(1.0605036 -0.1 -1.0676887)
(1.0605036 -0.1 -1.1210632)
(1.0605036 -0.1 -1.1769892)
(1.0605036 -0.1 -1.2355885)
(1.0605036 -0.1 -1.2969889)
(1.0605036 -0.1 -1.3613245)
(1.0605036 -0.1 -1.4287354)
(1.0605036 -0.1 -1.4993687)
(1.0605036 -0.1 -1.5733784)
(1.0605036 -0.1 -1.6509259)
(1.0605036 -0.1 -1.7321803)
(1.0605036 -0.1 -1.8173189)
(1.0605036 -0.1 -1.9065273)
(1.0605036 -0.1 -2)
(1.0831729 -0.1 -0.31518541)
(1.0831729 -0.1 -0.33258873)
(1.0831729 -0.1 -0.35082397)
(1.0831729 -0.1 -0.36993089)
(1.0831729 -0.1 -0.38995116)
(1.0831729 -0.1 -0.41092844)
(1.0831729 -0.1 -0.43290847)
(1.0831729 -0.1 -0.4559392)
(1.0831729 -0.1 -0.48007084)
(1.0831729 -0.1 -0.50535603)
(1.0831729 -0.1 -0.5318499)
(1.0831729 -0.1 -0.55961023)
(1.0831729 -0.1 -0.58869755)
(1.0831729 -0.1 -0.61917532)
(1.0831729 -0.1 -0.65110998)
(1.0831729 -0.1 -0.68457118)
(1.0831729 -0.1 -0.7196319)
(1.0831729 -0.1 -0.75636859)
(1.0831729 -0.1 -0.79486138)
(1.0831729 -0.1 -0.83519419)
(1.0831729 -0.1 -0.877455)
(1.0831729 -0.1 -0.92173595)
(1.0831729 -0.1 -0.96813363)
(1.0831729 -0.1 -1.0167492)
(1.0831729 -0.1 -1.0676887)
(1.0831729 -0.1 -1.1210632)
(1.0831729 -0.1 -1.1769892)
(1.0831729 -0.1 -1.2355885)
(1.0831729 -0.1 -1.2969889)
(1.0831729 -0.1 -1.3613245)
(1.0831729 -0.1 -1.4287354)
(1.0831729 -0.1 -1.4993687)
(1.0831729 -0.1 -1.5733784)
(1.0831729 -0.1 -1.6509259)
(1.0831729 -0.1 -1.7321803)
(1.0831729 -0.1 -1.8173189)
(1.0831729 -0.1 -1.9065273)
(1.0831729 -0.1 -2)
(1.1072209 -0.1 -0.31518541)
(1.1072209 -0.1 -0.33258873)
(1.1072209 -0.1 -0.35082397)
(1.1072209 -0.1 -0.36993089)
(1.1072209 -0.1 -0.38995116)
(1.1072209 -0.1 -0.41092844)
(1.1072209 -0.1 -0.43290847)
(1.1072209 -0.1 -0.4559392)
(1.1072209 -0.1 -0.48007084)
(1.1072209 -0.1 -0.50535603)
(1.1072209 -0.1 -0.5318499)
(1.1072209 -0.1 -0.55961023)
(1.1072209 -0.1 -0.58869755)
(1.1072209 -0.1 -0.61917532)
(1.1072209 -0.1 -0.65110998)
(1.1072209 -0.1 -0.68457118)
(1.1072209 -0.1 -0.7196319)
(1.1072209 -0.1 -0.75636859)
(1.1072209 -0.1 -0.79486138)
(1.1072209 -0.1 -0.83519419)
(1.1072209 -0.1 -0.877455)
(1.1072209 -0.1 -0.92173595)
(1.1072209 -0.1 -0.96813363)
(1.1072209 -0.1 -1.0167492)
(1.1072209 -0.1 -1.0676887)
(1.1072209 -0.1 -1.1210632)
(1.1072209 -0.1 -1.1769892)
(1.1072209 -0.1 -1.2355885)
(1.1072209 -0.1 -1.2969889)
(1.1072209 -0.1 -1.3613245)
(1.1072209 -0.1 -1.4287354)
(1.1072209 -0.1 -1.4993687)
(1.1072209 -0.1 -1.5733784)
(1.1072209 -0.1 -1.6509259)
(1.1072209 -0.1 -1.7321803)
(1.1072209 -0.1 -1.8173189)
(1.1072209 -0.1 -1.9065273)
(1.1072209 -0.1 -2)
(1.1327314 -0.1 -0.31518541)
(1.1327314 -0.1 -0.33258873)
(1.1327314 -0.1 -0.35082397)
(1.1327314 -0.1 -0.36993089)
(1.1327314 -0.1 -0.38995116)
(1.1327314 -0.1 -0.41092844)
(1.1327314 -0.1 -0.43290847)
(1.1327314 -0.1 -0.4559392)
(1.1327314 -0.1 -0.48007084)
(1.1327314 -0.1 -0.50535603)
(1.1327314 -0.1 -0.5318499)
(1.1327314 -0.1 -0.55961023)
(1.1327314 -0.1 -0.58869755)
(1.1327314 -0.1 -0.61917532)
(1.1327314 -0.1 -0.65110998)
(1.1327314 -0.1 -0.68457118)
(1.1327314 -0.1 -0.7196319)
(1.1327314 -0.1 -0.75636859)
(1.1327314 -0.1 -0.79486138)
(1.1327314 -0.1 -0.83519419)
(1.1327314 -0.1 -0.877455)
(1.1327314 -0.1 -0.92173595)
(1.1327314 -0.1 -0.96813363)
(1.1327314 -0.1 -1.0167492)
(1.1327314 -0.1 -1.0676887)
(1.1327314 -0.1 -1.1210632)
(1.1327314 -0.1 -1.1769892)
(1.1327314 -0.1 -1.2355885)
(1.1327314 -0.1 -1.2969889)
(1.1327314 -0.1 -1.3613245)
(1.1327314 -0.1 -1.4287354)
(1.1327314 -0.1 -1.4993687)
(1.1327314 -0.1 -1.5733784)
(1.1327314 -0.1 -1.6509259)
(1.1327314 -0.1 -1.7321803)
(1.1327314 -0.1 -1.8173189)
(1.1327314 -0.1 -1.9065273)
(1.1327314 -0.1 -2)
(1.1597935 -0.1 -0.31518541)
(1.1597935 -0.1 -0.33258873)
(1.1597935 -0.1 -0.35082397)
(1.1597935 -0.1 -0.36993089)
(1.1597935 -0.1 -0.38995116)
(1.1597935 -0.1 -0.41092844)
(1.1597935 -0.1 -0.43290847)
(1.1597935 -0.1 -0.4559392)
(1.1597935 -0.1 -0.48007084)
(1.1597935 -0.1 -0.50535603)
(1.1597935 -0.1 -0.5318499)
(1.1597935 -0.1 -0.55961023)
(1.1597935 -0.1 -0.58869755)
(1.1597935 -0.1 -0.61917532)
(1.1597935 -0.1 -0.65110998)
(1.1597935 -0.1 -0.68457118)
(1.1597935 -0.1 -0.7196319)
(1.1597935 -0.1 -0.75636859)
(1.1597935 -0.1 -0.79486138)
(1.1597935 -0.1 -0.83519419)
(1.1597935 -0.1 -0.877455)
(1.1597935 -0.1 -0.92173595)
(1.1597935 -0.1 -0.96813363)
(1.1597935 -0.1 -1.0167492)
(1.1597935 -0.1 -1.0676887)
(1.1597935 -0.1 -1.1210632)
(1.1597935 -0.1 -1.1769892)
(1.1597935 -0.1 -1.2355885)
(1.1597935 -0.1 -1.2969889)
(1.1597935 -0.1 -1.3613245)
(1.1597935 -0.1 -1.4287354)
(1.1597935 -0.1 -1.4993687)
(1.1597935 -0.1 -1.5733784)
(1.1597935 -0.1 -1.6509259)
(1.1597935 -0.1 -1.7321803)
(1.1597935 -0.1 -1.8173189)
(1.1597935 -0.1 -1.9065273)
(1.1597935 -0.1 -2)
(1.1885014 -0.1 -0.31518541)
(1.1885014 -0.1 -0.33258873)
(1.1885014 -0.1 -0.35082397)
(1.1885014 -0.1 -0.36993089)
(1.1885014 -0.1 -0.38995116)
(1.1885014 -0.1 -0.41092844)
(1.1885014 -0.1 -0.43290847)
(1.1885014 -0.1 -0.4559392)
(1.1885014 -0.1 -0.48007084)
(1.1885014 -0.1 -0.50535603)
(1.1885014 -0.1 -0.5318499)
(1.1885014 -0.1 -0.55961023)
(1.1885014 -0.1 -0.58869755)
(1.1885014 -0.1 -0.61917532)
(1.1885014 -0.1 -0.65110998)
(1.1885014 -0.1 -0.68457118)
(1.1885014 -0.1 -0.7196319)
(1.1885014 -0.1 -0.75636859)
(1.1885014 -0.1 -0.79486138)
(1.1885014 -0.1 -0.83519419)
(1.1885014 -0.1 -0.877455)
(1.1885014 -0.1 -0.92173595)
(1.1885014 -0.1 -0.96813363)
(1.1885014 -0.1 -1.0167492)
(1.1885014 -0.1 -1.0676887)
(1.1885014 -0.1 -1.1210632)
(1.1885014 -0.1 -1.1769892)
(1.1885014 -0.1 -1.2355885)
(1.1885014 -0.1 -1.2969889)
(1.1885014 -0.1 -1.3613245)
(1.1885014 -0.1 -1.4287354)
(1.1885014 -0.1 -1.4993687)
(1.1885014 -0.1 -1.5733784)
(1.1885014 -0.1 -1.6509259)
(1.1885014 -0.1 -1.7321803)
(1.1885014 -0.1 -1.8173189)
(1.1885014 -0.1 -1.9065273)
(1.1885014 -0.1 -2)
(1.2189553 -0.1 -0.31518541)
(1.2189553 -0.1 -0.33258873)
(1.2189553 -0.1 -0.35082397)
(1.2189553 -0.1 -0.36993089)
(1.2189553 -0.1 -0.38995116)
(1.2189553 -0.1 -0.41092844)
(1.2189553 -0.1 -0.43290847)
(1.2189553 -0.1 -0.4559392)
(1.2189553 -0.1 -0.48007084)
(1.2189553 -0.1 -0.50535603)
(1.2189553 -0.1 -0.5318499)
(1.2189553 -0.1 -0.55961023)
(1.2189553 -0.1 -0.58869755)
(1.2189553 -0.1 -0.61917532)
(1.2189553 -0.1 -0.65110998)
(1.2189553 -0.1 -0.68457118)
(1.2189553 -0.1 -0.7196319)
(1.2189553 -0.1 -0.75636859)
(1.2189553 -0.1 -0.79486138)
(1.2189553 -0.1 -0.83519419)
(1.2189553 -0.1 -0.877455)
(1.2189553 -0.1 -0.92173595)
(1.2189553 -0.1 -0.96813363)
(1.2189553 -0.1 -1.0167492)
(1.2189553 -0.1 -1.0676887)
(1.2189553 -0.1 -1.1210632)
(1.2189553 -0.1 -1.1769892)
(1.2189553 -0.1 -1.2355885)
(1.2189553 -0.1 -1.2969889)
(1.2189553 -0.1 -1.3613245)
(1.2189553 -0.1 -1.4287354)
(1.2189553 -0.1 -1.4993687)
(1.2189553 -0.1 -1.5733784)
(1.2189553 -0.1 -1.6509259)
(1.2189553 -0.1 -1.7321803)
(1.2189553 -0.1 -1.8173189)
(1.2189553 -0.1 -1.9065273)
(1.2189553 -0.1 -2)
(1.2512614 -0.1 -0.31518541)
(1.2512614 -0.1 -0.33258873)
(1.2512614 -0.1 -0.35082397)
(1.2512614 -0.1 -0.36993089)
(1.2512614 -0.1 -0.38995116)
(1.2512614 -0.1 -0.41092844)
(1.2512614 -0.1 -0.43290847)
(1.2512614 -0.1 -0.4559392)
(1.2512614 -0.1 -0.48007084)
(1.2512614 -0.1 -0.50535603)
(1.2512614 -0.1 -0.5318499)
(1.2512614 -0.1 -0.55961023)
(1.2512614 -0.1 -0.58869755)
(1.2512614 -0.1 -0.61917532)
(1.2512614 -0.1 -0.65110998)
(1.2512614 -0.1 -0.68457118)
(1.2512614 -0.1 -0.7196319)
(1.2512614 -0.1 -0.75636859)
(1.2512614 -0.1 -0.79486138)
(1.2512614 -0.1 -0.83519419)
(1.2512614 -0.1 -0.877455)
(1.2512614 -0.1 -0.92173595)
(1.2512614 -0.1 -0.96813363)
(1.2512614 -0.1 -1.0167492)
(1.2512614 -0.1 -1.0676887)
(1.2512614 -0.1 -1.1210632)
(1.2512614 -0.1 -1.1769892)
(1.2512614 -0.1 -1.2355885)
(1.2512614 -0.1 -1.2969889)
(1.2512614 -0.1 -1.3613245)
(1.2512614 -0.1 -1.4287354)
(1.2512614 -0.1 -1.4993687)
(1.2512614 -0.1 -1.5733784)
(1.2512614 -0.1 -1.6509259)
(1.2512614 -0.1 -1.7321803)
(1.2512614 -0.1 -1.8173189)
(1.2512614 -0.1 -1.9065273)
(1.2512614 -0.1 -2)
(1.2855322 -0.1 -0.31518541)
(1.2855322 -0.1 -0.33258873)
(1.2855322 -0.1 -0.35082397)
(1.2855322 -0.1 -0.36993089)
(1.2855322 -0.1 -0.38995116)
(1.2855322 -0.1 -0.41092844)
(1.2855322 -0.1 -0.43290847)
(1.2855322 -0.1 -0.4559392)
(1.2855322 -0.1 -0.48007084)
(1.2855322 -0.1 -0.50535603)
(1.2855322 -0.1 -0.5318499)
(1.2855322 -0.1 -0.55961023)
(1.2855322 -0.1 -0.58869755)
(1.2855322 -0.1 -0.61917532)
(1.2855322 -0.1 -0.65110998)
(1.2855322 -0.1 -0.68457118)
(1.2855322 -0.1 -0.7196319)
(1.2855322 -0.1 -0.75636859)
(1.2855322 -0.1 -0.79486138)
(1.2855322 -0.1 -0.83519419)
(1.2855322 -0.1 -0.877455)
(1.2855322 -0.1 -0.92173595)
(1.2855322 -0.1 -0.96813363)
(1.2855322 -0.1 -1.0167492)
(1.2855322 -0.1 -1.0676887)
(1.2855322 -0.1 -1.1210632)
(1.2855322 -0.1 -1.1769892)
(1.2855322 -0.1 -1.2355885)
(1.2855322 -0.1 -1.2969889)
(1.2855322 -0.1 -1.3613245)
(1.2855322 -0.1 -1.4287354)
(1.2855322 -0.1 -1.4993687)
(1.2855322 -0.1 -1.5733784)
(1.2855322 -0.1 -1.6509259)
(1.2855322 -0.1 -1.7321803)
(1.2855322 -0.1 -1.8173189)
(1.2855322 -0.1 -1.9065273)
(1.2855322 -0.1 -2)
(1.3218874 -0.1 -0.31518541)
(1.3218874 -0.1 -0.33258873)
(1.3218874 -0.1 -0.35082397)
(1.3218874 -0.1 -0.36993089)
(1.3218874 -0.1 -0.38995116)
(1.3218874 -0.1 -0.41092844)
(1.3218874 -0.1 -0.43290847)
(1.3218874 -0.1 -0.4559392)
(1.3218874 -0.1 -0.48007084)
(1.3218874 -0.1 -0.50535603)
(1.3218874 -0.1 -0.5318499)
(1.3218874 -0.1 -0.55961023)
(1.3218874 -0.1 -0.58869755)
(1.3218874 -0.1 -0.61917532)
(1.3218874 -0.1 -0.65110998)
(1.3218874 -0.1 -0.68457118)
(1.3218874 -0.1 -0.7196319)
(1.3218874 -0.1 -0.75636859)
(1.3218874 -0.1 -0.79486138)
(1.3218874 -0.1 -0.83519419)
(1.3218874 -0.1 -0.877455)
(1.3218874 -0.1 -0.92173595)
(1.3218874 -0.1 -0.96813363)
(1.3218874 -0.1 -1.0167492)
(1.3218874 -0.1 -1.0676887)
(1.3218874 -0.1 -1.1210632)
(1.3218874 -0.1 -1.1769892)
(1.3218874 -0.1 -1.2355885)
(1.3218874 -0.1 -1.2969889)
(1.3218874 -0.1 -1.3613245)
(1.3218874 -0.1 -1.4287354)
(1.3218874 -0.1 -1.4993687)
(1.3218874 -0.1 -1.5733784)
(1.3218874 -0.1 -1.6509259)
(1.3218874 -0.1 -1.7321803)
(1.3218874 -0.1 -1.8173189)
(1.3218874 -0.1 -1.9065273)
(1.3218874 -0.1 -2)
(1.3604536 -0.1 -0.31518541)
(1.3604536 -0.1 -0.33258873)
(1.3604536 -0.1 -0.35082397)
(1.3604536 -0.1 -0.36993089)
(1.3604536 -0.1 -0.38995116)
(1.3604536 -0.1 -0.41092844)
(1.3604536 -0.1 -0.43290847)
(1.3604536 -0.1 -0.4559392)
(1.3604536 -0.1 -0.48007084)
(1.3604536 -0.1 -0.50535603)
(1.3604536 -0.1 -0.5318499)
(1.3604536 -0.1 -0.55961023)
(1.3604536 -0.1 -0.58869755)
(1.3604536 -0.1 -0.61917532)
(1.3604536 -0.1 -0.65110998)
(1.3604536 -0.1 -0.68457118)
(1.3604536 -0.1 -0.7196319)
(1.3604536 -0.1 -0.75636859)
(1.3604536 -0.1 -0.79486138)
(1.3604536 -0.1 -0.83519419)
(1.3604536 -0.1 -0.877455)
(1.3604536 -0.1 -0.92173595)
(1.3604536 -0.1 -0.96813363)
(1.3604536 -0.1 -1.0167492)
(1.3604536 -0.1 -1.0676887)
(1.3604536 -0.1 -1.1210632)
(1.3604536 -0.1 -1.1769892)
(1.3604536 -0.1 -1.2355885)
(1.3604536 -0.1 -1.2969889)
(1.3604536 -0.1 -1.3613245)
(1.3604536 -0.1 -1.4287354)
(1.3604536 -0.1 -1.4993687)
(1.3604536 -0.1 -1.5733784)
(1.3604536 -0.1 -1.6509259)
(1.3604536 -0.1 -1.7321803)
(1.3604536 -0.1 -1.8173189)
(1.3604536 -0.1 -1.9065273)
(1.3604536 -0.1 -2)
(1.4013653 -0.1 -0.31518541)
(1.4013653 -0.1 -0.33258873)
(1.4013653 -0.1 -0.35082397)
(1.4013653 -0.1 -0.36993089)
(1.4013653 -0.1 -0.38995116)
(1.4013653 -0.1 -0.41092844)
(1.4013653 -0.1 -0.43290847)
(1.4013653 -0.1 -0.4559392)
(1.4013653 -0.1 -0.48007084)
(1.4013653 -0.1 -0.50535603)
(1.4013653 -0.1 -0.5318499)
(1.4013653 -0.1 -0.55961023)
(1.4013653 -0.1 -0.58869755)
(1.4013653 -0.1 -0.61917532)
(1.4013653 -0.1 -0.65110998)
(1.4013653 -0.1 -0.68457118)
(1.4013653 -0.1 -0.7196319)
(1.4013653 -0.1 -0.75636859)
(1.4013653 -0.1 -0.79486138)
(1.4013653 -0.1 -0.83519419)
(1.4013653 -0.1 -0.877455)
(1.4013653 -0.1 -0.92173595)
(1.4013653 -0.1 -0.96813363)
(1.4013653 -0.1 -1.0167492)
(1.4013653 -0.1 -1.0676887)
(1.4013653 -0.1 -1.1210632)
(1.4013653 -0.1 -1.1769892)
(1.4013653 -0.1 -1.2355885)
(1.4013653 -0.1 -1.2969889)
(1.4013653 -0.1 -1.3613245)
(1.4013653 -0.1 -1.4287354)
(1.4013653 -0.1 -1.4993687)
(1.4013653 -0.1 -1.5733784)
(1.4013653 -0.1 -1.6509259)
(1.4013653 -0.1 -1.7321803)
(1.4013653 -0.1 -1.8173189)
(1.4013653 -0.1 -1.9065273)
(1.4013653 -0.1 -2)
(1.4447652 -0.1 -0.31518541)
(1.4447652 -0.1 -0.33258873)
(1.4447652 -0.1 -0.35082397)
(1.4447652 -0.1 -0.36993089)
(1.4447652 -0.1 -0.38995116)
(1.4447652 -0.1 -0.41092844)
(1.4447652 -0.1 -0.43290847)
(1.4447652 -0.1 -0.4559392)
(1.4447652 -0.1 -0.48007084)
(1.4447652 -0.1 -0.50535603)
(1.4447652 -0.1 -0.5318499)
(1.4447652 -0.1 -0.55961023)
(1.4447652 -0.1 -0.58869755)
(1.4447652 -0.1 -0.61917532)
(1.4447652 -0.1 -0.65110998)
(1.4447652 -0.1 -0.68457118)
(1.4447652 -0.1 -0.7196319)
(1.4447652 -0.1 -0.75636859)
(1.4447652 -0.1 -0.79486138)
(1.4447652 -0.1 -0.83519419)
(1.4447652 -0.1 -0.877455)
(1.4447652 -0.1 -0.92173595)
(1.4447652 -0.1 -0.96813363)
(1.4447652 -0.1 -1.0167492)
(1.4447652 -0.1 -1.0676887)
(1.4447652 -0.1 -1.1210632)
(1.4447652 -0.1 -1.1769892)
(1.4447652 -0.1 -1.2355885)
(1.4447652 -0.1 -1.2969889)
(1.4447652 -0.1 -1.3613245)
(1.4447652 -0.1 -1.4287354)
(1.4447652 -0.1 -1.4993687)
(1.4447652 -0.1 -1.5733784)
(1.4447652 -0.1 -1.6509259)
(1.4447652 -0.1 -1.7321803)
(1.4447652 -0.1 -1.8173189)
(1.4447652 -0.1 -1.9065273)
(1.4447652 -0.1 -2)
)


// ************************************************************************* //
