/*--------------------------------*- C++ -*----------------------------------*\
| =========                 |                                                 |
| \\      /  F ield         | OpenFOAM: The Open Source CFD Toolbox           |
|  \\    /   O peration     | Version:  2406                                  |
|   \\  /    A nd           | Website:  www.openfoam.com                      |
|    \\/     M anipulation  |                                                 |
\*---------------------------------------------------------------------------*/
FoamFile
{
    version     2.0;
    format      ascii;
    arch        "LSB;label=32;scalar=64";
    class       vectorField;
    location    "constant/polyMesh";
    object      points;
}
// * * * * * * * * * * * * * * * * * * * * * * * * * * * * * * * * * * * * * //


3362
(
(0.3 0 -0.060007035)
(0.27891692 0 -0.059907753)
(0.27885745 0 -0.062133863)
(0.3 0 -0.06227374)
(0.27879524 0 -0.064466487)
(0.3 0 -0.064648798)
(0.27873015 0 -0.066910725)
(0.3 0 -0.067137389)
(0.27866205 0 -0.069471925)
(0.3 0 -0.06974494)
(0.27859081 0 -0.072155689)
(0.3 0 -0.072477137)
(0.2785163 0 -0.074967889)
(0.3 0 -0.075339938)
(0.27843837 0 -0.077914679)
(0.3 0 -0.078339587)
(0.27835687 0 -0.081002508)
(0.3 0 -0.081482626)
(0.27827164 0 -0.084238136)
(0.3 0 -0.084775908)
(0.27818252 0 -0.087628646)
(0.3 0 -0.088226616)
(0.27808935 0 -0.091181464)
(0.3 0 -0.091842274)
(0.27799195 0 -0.09490437)
(0.3 0 -0.095630769)
(0.27789014 0 -0.09880552)
(0.3 0 -0.099600361)
(0.27778373 0 -0.10289346)
(0.3 0 -0.10375971)
(0.27767254 0 -0.10717716)
(0.3 0 -0.10811788)
(0.27755636 0 -0.111666)
(0.3 0 -0.11268438)
(0.27743498 0 -0.11636982)
(0.3 0 -0.11746917)
(0.2773082 0 -0.12129894)
(0.3 0 -0.12248268)
(0.27717578 0 -0.12646418)
(0.3 0 -0.12773585)
(0.27703751 0 -0.13187687)
(0.3 0 -0.13324013)
(0.27689316 0 -0.1375489)
(0.3 0 -0.13900753)
(0.27674247 0 -0.14349271)
(0.3 0 -0.14505062)
(0.27658522 0 -0.14972136)
(0.3 0 -0.15138258)
(0.27642113 0 -0.15624854)
(0.3 0 -0.15801723)
(0.27624996 0 -0.16308861)
(0.3 0 -0.16496902)
(0.27607143 0 -0.17025659)
(0.3 0 -0.17225312)
(0.27588529 0 -0.17776825)
(0.3 0 -0.17988542)
(0.27569125 0 -0.18564013)
(0.3 0 -0.18788256)
(0.27548904 0 -0.19388956)
(0.3 0 -0.19626197)
(0.27527837 0 -0.20253471)
(0.3 0 -0.20504194)
(0.27505895 0 -0.21159463)
(0.3 0 -0.21424161)
(0.2748305 0 -0.22108929)
(0.3 0 -0.22388104)
(0.27459273 0 -0.23103965)
(0.3 0 -0.23398126)
(0.27434535 0 -0.24146765)
(0.3 0 -0.24456429)
(0.27408808 0 -0.25239633)
(0.3 0 -0.25565321)
(0.27382062 0 -0.26384984)
(0.3 0 -0.2672722)
(0.27354269 0 -0.2758535)
(0.3 0 -0.2794466)
(0.27325404 0 -0.28843388)
(0.3 0 -0.29220297)
(0.27295438 0 -0.30161881)
(0.3 0 -0.30556911)
(0.27264348 0 -0.31543752)
(0.3 0 -0.31957418)
(0.25897401 0 -0.059610662)
(0.25885387 0 -0.061798555)
(0.25872815 0 -0.064091227)
(0.25859662 0 -0.066493706)
(0.258459 0 -0.069011261)
(0.25831502 0 -0.071649417)
(0.25816441 0 -0.074413964)
(0.25800688 0 -0.07731097)
(0.2578421 0 -0.080346798)
(0.25766978 0 -0.083528116)
(0.25748958 0 -0.086861917)
(0.25730116 0 -0.090355529)
(0.25710416 0 -0.094016636)
(0.25689822 0 -0.097853291)
(0.25668295 0 -0.10187394)
(0.25645796 0 -0.10608744)
(0.25622285 0 -0.11050306)
(0.25597719 0 -0.11513055)
(0.25572054 0 -0.1199801)
(0.25545245 0 -0.12506242)
(0.25517246 0 -0.13038872)
(0.25488008 0 -0.13597077)
(0.25457482 0 -0.14182091)
(0.25425618 0 -0.14795207)
(0.25392363 0 -0.15437783)
(0.25357664 0 -0.1611124)
(0.25321465 0 -0.16817073)
(0.25283711 0 -0.17556845)
(0.25244345 0 -0.183322)
(0.25203308 0 -0.19144859)
(0.25160542 0 -0.1999663)
(0.25115985 0 -0.20889407)
(0.25069578 0 -0.21825179)
(0.2502126 0 -0.22806034)
(0.24970968 0 -0.23834159)
(0.24918642 0 -0.24911853)
(0.24864221 0 -0.26041526)
(0.24807644 0 -0.27225709)
(0.24748851 0 -0.28467056)
(0.24687786 0 -0.29768355)
(0.24624391 0 -0.31132532)
(0.24011175 0 -0.059130455)
(0.23992956 0 -0.061282182)
(0.2397389 0 -0.063537044)
(0.23953939 0 -0.065899998)
(0.23933064 0 -0.068376242)
(0.23911224 0 -0.070971224)
(0.23888375 0 -0.073690655)
(0.23864473 0 -0.076540525)
(0.2383947 0 -0.079527112)
(0.2381332 0 -0.082656998)
(0.23785971 0 -0.085937087)
(0.23757371 0 -0.089374615)
(0.23727466 0 -0.092977173)
(0.23696199 0 -0.096752717)
(0.23663513 0 -0.10070959)
(0.23629346 0 -0.10485655)
(0.23593637 0 -0.10920277)
(0.23556319 0 -0.11375788)
(0.23517326 0 -0.11853198)
(0.23476588 0 -0.12353564)
(0.23434034 0 -0.12877999)
(0.2338959 0 -0.13427666)
(0.23343179 0 -0.14003789)
(0.23294722 0 -0.1460765)
(0.2324414 0 -0.15240593)
(0.23191348 0 -0.15904031)
(0.23136262 0 -0.16599444)
(0.23078795 0 -0.17328387)
(0.23018858 0 -0.1809249)
(0.22956358 0 -0.18893466)
(0.22891204 0 -0.19733109)
(0.22823302 0 -0.20613307)
(0.22752555 0 -0.21536038)
(0.22678868 0 -0.22503381)
(0.22602142 0 -0.23517518)
(0.2252228 0 -0.24580739)
(0.22439184 0 -0.2569545)
(0.22352756 0 -0.26864177)
(0.222629 0 -0.28089575)
(0.22169522 0 -0.2937443)
(0.22072527 0 -0.30721671)
(0.22227384 0 -0.058480687)
(0.22202806 0 -0.06059796)
(0.22177085 0 -0.062816798)
(0.22150169 0 -0.065142092)
(0.22122003 0 -0.067578967)
(0.22092532 0 -0.0701328)
(0.22061697 0 -0.072809228)
(0.22029439 0 -0.075614161)
(0.21995692 0 -0.078553797)
(0.21960393 0 -0.081634638)
(0.21923471 0 -0.084863498)
(0.21884857 0 -0.088247528)
(0.21844477 0 -0.091794225)
(0.21802253 0 -0.095511454)
(0.21758106 0 -0.099407464)
(0.21711953 0 -0.10349091)
(0.2166371 0 -0.10777086)
(0.21613287 0 -0.11225684)
(0.21560592 0 -0.11695885)
(0.2150553 0 -0.12188736)
(0.21448003 0 -0.12705337)
(0.21387911 0 -0.13246843)
(0.21325147 0 -0.13814463)
(0.21259604 0 -0.14409469)
(0.21191171 0 -0.15033195)
(0.21119733 0 -0.1568704)
(0.21045174 0 -0.16372475)
(0.20967372 0 -0.17091042)
(0.20886203 0 -0.17844361)
(0.20801542 0 -0.18634131)
(0.2071326 0 -0.1946214)
(0.20621224 0 -0.20330263)
(0.20525302 0 -0.21240468)
(0.20425357 0 -0.22194826)
(0.20321253 0 -0.2319551)
(0.20212851 0 -0.24244802)
(0.20100012 0 -0.25345103)
(0.19982597 0 -0.26498934)
(0.19860467 0 -0.27708945)
(0.19733485 0 -0.28977922)
(0.19601516 0 -0.30308794)
(0.20540699 0 -0.057674352)
(0.20509597 0 -0.059758526)
(0.20477044 0 -0.061942752)
(0.20442977 0 -0.064231855)
(0.20407326 0 -0.066630893)
(0.2037002 0 -0.069145173)
(0.20330984 0 -0.071780258)
(0.20290142 0 -0.074541982)
(0.20247413 0 -0.077436466)
(0.20202713 0 -0.08047013)
(0.20155955 0 -0.083649705)
(0.20107048 0 -0.086982255)
(0.20055898 0 -0.090475188)
(0.20002406 0 -0.094136277)
(0.19946472 0 -0.097973676)
(0.1988799 0 -0.10199594)
(0.19826849 0 -0.10621205)
(0.19762937 0 -0.11063142)
(0.19696135 0 -0.11526394)
(0.19626323 0 -0.12011998)
(0.19553373 0 -0.12521043)
(0.19477155 0 -0.13054671)
(0.19397535 0 -0.13614084)
(0.19314374 0 -0.14200539)
(0.19227527 0 -0.14815359)
(0.19136849 0 -0.15459933)
(0.19042185 0 -0.16135719)
(0.18943381 0 -0.16844247)
(0.18840276 0 -0.17587126)
(0.18732705 0 -0.18366044)
(0.18620501 0 -0.19182777)
(0.18503492 0 -0.20039189)
(0.18381503 0 -0.20937238)
(0.18254356 0 -0.21878985)
(0.18121869 0 -0.22866592)
(0.17983861 0 -0.23902334)
(0.17840147 0 -0.24988604)
(0.17690541 0 -0.26127916)
(0.17534857 0 -0.27322914)
(0.17372909 0 -0.28576381)
(0.17204515 0 -0.29891243)
(0.18946082 0 -0.056723486)
(0.18908274 0 -0.058775535)
(0.18868701 0 -0.060926164)
(0.18827283 0 -0.063180131)
(0.18783937 0 -0.06554243)
(0.18738575 0 -0.068018296)
(0.18691107 0 -0.070613222)
(0.18641437 0 -0.073332966)
(0.18589469 0 -0.076183573)
(0.18535098 0 -0.079171382)
(0.18478218 0 -0.082303041)
(0.18418718 0 -0.085585529)
(0.18356482 0 -0.089026166)
(0.18291391 0 -0.092632633)
(0.18223319 0 -0.09641299)
(0.18152137 0 -0.1003757)
(0.1807771 0 -0.10452963)
(0.17999898 0 -0.1088841)
(0.17918557 0 -0.1134489)
(0.17833536 0 -0.11823428)
(0.17744681 0 -0.12325104)
(0.17651829 0 -0.12851047)
(0.17554816 0 -0.13402448)
(0.17453468 0 -0.13980552)
(0.17347609 0 -0.14586671)
(0.17237055 0 -0.15222181)
(0.17121618 0 -0.15888527)
(0.17001104 0 -0.1658723)
(0.16875312 0 -0.17319884)
(0.16744039 0 -0.18088166)
(0.16607073 0 -0.1889384)
(0.16464201 0 -0.19738757)
(0.16315202 0 -0.20624865)
(0.16159853 0 -0.21554211)
(0.15997924 0 -0.2252895)
(0.15829186 0 -0.23551344)
(0.15653403 0 -0.24623776)
(0.15470339 0 -0.25748753)
(0.15279755 0 -0.26928911)
(0.15081412 0 -0.28167025)
(0.14875072 0 -0.29466017)
(0.1743877 0 -0.055638761)
(0.17394064 0 -0.057659259)
(0.17347268 0 -0.059776883)
(0.17298287 0 -0.061996329)
(0.17247022 0 -0.064322522)
(0.17193369 0 -0.06676063)
(0.17137221 0 -0.069316073)
(0.17078464 0 -0.071994535)
(0.17016982 0 -0.074801983)
(0.16952653 0 -0.077744676)
(0.16885348 0 -0.08082918)
(0.16814937 0 -0.084062386)
(0.1674128 0 -0.087451525)
(0.16664236 0 -0.091004187)
(0.16583654 0 -0.094728337)
(0.1649938 0 -0.098632334)
(0.16411253 0 -0.10272496)
(0.16319107 0 -0.10701541)
(0.16222767 0 -0.11151338)
(0.16122055 0 -0.11622901)
(0.16016784 0 -0.12117297)
(0.15906761 0 -0.12635646)
(0.15791785 0 -0.13179124)
(0.15671652 0 -0.13748966)
(0.15546147 0 -0.14346472)
(0.15415049 0 -0.14973004)
(0.15278132 0 -0.15629996)
(0.15135161 0 -0.16318953)
(0.14985893 0 -0.17041458)
(0.14830082 0 -0.17799176)
(0.14667473 0 -0.18593855)
(0.14497803 0 -0.19427335)
(0.14320805 0 -0.2030155)
(0.14136205 0 -0.21218535)
(0.13943725 0 -0.2218043)
(0.1374308 0 -0.23189488)
(0.13533981 0 -0.24248079)
(0.13316134 0 -0.25358697)
(0.13089245 0 -0.26523969)
(0.12853015 0 -0.27746661)
(0.12607145 0 -0.29029686)
(0.16014259 0 -0.054430421)
(0.15962451 0 -0.056419508)
(0.15908219 0 -0.058504269)
(0.15851451 0 -0.060689334)
(0.15792032 0 -0.062979561)
(0.15729841 0 -0.065380047)
(0.15664752 0 -0.067896139)
(0.15596635 0 -0.070533448)
(0.15525352 0 -0.07329786)
(0.15450761 0 -0.076195551)
(0.15372714 0 -0.079233005)
(0.15291055 0 -0.082417024)
(0.15205625 0 -0.085754749)
(0.15116256 0 -0.089253672)
(0.15022774 0 -0.092921663)
(0.14924997 0 -0.09676698)
(0.14822737 0 -0.10079829)
(0.14715799 0 -0.10502471)
(0.14603981 0 -0.10945579)
(0.1448707 0 -0.11410157)
(0.14364848 0 -0.1189726)
(0.14237089 0 -0.12407996)
(0.14103558 0 -0.12943529)
(0.13964012 0 -0.13505081)
(0.13818199 0 -0.14093936)
(0.13665859 0 -0.14711447)
(0.13506724 0 -0.15359031)
(0.13340516 0 -0.16038181)
(0.1316695 0 -0.16750465)
(0.12985731 0 -0.17497533)
(0.12796557 0 -0.18281119)
(0.12599117 0 -0.19103049)
(0.1239309 0 -0.19965241)
(0.12178151 0 -0.20869715)
(0.11953966 0 -0.21818598)
(0.11720191 0 -0.22814127)
(0.1147648 0 -0.23858657)
(0.1122248 0 -0.2495467)
(0.1095783 0 -0.26104778)
(0.10682168 0 -0.27311734)
(0.10395129 0 -0.28578439)
(0.14668298 0 -0.053107591)
(0.14609178 0 -0.055064947)
(0.14547288 0 -0.0571165)
(0.144825 0 -0.059266816)
(0.14414682 0 -0.061520684)
(0.14343695 0 -0.063883128)
(0.14269395 0 -0.066359419)
(0.14191632 0 -0.068955091)
(0.14110249 0 -0.071675949)
(0.14025082 0 -0.074528084)
(0.13935961 0 -0.077517891)
(0.13842708 0 -0.080652083)
(0.13745138 0 -0.083937703)
(0.13643059 0 -0.087382149)
(0.1353627 0 -0.090993185)
(0.13424563 0 -0.094778965)
(0.13307721 0 -0.098748049)
(0.13185519 0 -0.10290943)
(0.13057722 0 -0.10727255)
(0.12924086 0 -0.11184733)
(0.12784361 0 -0.11664418)
(0.12638283 0 -0.12167407)
(0.1248558 0 -0.12694848)
(0.12325972 0 -0.13247952)
(0.12159167 0 -0.13827988)
(0.11984862 0 -0.14436293)
(0.11802747 0 -0.15074271)
(0.11612497 0 -0.15743398)
(0.11413782 0 -0.16445227)
(0.11206257 0 -0.17181393)
(0.10989569 0 -0.17953612)
(0.10763354 0 -0.18763693)
(0.10527238 0 -0.19613539)
(0.10280837 0 -0.20505153)
(0.10023758 0 -0.21440643)
(0.097555966 0 -0.22422229)
(0.094759425 0 -0.2345225)
(0.091843759 0 -0.24533169)
(0.088804698 0 -0.25667581)
(0.085637908 0 -0.26858223)
(0.082339 0 -0.28107978)
(0.13396872 0 -0.051678239)
(0.13330223 0 -0.053603044)
(0.13260447 0 -0.055620526)
(0.13187399 0 -0.057735179)
(0.1311093 0 -0.059951722)
(0.13030883 0 -0.062275102)
(0.12947095 0 -0.064710514)
(0.12859394 0 -0.067263408)
(0.12767604 0 -0.069939504)
(0.12671538 0 -0.072744805)
(0.12571004 0 -0.075685614)
(0.12465799 0 -0.078768545)
(0.12355714 0 -0.082000544)
(0.1224053 0 -0.085388903)
(0.1212002 0 -0.088941278)
(0.11993945 0 -0.09266571)
(0.1186206 0 -0.096570644)
(0.11724108 0 -0.10066495)
(0.11579822 0 -0.10495794)
(0.11428925 0 -0.10945941)
(0.11271128 0 -0.11417965)
(0.11106134 0 -0.11912945)
(0.1093363 0 -0.12432019)
(0.10753296 0 -0.12976379)
(0.10564799 0 -0.13547281)
(0.10367791 0 -0.14146046)
(0.10161915 0 -0.1477406)
(0.099468027 0 -0.15432783)
(0.097220698 0 -0.16123751)
(0.094873218 0 -0.16848579)
(0.092421514 0 -0.17608966)
(0.089861383 0 -0.18406703)
(0.087188503 0 -0.19243672)
(0.084398425 0 -0.20121857)
(0.081486584 0 -0.21043345)
(0.078448293 0 -0.22010336)
(0.075278756 0 -0.23025148)
(0.071973069 0 -0.24090223)
(0.068526228 0 -0.25208135)
(0.064933134 0 -0.26381598)
(0.061188611 0 -0.27613475)
(0.12196206 0 -0.050149442)
(0.12121809 0 -0.052040339)
(0.12043916 0 -0.05402232)
(0.11962367 0 -0.056099808)
(0.11876993 0 -0.058277442)
(0.11787619 0 -0.060560091)
(0.11694061 0 -0.062952867)
(0.11596128 0 -0.065461132)
(0.11493621 0 -0.068090515)
(0.1138633 0 -0.070846926)
(0.1127404 0 -0.073736567)
(0.11156523 0 -0.07676595)
(0.11033544 0 -0.079941914)
(0.10904856 0 -0.083271639)
(0.10770204 0 -0.086762665)
(0.1062932 0 -0.090422911)
(0.10481927 0 -0.094260695)
(0.10327736 0 -0.098284757)
(0.10166445 0 -0.10250428)
(0.099977431 0 -0.1069289)
(0.098213041 0 -0.11156877)
(0.096367903 0 -0.11643453)
(0.094438509 0 -0.12153739)
(0.092421219 0 -0.12688912)
(0.090312255 0 -0.1325021)
(0.088107701 0 -0.13838935)
(0.085803497 0 -0.14456457)
(0.083395442 0 -0.15104216)
(0.080879187 0 -0.15783728)
(0.078250238 0 -0.16496587)
(0.075503949 0 -0.17244474)
(0.072635527 0 -0.18029154)
(0.06964003 0 -0.1885249)
(0.066512364 0 -0.1971644)
(0.063247292 0 -0.2062307)
(0.059839429 0 -0.21574556)
(0.056283252 0 -0.22573189)
(0.052573097 0 -0.23621386)
(0.048703173 0 -0.24721696)
(0.044667563 0 -0.25876806)
(0.040460237 0 -0.27089551)
(0.11062738 0 -0.04852703)
(0.10980375 0 -0.050382083)
(0.10894138 0 -0.052326528)
(0.10803847 0 -0.05436471)
(0.10709316 0 -0.056501186)
(0.1061035 0 -0.05874074)
(0.10506744 0 -0.061088391)
(0.10398286 0 -0.06354941)
(0.10284754 0 -0.066129327)
(0.10165916 0 -0.068833949)
(0.10041529 0 -0.071669373)
(0.099113424 0 -0.074641999)
(0.097750925 0 -0.077758548)
(0.096325053 0 -0.081026079)
(0.09483295 0 -0.084452006)
(0.093271639 0 -0.088044116)
(0.091638018 0 -0.091810589)
(0.089928859 0 -0.095760019)
(0.088140801 0 -0.099901438)
(0.086270347 0 -0.10424434)
(0.084313859 0 -0.10879869)
(0.082267555 0 -0.11357498)
(0.080127504 0 -0.11858423)
(0.077889625 0 -0.12383804)
(0.075549677 0 -0.12934859)
(0.073103263 0 -0.1351287)
(0.07054582 0 -0.14119186)
(0.06787262 0 -0.14755227)
(0.065078765 0 -0.15422485)
(0.062159186 0 -0.16122533)
(0.059108639 0 -0.16857025)
(0.055921704 0 -0.17627704)
(0.052592786 0 -0.18436406)
(0.049116112 0 -0.19285062)
(0.045485732 0 -0.20175711)
(0.04169552 0 -0.211105)
(0.037739178 0 -0.2209169)
(0.033610239 0 -0.23121669)
(0.029302068 0 -0.24202953)
(0.024807874 0 -0.25338198)
(0.020120715 0 -0.26530205)
(0.099931319 0 -0.046815978)
(0.099025923 0 -0.048632625)
(0.09807789 0 -0.050536844)
(0.097085244 0 -0.052532894)
(0.096045923 0 -0.054625244)
(0.09495777 0 -0.056818582)
(0.093818535 0 -0.059117832)
(0.092625867 0 -0.06152816)
(0.091377313 0 -0.064054992)
(0.090070311 0 -0.066704021)
(0.088702188 0 -0.069481227)
(0.087270155 0 -0.072392889)
(0.085771303 0 -0.0754456)
(0.084202598 0 -0.078646285)
(0.082560876 0 -0.082002219)
(0.080842841 0 -0.085521042)
(0.079045056 0 -0.089210783)
(0.077163941 0 -0.093079878)
(0.075195768 0 -0.097137191)
(0.073136656 0 -0.10139204)
(0.070982566 0 -0.10585422)
(0.068729295 0 -0.11053402)
(0.066372474 0 -0.11544227)
(0.063907559 0 -0.12059037)
(0.061329831 0 -0.12599027)
(0.058634388 0 -0.13165458)
(0.055816141 0 -0.13759656)
(0.052869813 0 -0.14383014)
(0.04978993 0 -0.15037002)
(0.04657082 0 -0.15723165)
(0.043206613 0 -0.1644313)
(0.039691231 0 -0.17198611)
(0.036018392 0 -0.17991413)
(0.032181606 0 -0.1882344)
(0.028174172 0 -0.19696694)
(0.023989183 0 -0.20613291)
(0.019619522 0 -0.21575458)
(0.015057868 0 -0.22585545)
(0.010296694 0 -0.23646033)
(0.005328279 0 -0.24759536)
(0.00014470806 0 -0.25928816)
(0.089842677 0 -0.045019941)
(0.088853533 0 -0.046794946)
(0.087817757 0 -0.048655544)
(0.086733183 0 -0.050605896)
(0.085597548 0 -0.052650375)
(0.08440849 0 -0.054793568)
(0.083163537 0 -0.057040288)
(0.081860111 0 -0.059395591)
(0.080495519 0 -0.061864783)
(0.079066948 0 -0.064453435)
(0.077571462 0 -0.067167398)
(0.076005997 0 -0.070012815)
(0.074367356 0 -0.072996139)
(0.072652202 0 -0.076124147)
(0.070857057 0 -0.079403957)
(0.068978291 0 -0.082843051)
(0.067012123 0 -0.086449285)
(0.06495461 0 -0.09023092)
(0.062801643 0 -0.094196634)
(0.060548944 0 -0.09835555)
(0.058192058 0 -0.10271726)
(0.055726345 0 -0.10729185)
(0.053146979 0 -0.11208992)
(0.050448941 0 -0.11712263)
(0.04762701 0 -0.12240171)
(0.044675761 0 -0.1279395)
(0.041589558 0 -0.133749)
(0.038362549 0 -0.13984387)
(0.034988662 0 -0.14623851)
(0.031461597 0 -0.15294807)
(0.027774826 0 -0.15998851)
(0.023921585 0 -0.16737665)
(0.019894873 0 -0.17513018)
(0.015687445 0 -0.18326779)
(0.011291817 0 -0.19180913)
(0.0067002565 0 -0.20077496)
(0.0019047865 0 -0.21018715)
(-0.0031028155 0 -0.22006878)
(-0.0083310159 0 -0.23044419)
(-0.013788522 0 -0.2413391)
(-0.019484276 0 -0.25278062)
(0.080332355 0 -0.043141441)
(0.079257677 0 -0.044870844)
(0.07813228 0 -0.046683662)
(0.076953805 0 -0.048583955)
(0.075719784 0 -0.050575985)
(0.074427639 0 -0.052664225)
(0.073074676 0 -0.054853371)
(0.071658082 0 -0.057148352)
(0.070174916 0 -0.059554344)
(0.068622109 0 -0.062076782)
(0.066996453 0 -0.064721372)
(0.065294603 0 -0.067494107)
(0.063513064 0 -0.070401282)
(0.06164819 0 -0.07344951)
(0.059696175 0 -0.076645736)
(0.057653051 0 -0.079997261)
(0.055514677 0 -0.083511752)
(0.053276738 0 -0.08719727)
(0.050934733 0 -0.091062288)
(0.048483972 0 -0.095115709)
(0.045919571 0 -0.099366899)
(0.04323644 0 -0.1038257)
(0.040429281 0 -0.10850247)
(0.03749258 0 -0.11340811)
(0.034420599 0 -0.11855406)
(0.031207371 0 -0.12395239)
(0.027846691 0 -0.12961578)
(0.024332113 0 -0.1355576)
(0.020656942 0 -0.14179191)
(0.016814226 0 -0.14833351)
(0.012796751 0 -0.15519801)
(0.0085970399 0 -0.16240184)
(0.0042073399 0 -0.16996231)
(-0.00038037657 0 -0.17789768)
(-0.0051744181 0 -0.18622718)
(-0.010183377 0 -0.1949711)
(-0.015416133 0 -0.20415086)
(-0.020881851 0 -0.21378902)
(-0.026589987 0 -0.22390943)
(-0.032550284 0 -0.23453723)
(-0.038772769 0 -0.245699)
(0.071373547 0 -0.041181465)
(0.070211824 0 -0.042860522)
(0.068995219 0 -0.044620584)
(0.067721172 0 -0.046465597)
(0.066387008 0 -0.048399699)
(0.06498993 0 -0.050427239)
(0.063527013 0 -0.052552779)
(0.061995205 0 -0.054781108)
(0.060391313 0 -0.057117257)
(0.058712003 0 -0.059566507)
(0.056953792 0 -0.062134403)
(0.055113044 0 -0.064826772)
(0.05318596 0 -0.067649731)
(0.051168576 0 -0.070609708)
(0.049056753 0 -0.073713456)
(0.046846172 0 -0.07696807)
(0.044532326 0 -0.080381007)
(0.042110516 0 -0.083960104)
(0.039575838 0 -0.087713599)
(0.036923182 0 -0.091650152)
(0.034147219 0 -0.095778869)
(0.031242397 0 -0.10010933)
(0.028202932 0 -0.1046516)
(0.0250228 0 -0.10941628)
(0.021695731 0 -0.11441452)
(0.018215197 0 -0.11965804)
(0.014574408 0 -0.12515921)
(0.010766304 0 -0.13093101)
(0.0067835429 0 -0.13698713)
(0.0026184994 0 -0.143342)
(-0.0017367472 0 -0.15001079)
(-0.0062904183 0 -0.15700951)
(-0.011051043 0 -0.16435502)
(-0.016027465 0 -0.17206508)
(-0.021228848 0 -0.18015845)
(-0.026664679 0 -0.18865489)
(-0.032344778 0 -0.19757526)
(-0.038279296 0 -0.20694155)
(-0.044478721 0 -0.216777)
(-0.050953877 0 -0.22710612)
(-0.057715928 0 -0.23795482)
(0.062941625 0 -0.039139486)
(0.061691743 0 -0.04076263)
(0.060382757 0 -0.042464097)
(0.059011904 0 -0.044247703)
(0.057576297 0 -0.046117453)
(0.056072914 0 -0.048077551)
(0.054498601 0 -0.050132411)
(0.052850057 0 -0.052286667)
(0.051123835 0 -0.054545186)
(0.049316332 0 -0.056913076)
(0.047423782 0 -0.059395704)
(0.045442254 0 -0.061998707)
(0.043367641 0 -0.064728004)
(0.041195651 0 -0.067589816)
(0.038921807 0 -0.070590677)
(0.036541432 0 -0.073737455)
(0.034049646 0 -0.077037366)
(0.031441355 0 -0.080497996)
(0.028711247 0 -0.084127318)
(0.025853777 0 -0.087933718)
(0.022863166 0 -0.091926009)
(0.019733387 0 -0.096113465)
(0.016458158 0 -0.10050584)
(0.013030934 0 -0.10511339)
(0.0094448969 0 -0.10994691)
(0.005692945 0 -0.11501776)
(0.0017676864 0 -0.12033791)
(-0.0023385714 0 -0.12591995)
(-0.0066338311 0 -0.13177714)
(-0.011126414 0 -0.13792344)
(-0.01582497 0 -0.14437356)
(-0.020738485 0 -0.15114302)
(-0.02587629 0 -0.15824815)
(-0.031248072 0 -0.16570619)
(-0.036863877 0 -0.17353529)
(-0.04273412 0 -0.18175462)
(-0.048869594 0 -0.19038441)
(-0.055281471 0 -0.19944599)
(-0.061981312 0 -0.20896188)
(-0.068981066 0 -0.21895588)
(-0.076293078 0 -0.22945311)
(0.055014566 0 -0.037013258)
(0.053675941 0 -0.03857406)
(0.052273956 0 -0.040210189)
(0.050805645 0 -0.041925316)
(0.049267902 0 -0.043723294)
(0.047657485 0 -0.045608169)
(0.045971 0 -0.047584188)
(0.044204901 0 -0.049655809)
(0.04235548 0 -0.051827715)
(0.040418862 0 -0.054104822)
(0.038390997 0 -0.056492294)
(0.036267654 0 -0.058995555)
(0.03404441 0 -0.061620303)
(0.031716648 0 -0.064372525)
(0.029279542 0 -0.067258509)
(0.026728055 0 -0.070284865)
(0.024056927 0 -0.07345854)
(0.021260665 0 -0.076786836)
(0.018333538 0 -0.080277429)
(0.015269566 0 -0.08393839)
(0.012062506 0 -0.087778207)
(0.0087058512 0 -0.091805806)
(0.0051928122 0 -0.096030579)
(0.0015163125 0 -0.10046241)
(-0.0023310242 0 -0.10511168)
(-0.0063568839 0 -0.10998935)
(-0.010569273 0 -0.11510693)
(-0.014976529 0 -0.12047656)
(-0.019587331 0 -0.126111)
(-0.024410711 0 -0.13202371)
(-0.029456065 0 -0.13822886)
(-0.034733161 0 -0.14474141)
(-0.040252156 0 -0.15157708)
(-0.046023596 0 -0.1587525)
(-0.052058438 0 -0.16628516)
(-0.058368049 0 -0.17419354)
(-0.064964222 0 -0.18249713)
(-0.071859183 0 -0.19121651)
(-0.079065596 0 -0.20037339)
(-0.086596574 0 -0.20999072)
(-0.094465682 0 -0.22009273)
(0.047572927 0 -0.034798526)
(0.046145628 0 -0.03628964)
(0.044650711 0 -0.037852727)
(0.043085003 0 -0.039491296)
(0.041445186 0 -0.041209031)
(0.039727789 0 -0.043009798)
(0.037929182 0 -0.044897655)
(0.03604557 0 -0.046876866)
(0.034072985 0 -0.048951905)
(0.032007279 0 -0.051127472)
(0.029844114 0 -0.053408505)
(0.027578958 0 -0.055800187)
(0.025207074 0 -0.058307967)
(0.022723512 0 -0.060937566)
(0.0201231 0 -0.063694999)
(0.017400435 0 -0.066586586)
(0.014549875 0 -0.069618967)
(0.011565525 0 -0.072799125)
(0.0084412342 0 -0.076134401)
(0.0051705774 0 -0.079632513)
(0.0017468502 0 -0.083301577)
(-0.0018369438 0 -0.087150132)
(-0.0055881045 0 -0.091187159)
(-0.0095142459 0 -0.095422108)
(-0.013623309 0 -0.099864924)
(-0.017923571 0 -0.10452607)
(-0.022423661 0 -0.10941658)
(-0.02713257 0 -0.11454805)
(-0.032059664 0 -0.11993269)
(-0.037214697 0 -0.12558339)
(-0.04260782 0 -0.13151371)
(-0.048249601 0 -0.13773795)
(-0.05415103 0 -0.14427118)
(-0.060323536 0 -0.15112929)
(-0.066778999 0 -0.15832904)
(-0.073529758 0 -0.16588812)
(-0.08058863 0 -0.17382519)
(-0.087968915 0 -0.18215994)
(-0.09568441 0 -0.19091317)
(-0.10374942 0 -0.20010685)
(-0.11217875 0 -0.2097642)
(0.040600622 0 -0.032488518)
(0.039085528 0 -0.033901639)
(0.037498594 0 -0.035382976)
(0.035836442 0 -0.036935857)
(0.034095541 0 -0.038563772)
(0.032272195 0 -0.040270388)
(0.030362539 0 -0.042059554)
(0.02836253 0 -0.043935309)
(0.02626794 0 -0.045901897)
(0.024074348 0 -0.047963775)
(0.021777132 0 -0.050125623)
(0.019371459 0 -0.052392357)
(0.016852278 0 -0.054769144)
(0.014214307 0 -0.05726141)
(0.01145203 0 -0.059874856)
(0.0085596776 0 -0.062615478)
(0.0055312263 0 -0.065489572)
(0.0023603814 0 -0.068503762)
(-0.00095943147 0 -0.071665009)
(-0.0044350783 0 -0.074980633)
(-0.0080737284 0 -0.078458335)
(-0.011882866 0 -0.082106211)
(-0.015870304 0 -0.085932781)
(-0.020044195 0 -0.089947012)
(-0.024413044 0 -0.094158336)
(-0.028985725 0 -0.098576686)
(-0.03377149 0 -0.10321252)
(-0.038779989 0 -0.10807684)
(-0.044021275 0 -0.11318125)
(-0.04950583 0 -0.11853796)
(-0.055244569 0 -0.12415986)
(-0.06124886 0 -0.1300605)
(-0.067530539 0 -0.13625419)
(-0.074101923 0 -0.14275602)
(-0.080975826 0 -0.14958189)
(-0.088165572 0 -0.1567486)
(-0.095685012 0 -0.16427386)
(-0.10354854 0 -0.17217636)
(-0.11177109 0 -0.18047587)
(-0.12036818 0 -0.18919324)
(-0.12935591 0 -0.19835051)
(0.034085404 0 -0.0300733)
(0.0324844 0 -0.03139914)
(0.030807419 0 -0.03278899)
(0.029050882 0 -0.034245971)
(0.027211048 0 -0.035773362)
(0.025283999 0 -0.037374601)
(0.023265637 0 -0.039053301)
(0.021151678 0 -0.040813255)
(0.018937637 0 -0.042658445)
(0.016618825 0 -0.044593054)
(0.014190339 0 -0.046621476)
(0.01164705 0 -0.048748326)
(0.0089835956 0 -0.050978452)
(0.0061943704 0 -0.053316948)
(0.0032735134 0 -0.055769168)
(0.00021489867 0 -0.058340738)
(-0.0029878763 0 -0.061037571)
(-0.0063415023 0 -0.063865883)
(-0.0098529701 0 -0.066832212)
(-0.013529583 0 -0.069943429)
(-0.017378971 0 -0.073206764)
(-0.021409101 0 -0.076629821)
(-0.025628293 0 -0.0802206)
(-0.030045234 0 -0.083987518)
(-0.034668991 0 -0.087939435)
(-0.039509027 0 -0.092085677)
(-0.044575216 0 -0.096436065)
(-0.04987786 0 -0.10100094)
(-0.0554277 0 -0.10579119)
(-0.061235939 0 -0.11081829)
(-0.067314253 0 -0.11609434)
(-0.073674812 0 -0.12163207)
(-0.080330294 0 -0.12744494)
(-0.087293904 0 -0.1335471)
(-0.094579391 0 -0.13995351)
(-0.10220106 0 -0.14667994)
(-0.11017381 0 -0.15374304)
(-0.11851311 0 -0.16116037)
(-0.12723508 0 -0.16895051)
(-0.13635642 0 -0.17713305)
(-0.14589452 0 -0.18572871)
(0.028020269 0 -0.027539068)
(0.026336533 0 -0.028767423)
(0.024572829 0 -0.030055087)
(0.022725384 0 -0.031404952)
(0.020790251 0 -0.032820055)
(0.0187633 0 -0.034303584)
(0.016640209 0 -0.035858887)
(0.014416454 0 -0.037489478)
(0.012087306 0 -0.03919905)
(0.0096478153 0 -0.040991478)
(0.007092804 0 -0.042870834)
(0.0044168573 0 -0.044841396)
(0.0016143116 0 -0.046907657)
(-0.0013207559 0 -0.04907434)
(-0.0043945385 0 -0.051346406)
(-0.0076135117 0 -0.053729069)
(-0.010984445 0 -0.056227812)
(-0.014514416 0 -0.058848397)
(-0.018210821 0 -0.061596882)
(-0.022081389 0 -0.06447964)
(-0.0261342 0 -0.067503372)
(-0.030377691 0 -0.070675126)
(-0.03482068 0 -0.07400232)
(-0.039472374 0 -0.077492758)
(-0.044342391 0 -0.081154654)
(-0.04944077 0 -0.084996656)
(-0.054777995 0 -0.089027868)
(-0.060365007 0 -0.09325788)
(-0.066213221 0 -0.097696789)
(-0.072334551 0 -0.10235524)
(-0.07874142 0 -0.10724444)
(-0.085446787 0 -0.11237622)
(-0.092464159 0 -0.11776304)
(-0.099807618 0 -0.12341803)
(-0.10749183 0 -0.12935507)
(-0.11553209 0 -0.13558879)
(-0.1239443 0 -0.14213463)
(-0.13274504 0 -0.14900888)
(-0.14195154 0 -0.15622878)
(-0.15158173 0 -0.16381251)
(-0.16165428 0 -0.17177929)
(0.022405288 0 -0.024866808)
(0.020643501 0 -0.025986558)
(0.018797972 0 -0.027160375)
(0.016864745 0 -0.028390899)
(0.014839679 0 -0.029680898)
(0.012718438 0 -0.031033279)
(0.010496489 0 -0.032451094)
(0.0081690841 0 -0.033937549)
(0.0057312564 0 -0.035496009)
(0.0031778091 0 -0.037130009)
(0.00050330485 0 -0.038843263)
(-0.002297945 0 -0.04063967)
(-0.0052318913 0 -0.042523328)
(-0.0083047589 0 -0.044498544)
(-0.011523059 0 -0.046569843)
(-0.0148936 0 -0.048741979)
(-0.018423503 0 -0.051019952)
(-0.022120214 0 -0.053409018)
(-0.025991519 0 -0.055914703)
(-0.030045555 0 -0.058542816)
(-0.034290831 0 -0.061299472)
(-0.038736237 0 -0.064191098)
(-0.043391067 0 -0.067224461)
(-0.04826503 0 -0.070406678)
(-0.05336827 0 -0.073745243)
(-0.058711385 0 -0.077248044)
(-0.064305442 0 -0.080923387)
(-0.070162 0 -0.084780017)
(-0.076293127 0 -0.08882715)
(-0.082711419 0 -0.093074494)
(-0.089430025 0 -0.09753228)
(-0.096462666 0 -0.10221129)
(-0.10382365 0 -0.1071229)
(-0.11152792 0 -0.1122791)
(-0.11959103 0 -0.11769255)
(-0.12802922 0 -0.12337659)
(-0.13685939 0 -0.12934531)
(-0.14609918 0 -0.1356136)
(-0.15576695 0 -0.14219717)
(-0.16588181 0 -0.14911262)
(-0.17646365 0 -0.15637749)
(0.017250783 0 -0.022031163)
(0.0154174 0 -0.023030321)
(0.013496803 0 -0.024077727)
(0.011484867 0 -0.025175737)
(0.0093772701 0 -0.026326821)
(0.0071694907 0 -0.027533573)
(0.0048567951 0 -0.028798718)
(0.0024342287 0 -0.030125117)
(-0.00010339396 0 -0.031515772)
(-0.0027614996 0 -0.032973841)
(-0.0055457673 0 -0.034502636)
(-0.0084621395 0 -0.03610564)
(-0.011516834 0 -0.037786509)
(-0.014716358 0 -0.039549088)
(-0.018067516 0 -0.041397416)
(-0.02157743 0 -0.043335737)
(-0.025253547 0 -0.045368514)
(-0.029103657 0 -0.047500439)
(-0.033135909 0 -0.049736444)
(-0.037358824 0 -0.052081718)
(-0.041781309 0 -0.054541716)
(-0.046412683 0 -0.057122179)
(-0.051262682 0 -0.059829146)
(-0.056341488 0 -0.062668974)
(-0.061659741 0 -0.065648351)
(-0.067228561 0 -0.068774321)
(-0.073059568 0 -0.0720543)
(-0.079164901 0 -0.075496098)
(-0.085557244 0 -0.079107943)
(-0.092249841 0 -0.082898503)
(-0.099256526 0 -0.086876915)
(-0.10659174 0 -0.091052811)
(-0.11427057 0 -0.095436345)
(-0.12230873 0 -0.10003823)
(-0.13072267 0 -0.10486976)
(-0.13952951 0 -0.10994287)
(-0.14874712 0 -0.11527014)
(-0.15839413 0 -0.12086485)
(-0.16848998 0 -0.12674106)
(-0.17905492 0 -0.13291359)
(-0.19011004 0 -0.13939811)
(0.01258213 0 -0.018997731)
(0.010685697 0 -0.019863576)
(0.0086989837 0 -0.020771235)
(0.0066177099 0 -0.021722748)
(0.0044373955 0 -0.022720258)
(0.0021533502 0 -0.023766012)
(-0.00023933633 0 -0.024862373)
(-0.0027458045 0 -0.026011819)
(-0.005371435 0 -0.027216956)
(-0.0081218605 0 -0.028480517)
(-0.011002976 0 -0.029805375)
(-0.014020953 0 -0.031194549)
(-0.017182247 0 -0.032651209)
(-0.020493619 0 -0.034178686)
(-0.023962139 0 -0.035780483)
(-0.027595208 0 -0.037460279)
(-0.031400569 0 -0.039221944)
(-0.035386324 0 -0.041069543)
(-0.039560948 0 -0.043007353)
(-0.043933306 0 -0.045039873)
(-0.048512672 0 -0.047171833)
(-0.053308747 0 -0.04940821)
(-0.058331675 0 -0.05175424)
(-0.063592063 0 -0.054215434)
(-0.069101004 0 -0.056797592)
(-0.074870095 0 -0.059506822)
(-0.080911459 0 -0.062349554)
(-0.087237769 0 -0.06533256)
(-0.09386227 0 -0.068462976)
(-0.1007988 0 -0.071748319)
(-0.10806183 0 -0.075196513)
(-0.11566646 0 -0.078815911)
(-0.12362847 0 -0.082615319)
(-0.13196436 0 -0.086604029)
(-0.14069132 0 -0.09079184)
(-0.14982734 0 -0.095189097)
(-0.15939118 0 -0.099806717)
(-0.1694024 0 -0.10465623)
(-0.17988144 0 -0.10974981)
(-0.19084962 0 -0.11510033)
(-0.20232915 0 -0.12072138)
(0.0084539297 0 -0.015724956)
(0.0065054287 0 -0.016444227)
(0.0044640966 0 -0.017198236)
(0.0023255265 0 -0.017988678)
(8.5103517e-05 0 -0.018817333)
(-0.0022620043 0 -0.019686069)
(-0.0047208564 0 -0.020596849)
(-0.0072967501 0 -0.021551733)
(-0.0099952316 0 -0.022552884)
(-0.012822108 0 -0.023602575)
(-0.015783457 0 -0.024703194)
(-0.018885643 0 -0.025857247)
(-0.022135329 0 -0.02706737)
(-0.025539486 0 -0.028336333)
(-0.029105414 0 -0.029667043)
(-0.032840753 0 -0.031062561)
(-0.036753498 0 -0.0325261)
(-0.040852017 0 -0.034061041)
(-0.045145066 0 -0.035670938)
(-0.049641809 0 -0.037359529)
(-0.054351833 0 -0.039130747)
(-0.059285171 0 -0.040988727)
(-0.064452317 0 -0.042937821)
(-0.069864251 0 -0.044982612)
(-0.075532457 0 -0.04712792)
(-0.081468948 0 -0.049378821)
(-0.087686287 0 -0.051740661)
(-0.094197614 0 -0.05421907)
(-0.10101667 0 -0.056819979)
(-0.10815781 0 -0.059549639)
(-0.11563606 0 -0.062414637)
(-0.12346711 0 -0.065421918)
(-0.13166738 0 -0.068578804)
(-0.14025401 0 -0.071893019)
(-0.14924491 0 -0.075372714)
(-0.15865881 0 -0.07902649)
(-0.16851527 0 -0.082863424)
(-0.17883471 0 -0.086893106)
(-0.18963845 0 -0.091125662)
(-0.20094878 0 -0.095571793)
(-0.21278895 0 -0.10024281)
(0.0049659702 0 -0.012172745)
(0.00297915 0 -0.012731901)
(0.00089759958 0 -0.013318064)
(-0.0012831855 0 -0.013932553)
(-0.0035679227 0 -0.014576751)
(-0.0059615523 0 -0.015252111)
(-0.0084692481 0 -0.015960159)
(-0.011096428 0 -0.016702496)
(-0.013848765 0 -0.017480807)
(-0.016732201 0 -0.018296857)
(-0.019752957 0 -0.019152503)
(-0.022917545 0 -0.020049696)
(-0.026232787 0 -0.020990484)
(-0.029705823 0 -0.021977022)
(-0.03334413 0 -0.023011571)
(-0.037155534 0 -0.02409651)
(-0.04114823 0 -0.025234341)
(-0.045330795 0 -0.026427691)
(-0.049712209 0 -0.027679326)
(-0.054301871 0 -0.028992153)
(-0.059109618 0 -0.03036923)
(-0.064145748 0 -0.031813774)
(-0.069421036 0 -0.033329173)
(-0.074946761 0 -0.034918988)
(-0.080734725 0 -0.03658697)
(-0.086797275 0 -0.03833707)
(-0.093147335 0 -0.040173445)
(-0.099798423 0 -0.042100475)
(-0.10676468 0 -0.044122776)
(-0.11406091 0 -0.046245211)
(-0.12170258 0 -0.048472905)
(-0.12970587 0 -0.050811262)
(-0.13808773 0 -0.05326598)
(-0.14686584 0 -0.055843071)
(-0.15605873 0 -0.058548877)
(-0.16568574 0 -0.061390091)
(-0.1757671 0 -0.06437378)
(-0.18632397 0 -0.067507406)
(-0.19737844 0 -0.070798852)
(-0.20895362 0 -0.074256449)
(-0.22107364 0 -0.077889)
(0.0022618086 0 -0.0082997064)
(0.00025353867 0 -0.00868527)
(-0.001850561 0 -0.0090894578)
(-0.0040550548 0 -0.0095131791)
(-0.0063647234 0 -0.0099573885)
(-0.0087845745 0 -0.010423088)
(-0.011319853 0 -0.01091133)
(-0.013976052 0 -0.01142322)
(-0.016758926 0 -0.011959918)
(-0.019674501 0 -0.012522644)
(-0.022729089 0 -0.013112678)
(-0.025929299 0 -0.013731365)
(-0.029282054 0 -0.014380119)
(-0.032794603 0 -0.015060426)
(-0.03647454 0 -0.015773846)
(-0.040329814 0 -0.016522021)
(-0.044368751 0 -0.017306675)
(-0.048600069 0 -0.018129623)
(-0.053032897 0 -0.018992773)
(-0.057676793 0 -0.019898129)
(-0.062541766 0 -0.020847803)
(-0.067638294 0 -0.021844015)
(-0.072977349 0 -0.022889101)
(-0.078570417 0 -0.023985519)
(-0.08442952 0 -0.025135859)
(-0.090567248 0 -0.026342846)
(-0.096996776 0 -0.02760935)
(-0.1037319 0 -0.028938394)
(-0.11078705 0 -0.030333163)
(-0.11817734 0 -0.031797015)
(-0.12591858 0 -0.033333487)
(-0.13402733 0 -0.034946309)
(-0.1425209 0 -0.036639416)
(-0.15141741 0 -0.038416957)
(-0.16073582 0 -0.040283311)
(-0.17049597 0 -0.0422431)
(-0.18071862 0 -0.044301203)
(-0.19142548 0 -0.046462773)
(-0.20263926 0 -0.048733254)
(-0.2143837 0 -0.051118399)
(-0.22668366 0 -0.053624288)
(0.00055797477 0 -0.0041655505)
(-0.0014514298 0 -0.0043644431)
(-0.0035567996 0 -0.004572944)
(-0.0057627134 0 -0.0047915225)
(-0.0080739677 0 -0.0050206711)
(-0.010495588 0 -0.005260907)
(-0.013032838 0 -0.0055127733)
(-0.015691232 0 -0.0057768402)
(-0.018476549 0 -0.0060537068)
(-0.021394839 0 -0.0063440022)
(-0.024452443 0 -0.0066483873)
(-0.027656001 0 -0.0069675564)
(-0.031012472 0 -0.0073022392)
(-0.034529141 0 -0.0076532024)
(-0.038213643 0 -0.0080212518)
(-0.042073975 0 -0.0084072345)
(-0.046118511 0 -0.0088120409)
(-0.050356025 0 -0.0092366074)
(-0.054795707 0 -0.0096819187)
(-0.059447183 0 -0.01014901)
(-0.064320534 0 -0.010638972)
(-0.069426319 0 -0.01115295)
(-0.074775599 0 -0.01169215)
(-0.080379957 0 -0.012257842)
(-0.086251525 0 -0.012851363)
(-0.092403008 0 -0.013474119)
(-0.098847713 0 -0.014127594)
(-0.10559957 0 -0.014813348)
(-0.11267319 0 -0.015533027)
(-0.12008383 0 -0.016288364)
(-0.12784751 0 -0.017081186)
(-0.13598099 0 -0.01791342)
(-0.1445018 0 -0.0187871)
(-0.15342833 0 -0.019704367)
(-0.1627798 0 -0.020667486)
(-0.17257638 0 -0.021678842)
(-0.18283913 0 -0.022740959)
(-0.19359013 0 -0.023856498)
(-0.20485251 0 -0.025028273)
(-0.21665045 0 -0.026259257)
(-0.22900928 0 -0.027552592)
(0 0 0)
(-0.0019862952 0 0)
(-0.0040675393 0 0)
(-0.0062482712 0 0)
(-0.0085332465 0 0)
(-0.010927448 0 0)
(-0.013436098 0 0)
(-0.016064666 0 0)
(-0.018818885 0 0)
(-0.021704761 0 0)
(-0.024728588 0 0)
(-0.027896961 0 0)
(-0.031216787 0 0)
(-0.034695309 0 0)
(-0.038340111 0 0)
(-0.042159141 0 0)
(-0.04616073 0 0)
(-0.050353602 0 0)
(-0.054746902 0 0)
(-0.059350211 0 0)
(-0.064173567 0 0)
(-0.06922749 0 0)
(-0.074523001 0 0)
(-0.080071648 0 0)
(-0.085885531 0 0)
(-0.09197733 0 0)
(-0.098360329 0 0)
(-0.10504845 0 0)
(-0.11205627 0 0)
(-0.11939909 0 0)
(-0.1270929 0 0)
(-0.1351545 0 0)
(-0.14360146 0 0)
(-0.15245219 0 0)
(-0.16172601 0 0)
(-0.17144314 0 0)
(-0.18162477 0 0)
(-0.1922931 0 0)
(-0.2034714 0 0)
(-0.21518404 0 0)
(-0.22745657 0 0)
(0.34686832 0 -0.059530253)
(0.34686809 0 -0.061797515)
(0.34686784 0 -0.064173157)
(0.34686758 0 -0.066662359)
(0.34686731 0 -0.069270551)
(0.34686703 0 -0.072003419)
(0.34686673 0 -0.074866924)
(0.34686642 0 -0.07786731)
(0.34686609 0 -0.081011121)
(0.34686575 0 -0.084305213)
(0.34686539 0 -0.087756769)
(0.34686501 0 -0.091373316)
(0.34686462 0 -0.095162742)
(0.34686421 0 -0.09913331)
(0.34686377 0 -0.10329368)
(0.34686332 0 -0.10765292)
(0.34686285 0 -0.11222055)
(0.34686235 0 -0.11700651)
(0.34686183 0 -0.12202126)
(0.34686128 0 -0.12727572)
(0.34686071 0 -0.13278135)
(0.34686011 0 -0.13855016)
(0.34685948 0 -0.14459474)
(0.34685882 0 -0.15092826)
(0.34685813 0 -0.15756453)
(0.34685741 0 -0.16451803)
(0.34685665 0 -0.17180393)
(0.34685586 0 -0.1794381)
(0.34685503 0 -0.1874372)
(0.34685416 0 -0.19581868)
(0.34685325 0 -0.2046008)
(0.34685229 0 -0.21380273)
(0.34685129 0 -0.22344454)
(0.34685024 0 -0.23354723)
(0.34684914 0 -0.24413286)
(0.34684799 0 -0.25522451)
(0.34684678 0 -0.26684635)
(0.34684551 0 -0.27902375)
(0.34684419 0 -0.29178325)
(0.3468428 0 -0.30515268)
(0.34684134 0 -0.3191612)
(0.32343531 0 -0.059881629)
(0.32343519 0 -0.062148481)
(0.32343507 0 -0.064523693)
(0.32343494 0 -0.067012445)
(0.3234348 0 -0.069620164)
(0.32343465 0 -0.072352537)
(0.3234345 0 -0.075215524)
(0.32343435 0 -0.078215367)
(0.32343418 0 -0.081358609)
(0.32343401 0 -0.084652104)
(0.32343383 0 -0.088103035)
(0.32343364 0 -0.091718927)
(0.32343344 0 -0.095507666)
(0.32343323 0 -0.099477515)
(0.32343301 0 -0.10363713)
(0.32343278 0 -0.10799559)
(0.32343254 0 -0.11256238)
(0.32343229 0 -0.11734748)
(0.32343203 0 -0.12236132)
(0.32343175 0 -0.12761483)
(0.32343146 0 -0.13311946)
(0.32343116 0 -0.13888723)
(0.32343084 0 -0.14493071)
(0.32343051 0 -0.15126308)
(0.32343016 0 -0.15789816)
(0.32342979 0 -0.1648504)
(0.32342941 0 -0.17213497)
(0.32342901 0 -0.17976776)
(0.32342859 0 -0.18776542)
(0.32342815 0 -0.19614537)
(0.32342769 0 -0.20492591)
(0.3234272 0 -0.21412617)
(0.3234267 0 -0.22376623)
(0.32342617 0 -0.2338671)
(0.32342561 0 -0.24445081)
(0.32342503 0 -0.25554045)
(0.32342442 0 -0.26716019)
(0.32342378 0 -0.27933538)
(0.3234231 0 -0.29209257)
(0.3234224 0 -0.30545958)
(0.32342167 0 -0.31946556)
(0.026336533 0 0.028767423)
(0.028020269 0 0.027539068)
(0.024572829 0 0.030055087)
(0.022725384 0 0.031404952)
(0.020790251 0 0.032820055)
(0.0187633 0 0.034303584)
(0.016640209 0 0.035858887)
(0.014416454 0 0.037489478)
(0.012087306 0 0.03919905)
(0.0096478153 0 0.040991478)
(0.007092804 0 0.042870834)
(0.0044168573 0 0.044841396)
(0.0016143116 0 0.046907657)
(-0.0013207559 0 0.04907434)
(-0.0043945385 0 0.051346406)
(-0.0076135117 0 0.053729069)
(-0.010984445 0 0.056227812)
(-0.014514416 0 0.058848397)
(-0.018210821 0 0.061596882)
(-0.022081389 0 0.06447964)
(-0.0261342 0 0.067503372)
(-0.030377691 0 0.070675126)
(-0.03482068 0 0.07400232)
(-0.039472374 0 0.077492758)
(-0.044342391 0 0.081154654)
(-0.04944077 0 0.084996656)
(-0.054777995 0 0.089027868)
(-0.060365007 0 0.09325788)
(-0.066213221 0 0.097696789)
(-0.072334551 0 0.10235524)
(-0.07874142 0 0.10724444)
(-0.085446787 0 0.11237622)
(-0.092464159 0 0.11776304)
(-0.099807618 0 0.12341803)
(-0.10749183 0 0.12935507)
(-0.11553209 0 0.13558879)
(-0.1239443 0 0.14213463)
(-0.13274504 0 0.14900888)
(-0.14195154 0 0.15622878)
(-0.15158173 0 0.16381251)
(-0.16165428 0 0.17177929)
(0.020643501 0 0.025986558)
(0.022405288 0 0.024866808)
(0.018797972 0 0.027160375)
(0.016864745 0 0.028390899)
(0.014839679 0 0.029680898)
(0.012718438 0 0.031033279)
(0.010496489 0 0.032451094)
(0.0081690841 0 0.033937549)
(0.0057312564 0 0.035496009)
(0.0031778091 0 0.037130009)
(0.00050330485 0 0.038843263)
(-0.002297945 0 0.04063967)
(-0.0052318913 0 0.042523328)
(-0.0083047589 0 0.044498544)
(-0.011523059 0 0.046569843)
(-0.0148936 0 0.048741979)
(-0.018423503 0 0.051019952)
(-0.022120214 0 0.053409018)
(-0.025991519 0 0.055914703)
(-0.030045555 0 0.058542816)
(-0.034290831 0 0.061299472)
(-0.038736237 0 0.064191098)
(-0.043391067 0 0.067224461)
(-0.04826503 0 0.070406678)
(-0.05336827 0 0.073745243)
(-0.058711385 0 0.077248044)
(-0.064305442 0 0.080923387)
(-0.070162 0 0.084780017)
(-0.076293127 0 0.08882715)
(-0.082711419 0 0.093074494)
(-0.089430025 0 0.09753228)
(-0.096462666 0 0.10221129)
(-0.10382365 0 0.1071229)
(-0.11152792 0 0.1122791)
(-0.11959103 0 0.11769255)
(-0.12802922 0 0.12337659)
(-0.13685939 0 0.12934531)
(-0.14609918 0 0.1356136)
(-0.15576695 0 0.14219717)
(-0.16588181 0 0.14911262)
(-0.17646365 0 0.15637749)
(0.0154174 0 0.023030321)
(0.017250783 0 0.022031163)
(0.013496803 0 0.024077727)
(0.011484867 0 0.025175737)
(0.0093772701 0 0.026326821)
(0.0071694907 0 0.027533573)
(0.0048567951 0 0.028798718)
(0.0024342287 0 0.030125117)
(-0.00010339396 0 0.031515772)
(-0.0027614996 0 0.032973841)
(-0.0055457673 0 0.034502636)
(-0.0084621395 0 0.03610564)
(-0.011516834 0 0.037786509)
(-0.014716358 0 0.039549088)
(-0.018067516 0 0.041397416)
(-0.02157743 0 0.043335737)
(-0.025253547 0 0.045368514)
(-0.029103657 0 0.047500439)
(-0.033135909 0 0.049736444)
(-0.037358824 0 0.052081718)
(-0.041781309 0 0.054541716)
(-0.046412683 0 0.057122179)
(-0.051262682 0 0.059829146)
(-0.056341488 0 0.062668974)
(-0.061659741 0 0.065648351)
(-0.067228561 0 0.068774321)
(-0.073059568 0 0.0720543)
(-0.079164901 0 0.075496098)
(-0.085557244 0 0.079107943)
(-0.092249841 0 0.082898503)
(-0.099256526 0 0.086876915)
(-0.10659174 0 0.091052811)
(-0.11427057 0 0.095436345)
(-0.12230873 0 0.10003823)
(-0.13072267 0 0.10486976)
(-0.13952951 0 0.10994287)
(-0.14874712 0 0.11527014)
(-0.15839413 0 0.12086485)
(-0.16848998 0 0.12674106)
(-0.17905492 0 0.13291359)
(-0.19011004 0 0.13939811)
(0.010685697 0 0.019863576)
(0.01258213 0 0.018997731)
(0.0086989837 0 0.020771235)
(0.0066177099 0 0.021722748)
(0.0044373955 0 0.022720258)
(0.0021533502 0 0.023766012)
(-0.00023933633 0 0.024862373)
(-0.0027458045 0 0.026011819)
(-0.005371435 0 0.027216956)
(-0.0081218605 0 0.028480517)
(-0.011002976 0 0.029805375)
(-0.014020953 0 0.031194549)
(-0.017182247 0 0.032651209)
(-0.020493619 0 0.034178686)
(-0.023962139 0 0.035780483)
(-0.027595208 0 0.037460279)
(-0.031400569 0 0.039221944)
(-0.035386324 0 0.041069543)
(-0.039560948 0 0.043007353)
(-0.043933306 0 0.045039873)
(-0.048512672 0 0.047171833)
(-0.053308747 0 0.04940821)
(-0.058331675 0 0.05175424)
(-0.063592063 0 0.054215434)
(-0.069101004 0 0.056797592)
(-0.074870095 0 0.059506822)
(-0.080911459 0 0.062349554)
(-0.087237769 0 0.06533256)
(-0.09386227 0 0.068462976)
(-0.1007988 0 0.071748319)
(-0.10806183 0 0.075196513)
(-0.11566646 0 0.078815911)
(-0.12362847 0 0.082615319)
(-0.13196436 0 0.086604029)
(-0.14069132 0 0.09079184)
(-0.14982734 0 0.095189097)
(-0.15939118 0 0.099806717)
(-0.1694024 0 0.10465623)
(-0.17988144 0 0.10974981)
(-0.19084962 0 0.11510033)
(-0.20232915 0 0.12072138)
(0.0065054287 0 0.016444227)
(0.0084539297 0 0.015724956)
(0.0044640966 0 0.017198236)
(0.0023255265 0 0.017988678)
(8.5103517e-05 0 0.018817333)
(-0.0022620043 0 0.019686069)
(-0.0047208564 0 0.020596849)
(-0.0072967501 0 0.021551733)
(-0.0099952316 0 0.022552884)
(-0.012822108 0 0.023602575)
(-0.015783457 0 0.024703194)
(-0.018885643 0 0.025857247)
(-0.022135329 0 0.02706737)
(-0.025539486 0 0.028336333)
(-0.029105414 0 0.029667043)
(-0.032840753 0 0.031062561)
(-0.036753498 0 0.0325261)
(-0.040852017 0 0.034061041)
(-0.045145066 0 0.035670938)
(-0.049641809 0 0.037359529)
(-0.054351833 0 0.039130747)
(-0.059285171 0 0.040988727)
(-0.064452317 0 0.042937821)
(-0.069864251 0 0.044982612)
(-0.075532457 0 0.04712792)
(-0.081468948 0 0.049378821)
(-0.087686287 0 0.051740661)
(-0.094197614 0 0.05421907)
(-0.10101667 0 0.056819979)
(-0.10815781 0 0.059549639)
(-0.11563606 0 0.062414637)
(-0.12346711 0 0.065421918)
(-0.13166738 0 0.068578804)
(-0.14025401 0 0.071893019)
(-0.14924491 0 0.075372714)
(-0.15865881 0 0.07902649)
(-0.16851527 0 0.082863424)
(-0.17883471 0 0.086893106)
(-0.18963845 0 0.091125662)
(-0.20094878 0 0.095571793)
(-0.21278895 0 0.10024281)
(0.00297915 0 0.012731901)
(0.0049659702 0 0.012172745)
(0.00089759958 0 0.013318064)
(-0.0012831855 0 0.013932553)
(-0.0035679227 0 0.014576751)
(-0.0059615523 0 0.015252111)
(-0.0084692481 0 0.015960159)
(-0.011096428 0 0.016702496)
(-0.013848765 0 0.017480807)
(-0.016732201 0 0.018296857)
(-0.019752957 0 0.019152503)
(-0.022917545 0 0.020049696)
(-0.026232787 0 0.020990484)
(-0.029705823 0 0.021977022)
(-0.03334413 0 0.023011571)
(-0.037155534 0 0.02409651)
(-0.04114823 0 0.025234341)
(-0.045330795 0 0.026427691)
(-0.049712209 0 0.027679326)
(-0.054301871 0 0.028992153)
(-0.059109618 0 0.03036923)
(-0.064145748 0 0.031813774)
(-0.069421036 0 0.033329173)
(-0.074946761 0 0.034918988)
(-0.080734725 0 0.03658697)
(-0.086797275 0 0.03833707)
(-0.093147335 0 0.040173445)
(-0.099798423 0 0.042100475)
(-0.10676468 0 0.044122776)
(-0.11406091 0 0.046245211)
(-0.12170258 0 0.048472905)
(-0.12970587 0 0.050811262)
(-0.13808773 0 0.05326598)
(-0.14686584 0 0.055843071)
(-0.15605873 0 0.058548877)
(-0.16568574 0 0.061390091)
(-0.1757671 0 0.06437378)
(-0.18632397 0 0.067507406)
(-0.19737844 0 0.070798852)
(-0.20895362 0 0.074256449)
(-0.22107364 0 0.077889)
(0.00025353867 0 0.00868527)
(0.0022618086 0 0.0082997064)
(-0.001850561 0 0.0090894578)
(-0.0040550548 0 0.0095131791)
(-0.0063647234 0 0.0099573885)
(-0.0087845745 0 0.010423088)
(-0.011319853 0 0.01091133)
(-0.013976052 0 0.01142322)
(-0.016758926 0 0.011959918)
(-0.019674501 0 0.012522644)
(-0.022729089 0 0.013112678)
(-0.025929299 0 0.013731365)
(-0.029282054 0 0.014380119)
(-0.032794603 0 0.015060426)
(-0.03647454 0 0.015773846)
(-0.040329814 0 0.016522021)
(-0.044368751 0 0.017306675)
(-0.048600069 0 0.018129623)
(-0.053032897 0 0.018992773)
(-0.057676793 0 0.019898129)
(-0.062541766 0 0.020847803)
(-0.067638294 0 0.021844015)
(-0.072977349 0 0.022889101)
(-0.078570417 0 0.023985519)
(-0.08442952 0 0.025135859)
(-0.090567248 0 0.026342846)
(-0.096996776 0 0.02760935)
(-0.1037319 0 0.028938394)
(-0.11078705 0 0.030333163)
(-0.11817734 0 0.031797015)
(-0.12591858 0 0.033333487)
(-0.13402733 0 0.034946309)
(-0.1425209 0 0.036639416)
(-0.15141741 0 0.038416957)
(-0.16073582 0 0.040283311)
(-0.17049597 0 0.0422431)
(-0.18071862 0 0.044301203)
(-0.19142548 0 0.046462773)
(-0.20263926 0 0.048733254)
(-0.2143837 0 0.051118399)
(-0.22668366 0 0.053624288)
(-0.0014514298 0 0.0043644431)
(0.00055797477 0 0.0041655505)
(-0.0035567996 0 0.004572944)
(-0.0057627134 0 0.0047915225)
(-0.0080739677 0 0.0050206711)
(-0.010495588 0 0.005260907)
(-0.013032838 0 0.0055127733)
(-0.015691232 0 0.0057768402)
(-0.018476549 0 0.0060537068)
(-0.021394839 0 0.0063440022)
(-0.024452443 0 0.0066483873)
(-0.027656001 0 0.0069675564)
(-0.031012472 0 0.0073022392)
(-0.034529141 0 0.0076532024)
(-0.038213643 0 0.0080212518)
(-0.042073975 0 0.0084072345)
(-0.046118511 0 0.0088120409)
(-0.050356025 0 0.0092366074)
(-0.054795707 0 0.0096819187)
(-0.059447183 0 0.01014901)
(-0.064320534 0 0.010638972)
(-0.069426319 0 0.01115295)
(-0.074775599 0 0.01169215)
(-0.080379957 0 0.012257842)
(-0.086251525 0 0.012851363)
(-0.092403008 0 0.013474119)
(-0.098847713 0 0.014127594)
(-0.10559957 0 0.014813348)
(-0.11267319 0 0.015533027)
(-0.12008383 0 0.016288364)
(-0.12784751 0 0.017081186)
(-0.13598099 0 0.01791342)
(-0.1445018 0 0.0187871)
(-0.15342833 0 0.019704367)
(-0.1627798 0 0.020667486)
(-0.17257638 0 0.021678842)
(-0.18283913 0 0.022740959)
(-0.19359013 0 0.023856498)
(-0.20485251 0 0.025028273)
(-0.21665045 0 0.026259257)
(-0.22900928 0 0.027552592)
(0.3 -0.1 -0.060007035)
(0.27891692 -0.1 -0.059907753)
(0.27885745 -0.1 -0.062133863)
(0.3 -0.1 -0.06227374)
(0.27879524 -0.1 -0.064466487)
(0.3 -0.1 -0.064648798)
(0.27873015 -0.1 -0.066910725)
(0.3 -0.1 -0.067137389)
(0.27866205 -0.1 -0.069471925)
(0.3 -0.1 -0.06974494)
(0.27859081 -0.1 -0.072155689)
(0.3 -0.1 -0.072477137)
(0.2785163 -0.1 -0.074967889)
(0.3 -0.1 -0.075339938)
(0.27843837 -0.1 -0.077914679)
(0.3 -0.1 -0.078339587)
(0.27835687 -0.1 -0.081002508)
(0.3 -0.1 -0.081482626)
(0.27827164 -0.1 -0.084238136)
(0.3 -0.1 -0.084775908)
(0.27818252 -0.1 -0.087628646)
(0.3 -0.1 -0.088226616)
(0.27808935 -0.1 -0.091181464)
(0.3 -0.1 -0.091842274)
(0.27799195 -0.1 -0.09490437)
(0.3 -0.1 -0.095630769)
(0.27789014 -0.1 -0.09880552)
(0.3 -0.1 -0.099600361)
(0.27778373 -0.1 -0.10289346)
(0.3 -0.1 -0.10375971)
(0.27767254 -0.1 -0.10717716)
(0.3 -0.1 -0.10811788)
(0.27755636 -0.1 -0.111666)
(0.3 -0.1 -0.11268438)
(0.27743498 -0.1 -0.11636982)
(0.3 -0.1 -0.11746917)
(0.2773082 -0.1 -0.12129894)
(0.3 -0.1 -0.12248268)
(0.27717578 -0.1 -0.12646418)
(0.3 -0.1 -0.12773585)
(0.27703751 -0.1 -0.13187687)
(0.3 -0.1 -0.13324013)
(0.27689316 -0.1 -0.1375489)
(0.3 -0.1 -0.13900753)
(0.27674247 -0.1 -0.14349271)
(0.3 -0.1 -0.14505062)
(0.27658522 -0.1 -0.14972136)
(0.3 -0.1 -0.15138258)
(0.27642113 -0.1 -0.15624854)
(0.3 -0.1 -0.15801723)
(0.27624996 -0.1 -0.16308861)
(0.3 -0.1 -0.16496902)
(0.27607143 -0.1 -0.17025659)
(0.3 -0.1 -0.17225312)
(0.27588529 -0.1 -0.17776825)
(0.3 -0.1 -0.17988542)
(0.27569125 -0.1 -0.18564013)
(0.3 -0.1 -0.18788256)
(0.27548904 -0.1 -0.19388956)
(0.3 -0.1 -0.19626197)
(0.27527837 -0.1 -0.20253471)
(0.3 -0.1 -0.20504194)
(0.27505895 -0.1 -0.21159463)
(0.3 -0.1 -0.21424161)
(0.2748305 -0.1 -0.22108929)
(0.3 -0.1 -0.22388104)
(0.27459273 -0.1 -0.23103965)
(0.3 -0.1 -0.23398126)
(0.27434535 -0.1 -0.24146765)
(0.3 -0.1 -0.24456429)
(0.27408808 -0.1 -0.25239633)
(0.3 -0.1 -0.25565321)
(0.27382062 -0.1 -0.26384984)
(0.3 -0.1 -0.2672722)
(0.27354269 -0.1 -0.2758535)
(0.3 -0.1 -0.2794466)
(0.27325404 -0.1 -0.28843388)
(0.3 -0.1 -0.29220297)
(0.27295438 -0.1 -0.30161881)
(0.3 -0.1 -0.30556911)
(0.27264348 -0.1 -0.31543752)
(0.3 -0.1 -0.31957418)
(0.25897401 -0.1 -0.059610662)
(0.25885387 -0.1 -0.061798555)
(0.25872815 -0.1 -0.064091227)
(0.25859662 -0.1 -0.066493706)
(0.258459 -0.1 -0.069011261)
(0.25831502 -0.1 -0.071649417)
(0.25816441 -0.1 -0.074413964)
(0.25800688 -0.1 -0.07731097)
(0.2578421 -0.1 -0.080346798)
(0.25766978 -0.1 -0.083528116)
(0.25748958 -0.1 -0.086861917)
(0.25730116 -0.1 -0.090355529)
(0.25710416 -0.1 -0.094016636)
(0.25689822 -0.1 -0.097853291)
(0.25668295 -0.1 -0.10187394)
(0.25645796 -0.1 -0.10608744)
(0.25622285 -0.1 -0.11050306)
(0.25597719 -0.1 -0.11513055)
(0.25572054 -0.1 -0.1199801)
(0.25545245 -0.1 -0.12506242)
(0.25517246 -0.1 -0.13038872)
(0.25488008 -0.1 -0.13597077)
(0.25457482 -0.1 -0.14182091)
(0.25425618 -0.1 -0.14795207)
(0.25392363 -0.1 -0.15437783)
(0.25357664 -0.1 -0.1611124)
(0.25321465 -0.1 -0.16817073)
(0.25283711 -0.1 -0.17556845)
(0.25244345 -0.1 -0.183322)
(0.25203308 -0.1 -0.19144859)
(0.25160542 -0.1 -0.1999663)
(0.25115985 -0.1 -0.20889407)
(0.25069578 -0.1 -0.21825179)
(0.2502126 -0.1 -0.22806034)
(0.24970968 -0.1 -0.23834159)
(0.24918642 -0.1 -0.24911853)
(0.24864221 -0.1 -0.26041526)
(0.24807644 -0.1 -0.27225709)
(0.24748851 -0.1 -0.28467056)
(0.24687786 -0.1 -0.29768355)
(0.24624391 -0.1 -0.31132532)
(0.24011175 -0.1 -0.059130455)
(0.23992956 -0.1 -0.061282182)
(0.2397389 -0.1 -0.063537044)
(0.23953939 -0.1 -0.065899998)
(0.23933064 -0.1 -0.068376242)
(0.23911224 -0.1 -0.070971224)
(0.23888375 -0.1 -0.073690655)
(0.23864473 -0.1 -0.076540525)
(0.2383947 -0.1 -0.079527112)
(0.2381332 -0.1 -0.082656998)
(0.23785971 -0.1 -0.085937087)
(0.23757371 -0.1 -0.089374615)
(0.23727466 -0.1 -0.092977173)
(0.23696199 -0.1 -0.096752717)
(0.23663513 -0.1 -0.10070959)
(0.23629346 -0.1 -0.10485655)
(0.23593637 -0.1 -0.10920277)
(0.23556319 -0.1 -0.11375788)
(0.23517326 -0.1 -0.11853198)
(0.23476588 -0.1 -0.12353564)
(0.23434034 -0.1 -0.12877999)
(0.2338959 -0.1 -0.13427666)
(0.23343179 -0.1 -0.14003789)
(0.23294722 -0.1 -0.1460765)
(0.2324414 -0.1 -0.15240593)
(0.23191348 -0.1 -0.15904031)
(0.23136262 -0.1 -0.16599444)
(0.23078795 -0.1 -0.17328387)
(0.23018858 -0.1 -0.1809249)
(0.22956358 -0.1 -0.18893466)
(0.22891204 -0.1 -0.19733109)
(0.22823302 -0.1 -0.20613307)
(0.22752555 -0.1 -0.21536038)
(0.22678868 -0.1 -0.22503381)
(0.22602142 -0.1 -0.23517518)
(0.2252228 -0.1 -0.24580739)
(0.22439184 -0.1 -0.2569545)
(0.22352756 -0.1 -0.26864177)
(0.222629 -0.1 -0.28089575)
(0.22169522 -0.1 -0.2937443)
(0.22072527 -0.1 -0.30721671)
(0.22227384 -0.1 -0.058480687)
(0.22202806 -0.1 -0.06059796)
(0.22177085 -0.1 -0.062816798)
(0.22150169 -0.1 -0.065142092)
(0.22122003 -0.1 -0.067578967)
(0.22092532 -0.1 -0.0701328)
(0.22061697 -0.1 -0.072809228)
(0.22029439 -0.1 -0.075614161)
(0.21995692 -0.1 -0.078553797)
(0.21960393 -0.1 -0.081634638)
(0.21923471 -0.1 -0.084863498)
(0.21884857 -0.1 -0.088247528)
(0.21844477 -0.1 -0.091794225)
(0.21802253 -0.1 -0.095511454)
(0.21758106 -0.1 -0.099407464)
(0.21711953 -0.1 -0.10349091)
(0.2166371 -0.1 -0.10777086)
(0.21613287 -0.1 -0.11225684)
(0.21560592 -0.1 -0.11695885)
(0.2150553 -0.1 -0.12188736)
(0.21448003 -0.1 -0.12705337)
(0.21387911 -0.1 -0.13246843)
(0.21325147 -0.1 -0.13814463)
(0.21259604 -0.1 -0.14409469)
(0.21191171 -0.1 -0.15033195)
(0.21119733 -0.1 -0.1568704)
(0.21045174 -0.1 -0.16372475)
(0.20967372 -0.1 -0.17091042)
(0.20886203 -0.1 -0.17844361)
(0.20801542 -0.1 -0.18634131)
(0.2071326 -0.1 -0.1946214)
(0.20621224 -0.1 -0.20330263)
(0.20525302 -0.1 -0.21240468)
(0.20425357 -0.1 -0.22194826)
(0.20321253 -0.1 -0.2319551)
(0.20212851 -0.1 -0.24244802)
(0.20100012 -0.1 -0.25345103)
(0.19982597 -0.1 -0.26498934)
(0.19860467 -0.1 -0.27708945)
(0.19733485 -0.1 -0.28977922)
(0.19601516 -0.1 -0.30308794)
(0.20540699 -0.1 -0.057674352)
(0.20509597 -0.1 -0.059758526)
(0.20477044 -0.1 -0.061942752)
(0.20442977 -0.1 -0.064231855)
(0.20407326 -0.1 -0.066630893)
(0.2037002 -0.1 -0.069145173)
(0.20330984 -0.1 -0.071780258)
(0.20290142 -0.1 -0.074541982)
(0.20247413 -0.1 -0.077436466)
(0.20202713 -0.1 -0.08047013)
(0.20155955 -0.1 -0.083649705)
(0.20107048 -0.1 -0.086982255)
(0.20055898 -0.1 -0.090475188)
(0.20002406 -0.1 -0.094136277)
(0.19946472 -0.1 -0.097973676)
(0.1988799 -0.1 -0.10199594)
(0.19826849 -0.1 -0.10621205)
(0.19762937 -0.1 -0.11063142)
(0.19696135 -0.1 -0.11526394)
(0.19626323 -0.1 -0.12011998)
(0.19553373 -0.1 -0.12521043)
(0.19477155 -0.1 -0.13054671)
(0.19397535 -0.1 -0.13614084)
(0.19314374 -0.1 -0.14200539)
(0.19227527 -0.1 -0.14815359)
(0.19136849 -0.1 -0.15459933)
(0.19042185 -0.1 -0.16135719)
(0.18943381 -0.1 -0.16844247)
(0.18840276 -0.1 -0.17587126)
(0.18732705 -0.1 -0.18366044)
(0.18620501 -0.1 -0.19182777)
(0.18503492 -0.1 -0.20039189)
(0.18381503 -0.1 -0.20937238)
(0.18254356 -0.1 -0.21878985)
(0.18121869 -0.1 -0.22866592)
(0.17983861 -0.1 -0.23902334)
(0.17840147 -0.1 -0.24988604)
(0.17690541 -0.1 -0.26127916)
(0.17534857 -0.1 -0.27322914)
(0.17372909 -0.1 -0.28576381)
(0.17204515 -0.1 -0.29891243)
(0.18946082 -0.1 -0.056723486)
(0.18908274 -0.1 -0.058775535)
(0.18868701 -0.1 -0.060926164)
(0.18827283 -0.1 -0.063180131)
(0.18783937 -0.1 -0.06554243)
(0.18738575 -0.1 -0.068018296)
(0.18691107 -0.1 -0.070613222)
(0.18641437 -0.1 -0.073332966)
(0.18589469 -0.1 -0.076183573)
(0.18535098 -0.1 -0.079171382)
(0.18478218 -0.1 -0.082303041)
(0.18418718 -0.1 -0.085585529)
(0.18356482 -0.1 -0.089026166)
(0.18291391 -0.1 -0.092632633)
(0.18223319 -0.1 -0.09641299)
(0.18152137 -0.1 -0.1003757)
(0.1807771 -0.1 -0.10452963)
(0.17999898 -0.1 -0.1088841)
(0.17918557 -0.1 -0.1134489)
(0.17833536 -0.1 -0.11823428)
(0.17744681 -0.1 -0.12325104)
(0.17651829 -0.1 -0.12851047)
(0.17554816 -0.1 -0.13402448)
(0.17453468 -0.1 -0.13980552)
(0.17347609 -0.1 -0.14586671)
(0.17237055 -0.1 -0.15222181)
(0.17121618 -0.1 -0.15888527)
(0.17001104 -0.1 -0.1658723)
(0.16875312 -0.1 -0.17319884)
(0.16744039 -0.1 -0.18088166)
(0.16607073 -0.1 -0.1889384)
(0.16464201 -0.1 -0.19738757)
(0.16315202 -0.1 -0.20624865)
(0.16159853 -0.1 -0.21554211)
(0.15997924 -0.1 -0.2252895)
(0.15829186 -0.1 -0.23551344)
(0.15653403 -0.1 -0.24623776)
(0.15470339 -0.1 -0.25748753)
(0.15279755 -0.1 -0.26928911)
(0.15081412 -0.1 -0.28167025)
(0.14875072 -0.1 -0.29466017)
(0.1743877 -0.1 -0.055638761)
(0.17394064 -0.1 -0.057659259)
(0.17347268 -0.1 -0.059776883)
(0.17298287 -0.1 -0.061996329)
(0.17247022 -0.1 -0.064322522)
(0.17193369 -0.1 -0.06676063)
(0.17137221 -0.1 -0.069316073)
(0.17078464 -0.1 -0.071994535)
(0.17016982 -0.1 -0.074801983)
(0.16952653 -0.1 -0.077744676)
(0.16885348 -0.1 -0.08082918)
(0.16814937 -0.1 -0.084062386)
(0.1674128 -0.1 -0.087451525)
(0.16664236 -0.1 -0.091004187)
(0.16583654 -0.1 -0.094728337)
(0.1649938 -0.1 -0.098632334)
(0.16411253 -0.1 -0.10272496)
(0.16319107 -0.1 -0.10701541)
(0.16222767 -0.1 -0.11151338)
(0.16122055 -0.1 -0.11622901)
(0.16016784 -0.1 -0.12117297)
(0.15906761 -0.1 -0.12635646)
(0.15791785 -0.1 -0.13179124)
(0.15671652 -0.1 -0.13748966)
(0.15546147 -0.1 -0.14346472)
(0.15415049 -0.1 -0.14973004)
(0.15278132 -0.1 -0.15629996)
(0.15135161 -0.1 -0.16318953)
(0.14985893 -0.1 -0.17041458)
(0.14830082 -0.1 -0.17799176)
(0.14667473 -0.1 -0.18593855)
(0.14497803 -0.1 -0.19427335)
(0.14320805 -0.1 -0.2030155)
(0.14136205 -0.1 -0.21218535)
(0.13943725 -0.1 -0.2218043)
(0.1374308 -0.1 -0.23189488)
(0.13533981 -0.1 -0.24248079)
(0.13316134 -0.1 -0.25358697)
(0.13089245 -0.1 -0.26523969)
(0.12853015 -0.1 -0.27746661)
(0.12607145 -0.1 -0.29029686)
(0.16014259 -0.1 -0.054430421)
(0.15962451 -0.1 -0.056419508)
(0.15908219 -0.1 -0.058504269)
(0.15851451 -0.1 -0.060689334)
(0.15792032 -0.1 -0.062979561)
(0.15729841 -0.1 -0.065380047)
(0.15664752 -0.1 -0.067896139)
(0.15596635 -0.1 -0.070533448)
(0.15525352 -0.1 -0.07329786)
(0.15450761 -0.1 -0.076195551)
(0.15372714 -0.1 -0.079233005)
(0.15291055 -0.1 -0.082417024)
(0.15205625 -0.1 -0.085754749)
(0.15116256 -0.1 -0.089253672)
(0.15022774 -0.1 -0.092921663)
(0.14924997 -0.1 -0.09676698)
(0.14822737 -0.1 -0.10079829)
(0.14715799 -0.1 -0.10502471)
(0.14603981 -0.1 -0.10945579)
(0.1448707 -0.1 -0.11410157)
(0.14364848 -0.1 -0.1189726)
(0.14237089 -0.1 -0.12407996)
(0.14103558 -0.1 -0.12943529)
(0.13964012 -0.1 -0.13505081)
(0.13818199 -0.1 -0.14093936)
(0.13665859 -0.1 -0.14711447)
(0.13506724 -0.1 -0.15359031)
(0.13340516 -0.1 -0.16038181)
(0.1316695 -0.1 -0.16750465)
(0.12985731 -0.1 -0.17497533)
(0.12796557 -0.1 -0.18281119)
(0.12599117 -0.1 -0.19103049)
(0.1239309 -0.1 -0.19965241)
(0.12178151 -0.1 -0.20869715)
(0.11953966 -0.1 -0.21818598)
(0.11720191 -0.1 -0.22814127)
(0.1147648 -0.1 -0.23858657)
(0.1122248 -0.1 -0.2495467)
(0.1095783 -0.1 -0.26104778)
(0.10682168 -0.1 -0.27311734)
(0.10395129 -0.1 -0.28578439)
(0.14668298 -0.1 -0.053107591)
(0.14609178 -0.1 -0.055064947)
(0.14547288 -0.1 -0.0571165)
(0.144825 -0.1 -0.059266816)
(0.14414682 -0.1 -0.061520684)
(0.14343695 -0.1 -0.063883128)
(0.14269395 -0.1 -0.066359419)
(0.14191632 -0.1 -0.068955091)
(0.14110249 -0.1 -0.071675949)
(0.14025082 -0.1 -0.074528084)
(0.13935961 -0.1 -0.077517891)
(0.13842708 -0.1 -0.080652083)
(0.13745138 -0.1 -0.083937703)
(0.13643059 -0.1 -0.087382149)
(0.1353627 -0.1 -0.090993185)
(0.13424563 -0.1 -0.094778965)
(0.13307721 -0.1 -0.098748049)
(0.13185519 -0.1 -0.10290943)
(0.13057722 -0.1 -0.10727255)
(0.12924086 -0.1 -0.11184733)
(0.12784361 -0.1 -0.11664418)
(0.12638283 -0.1 -0.12167407)
(0.1248558 -0.1 -0.12694848)
(0.12325972 -0.1 -0.13247952)
(0.12159167 -0.1 -0.13827988)
(0.11984862 -0.1 -0.14436293)
(0.11802747 -0.1 -0.15074271)
(0.11612497 -0.1 -0.15743398)
(0.11413782 -0.1 -0.16445227)
(0.11206257 -0.1 -0.17181393)
(0.10989569 -0.1 -0.17953612)
(0.10763354 -0.1 -0.18763693)
(0.10527238 -0.1 -0.19613539)
(0.10280837 -0.1 -0.20505153)
(0.10023758 -0.1 -0.21440643)
(0.097555966 -0.1 -0.22422229)
(0.094759425 -0.1 -0.2345225)
(0.091843759 -0.1 -0.24533169)
(0.088804698 -0.1 -0.25667581)
(0.085637908 -0.1 -0.26858223)
(0.082339 -0.1 -0.28107978)
(0.13396872 -0.1 -0.051678239)
(0.13330223 -0.1 -0.053603044)
(0.13260447 -0.1 -0.055620526)
(0.13187399 -0.1 -0.057735179)
(0.1311093 -0.1 -0.059951722)
(0.13030883 -0.1 -0.062275102)
(0.12947095 -0.1 -0.064710514)
(0.12859394 -0.1 -0.067263408)
(0.12767604 -0.1 -0.069939504)
(0.12671538 -0.1 -0.072744805)
(0.12571004 -0.1 -0.075685614)
(0.12465799 -0.1 -0.078768545)
(0.12355714 -0.1 -0.082000544)
(0.1224053 -0.1 -0.085388903)
(0.1212002 -0.1 -0.088941278)
(0.11993945 -0.1 -0.09266571)
(0.1186206 -0.1 -0.096570644)
(0.11724108 -0.1 -0.10066495)
(0.11579822 -0.1 -0.10495794)
(0.11428925 -0.1 -0.10945941)
(0.11271128 -0.1 -0.11417965)
(0.11106134 -0.1 -0.11912945)
(0.1093363 -0.1 -0.12432019)
(0.10753296 -0.1 -0.12976379)
(0.10564799 -0.1 -0.13547281)
(0.10367791 -0.1 -0.14146046)
(0.10161915 -0.1 -0.1477406)
(0.099468027 -0.1 -0.15432783)
(0.097220698 -0.1 -0.16123751)
(0.094873218 -0.1 -0.16848579)
(0.092421514 -0.1 -0.17608966)
(0.089861383 -0.1 -0.18406703)
(0.087188503 -0.1 -0.19243672)
(0.084398425 -0.1 -0.20121857)
(0.081486584 -0.1 -0.21043345)
(0.078448293 -0.1 -0.22010336)
(0.075278756 -0.1 -0.23025148)
(0.071973069 -0.1 -0.24090223)
(0.068526228 -0.1 -0.25208135)
(0.064933134 -0.1 -0.26381598)
(0.061188611 -0.1 -0.27613475)
(0.12196206 -0.1 -0.050149442)
(0.12121809 -0.1 -0.052040339)
(0.12043916 -0.1 -0.05402232)
(0.11962367 -0.1 -0.056099808)
(0.11876993 -0.1 -0.058277442)
(0.11787619 -0.1 -0.060560091)
(0.11694061 -0.1 -0.062952867)
(0.11596128 -0.1 -0.065461132)
(0.11493621 -0.1 -0.068090515)
(0.1138633 -0.1 -0.070846926)
(0.1127404 -0.1 -0.073736567)
(0.11156523 -0.1 -0.07676595)
(0.11033544 -0.1 -0.079941914)
(0.10904856 -0.1 -0.083271639)
(0.10770204 -0.1 -0.086762665)
(0.1062932 -0.1 -0.090422911)
(0.10481927 -0.1 -0.094260695)
(0.10327736 -0.1 -0.098284757)
(0.10166445 -0.1 -0.10250428)
(0.099977431 -0.1 -0.1069289)
(0.098213041 -0.1 -0.11156877)
(0.096367903 -0.1 -0.11643453)
(0.094438509 -0.1 -0.12153739)
(0.092421219 -0.1 -0.12688912)
(0.090312255 -0.1 -0.1325021)
(0.088107701 -0.1 -0.13838935)
(0.085803497 -0.1 -0.14456457)
(0.083395442 -0.1 -0.15104216)
(0.080879187 -0.1 -0.15783728)
(0.078250238 -0.1 -0.16496587)
(0.075503949 -0.1 -0.17244474)
(0.072635527 -0.1 -0.18029154)
(0.06964003 -0.1 -0.1885249)
(0.066512364 -0.1 -0.1971644)
(0.063247292 -0.1 -0.2062307)
(0.059839429 -0.1 -0.21574556)
(0.056283252 -0.1 -0.22573189)
(0.052573097 -0.1 -0.23621386)
(0.048703173 -0.1 -0.24721696)
(0.044667563 -0.1 -0.25876806)
(0.040460237 -0.1 -0.27089551)
(0.11062738 -0.1 -0.04852703)
(0.10980375 -0.1 -0.050382083)
(0.10894138 -0.1 -0.052326528)
(0.10803847 -0.1 -0.05436471)
(0.10709316 -0.1 -0.056501186)
(0.1061035 -0.1 -0.05874074)
(0.10506744 -0.1 -0.061088391)
(0.10398286 -0.1 -0.06354941)
(0.10284754 -0.1 -0.066129327)
(0.10165916 -0.1 -0.068833949)
(0.10041529 -0.1 -0.071669373)
(0.099113424 -0.1 -0.074641999)
(0.097750925 -0.1 -0.077758548)
(0.096325053 -0.1 -0.081026079)
(0.09483295 -0.1 -0.084452006)
(0.093271639 -0.1 -0.088044116)
(0.091638018 -0.1 -0.091810589)
(0.089928859 -0.1 -0.095760019)
(0.088140801 -0.1 -0.099901438)
(0.086270347 -0.1 -0.10424434)
(0.084313859 -0.1 -0.10879869)
(0.082267555 -0.1 -0.11357498)
(0.080127504 -0.1 -0.11858423)
(0.077889625 -0.1 -0.12383804)
(0.075549677 -0.1 -0.12934859)
(0.073103263 -0.1 -0.1351287)
(0.07054582 -0.1 -0.14119186)
(0.06787262 -0.1 -0.14755227)
(0.065078765 -0.1 -0.15422485)
(0.062159186 -0.1 -0.16122533)
(0.059108639 -0.1 -0.16857025)
(0.055921704 -0.1 -0.17627704)
(0.052592786 -0.1 -0.18436406)
(0.049116112 -0.1 -0.19285062)
(0.045485732 -0.1 -0.20175711)
(0.04169552 -0.1 -0.211105)
(0.037739178 -0.1 -0.2209169)
(0.033610239 -0.1 -0.23121669)
(0.029302068 -0.1 -0.24202953)
(0.024807874 -0.1 -0.25338198)
(0.020120715 -0.1 -0.26530205)
(0.099931319 -0.1 -0.046815978)
(0.099025923 -0.1 -0.048632625)
(0.09807789 -0.1 -0.050536844)
(0.097085244 -0.1 -0.052532894)
(0.096045923 -0.1 -0.054625244)
(0.09495777 -0.1 -0.056818582)
(0.093818535 -0.1 -0.059117832)
(0.092625867 -0.1 -0.06152816)
(0.091377313 -0.1 -0.064054992)
(0.090070311 -0.1 -0.066704021)
(0.088702188 -0.1 -0.069481227)
(0.087270155 -0.1 -0.072392889)
(0.085771303 -0.1 -0.0754456)
(0.084202598 -0.1 -0.078646285)
(0.082560876 -0.1 -0.082002219)
(0.080842841 -0.1 -0.085521042)
(0.079045056 -0.1 -0.089210783)
(0.077163941 -0.1 -0.093079878)
(0.075195768 -0.1 -0.097137191)
(0.073136656 -0.1 -0.10139204)
(0.070982566 -0.1 -0.10585422)
(0.068729295 -0.1 -0.11053402)
(0.066372474 -0.1 -0.11544227)
(0.063907559 -0.1 -0.12059037)
(0.061329831 -0.1 -0.12599027)
(0.058634388 -0.1 -0.13165458)
(0.055816141 -0.1 -0.13759656)
(0.052869813 -0.1 -0.14383014)
(0.04978993 -0.1 -0.15037002)
(0.04657082 -0.1 -0.15723165)
(0.043206613 -0.1 -0.1644313)
(0.039691231 -0.1 -0.17198611)
(0.036018392 -0.1 -0.17991413)
(0.032181606 -0.1 -0.1882344)
(0.028174172 -0.1 -0.19696694)
(0.023989183 -0.1 -0.20613291)
(0.019619522 -0.1 -0.21575458)
(0.015057868 -0.1 -0.22585545)
(0.010296694 -0.1 -0.23646033)
(0.005328279 -0.1 -0.24759536)
(0.00014470806 -0.1 -0.25928816)
(0.089842677 -0.1 -0.045019941)
(0.088853533 -0.1 -0.046794946)
(0.087817757 -0.1 -0.048655544)
(0.086733183 -0.1 -0.050605896)
(0.085597548 -0.1 -0.052650375)
(0.08440849 -0.1 -0.054793568)
(0.083163537 -0.1 -0.057040288)
(0.081860111 -0.1 -0.059395591)
(0.080495519 -0.1 -0.061864783)
(0.079066948 -0.1 -0.064453435)
(0.077571462 -0.1 -0.067167398)
(0.076005997 -0.1 -0.070012815)
(0.074367356 -0.1 -0.072996139)
(0.072652202 -0.1 -0.076124147)
(0.070857057 -0.1 -0.079403957)
(0.068978291 -0.1 -0.082843051)
(0.067012123 -0.1 -0.086449285)
(0.06495461 -0.1 -0.09023092)
(0.062801643 -0.1 -0.094196634)
(0.060548944 -0.1 -0.09835555)
(0.058192058 -0.1 -0.10271726)
(0.055726345 -0.1 -0.10729185)
(0.053146979 -0.1 -0.11208992)
(0.050448941 -0.1 -0.11712263)
(0.04762701 -0.1 -0.12240171)
(0.044675761 -0.1 -0.1279395)
(0.041589558 -0.1 -0.133749)
(0.038362549 -0.1 -0.13984387)
(0.034988662 -0.1 -0.14623851)
(0.031461597 -0.1 -0.15294807)
(0.027774826 -0.1 -0.15998851)
(0.023921585 -0.1 -0.16737665)
(0.019894873 -0.1 -0.17513018)
(0.015687445 -0.1 -0.18326779)
(0.011291817 -0.1 -0.19180913)
(0.0067002565 -0.1 -0.20077496)
(0.0019047865 -0.1 -0.21018715)
(-0.0031028155 -0.1 -0.22006878)
(-0.0083310159 -0.1 -0.23044419)
(-0.013788522 -0.1 -0.2413391)
(-0.019484276 -0.1 -0.25278062)
(0.080332355 -0.1 -0.043141441)
(0.079257677 -0.1 -0.044870844)
(0.07813228 -0.1 -0.046683662)
(0.076953805 -0.1 -0.048583955)
(0.075719784 -0.1 -0.050575985)
(0.074427639 -0.1 -0.052664225)
(0.073074676 -0.1 -0.054853371)
(0.071658082 -0.1 -0.057148352)
(0.070174916 -0.1 -0.059554344)
(0.068622109 -0.1 -0.062076782)
(0.066996453 -0.1 -0.064721372)
(0.065294603 -0.1 -0.067494107)
(0.063513064 -0.1 -0.070401282)
(0.06164819 -0.1 -0.07344951)
(0.059696175 -0.1 -0.076645736)
(0.057653051 -0.1 -0.079997261)
(0.055514677 -0.1 -0.083511752)
(0.053276738 -0.1 -0.08719727)
(0.050934733 -0.1 -0.091062288)
(0.048483972 -0.1 -0.095115709)
(0.045919571 -0.1 -0.099366899)
(0.04323644 -0.1 -0.1038257)
(0.040429281 -0.1 -0.10850247)
(0.03749258 -0.1 -0.11340811)
(0.034420599 -0.1 -0.11855406)
(0.031207371 -0.1 -0.12395239)
(0.027846691 -0.1 -0.12961578)
(0.024332113 -0.1 -0.1355576)
(0.020656942 -0.1 -0.14179191)
(0.016814226 -0.1 -0.14833351)
(0.012796751 -0.1 -0.15519801)
(0.0085970399 -0.1 -0.16240184)
(0.0042073399 -0.1 -0.16996231)
(-0.00038037657 -0.1 -0.17789768)
(-0.0051744181 -0.1 -0.18622718)
(-0.010183377 -0.1 -0.1949711)
(-0.015416133 -0.1 -0.20415086)
(-0.020881851 -0.1 -0.21378902)
(-0.026589987 -0.1 -0.22390943)
(-0.032550284 -0.1 -0.23453723)
(-0.038772769 -0.1 -0.245699)
(0.071373547 -0.1 -0.041181465)
(0.070211824 -0.1 -0.042860522)
(0.068995219 -0.1 -0.044620584)
(0.067721172 -0.1 -0.046465597)
(0.066387008 -0.1 -0.048399699)
(0.06498993 -0.1 -0.050427239)
(0.063527013 -0.1 -0.052552779)
(0.061995205 -0.1 -0.054781108)
(0.060391313 -0.1 -0.057117257)
(0.058712003 -0.1 -0.059566507)
(0.056953792 -0.1 -0.062134403)
(0.055113044 -0.1 -0.064826772)
(0.05318596 -0.1 -0.067649731)
(0.051168576 -0.1 -0.070609708)
(0.049056753 -0.1 -0.073713456)
(0.046846172 -0.1 -0.07696807)
(0.044532326 -0.1 -0.080381007)
(0.042110516 -0.1 -0.083960104)
(0.039575838 -0.1 -0.087713599)
(0.036923182 -0.1 -0.091650152)
(0.034147219 -0.1 -0.095778869)
(0.031242397 -0.1 -0.10010933)
(0.028202932 -0.1 -0.1046516)
(0.0250228 -0.1 -0.10941628)
(0.021695731 -0.1 -0.11441452)
(0.018215197 -0.1 -0.11965804)
(0.014574408 -0.1 -0.12515921)
(0.010766304 -0.1 -0.13093101)
(0.0067835429 -0.1 -0.13698713)
(0.0026184994 -0.1 -0.143342)
(-0.0017367472 -0.1 -0.15001079)
(-0.0062904183 -0.1 -0.15700951)
(-0.011051043 -0.1 -0.16435502)
(-0.016027465 -0.1 -0.17206508)
(-0.021228848 -0.1 -0.18015845)
(-0.026664679 -0.1 -0.18865489)
(-0.032344778 -0.1 -0.19757526)
(-0.038279296 -0.1 -0.20694155)
(-0.044478721 -0.1 -0.216777)
(-0.050953877 -0.1 -0.22710612)
(-0.057715928 -0.1 -0.23795482)
(0.062941625 -0.1 -0.039139486)
(0.061691743 -0.1 -0.04076263)
(0.060382757 -0.1 -0.042464097)
(0.059011904 -0.1 -0.044247703)
(0.057576297 -0.1 -0.046117453)
(0.056072914 -0.1 -0.048077551)
(0.054498601 -0.1 -0.050132411)
(0.052850057 -0.1 -0.052286667)
(0.051123835 -0.1 -0.054545186)
(0.049316332 -0.1 -0.056913076)
(0.047423782 -0.1 -0.059395704)
(0.045442254 -0.1 -0.061998707)
(0.043367641 -0.1 -0.064728004)
(0.041195651 -0.1 -0.067589816)
(0.038921807 -0.1 -0.070590677)
(0.036541432 -0.1 -0.073737455)
(0.034049646 -0.1 -0.077037366)
(0.031441355 -0.1 -0.080497996)
(0.028711247 -0.1 -0.084127318)
(0.025853777 -0.1 -0.087933718)
(0.022863166 -0.1 -0.091926009)
(0.019733387 -0.1 -0.096113465)
(0.016458158 -0.1 -0.10050584)
(0.013030934 -0.1 -0.10511339)
(0.0094448969 -0.1 -0.10994691)
(0.005692945 -0.1 -0.11501776)
(0.0017676864 -0.1 -0.12033791)
(-0.0023385714 -0.1 -0.12591995)
(-0.0066338311 -0.1 -0.13177714)
(-0.011126414 -0.1 -0.13792344)
(-0.01582497 -0.1 -0.14437356)
(-0.020738485 -0.1 -0.15114302)
(-0.02587629 -0.1 -0.15824815)
(-0.031248072 -0.1 -0.16570619)
(-0.036863877 -0.1 -0.17353529)
(-0.04273412 -0.1 -0.18175462)
(-0.048869594 -0.1 -0.19038441)
(-0.055281471 -0.1 -0.19944599)
(-0.061981312 -0.1 -0.20896188)
(-0.068981066 -0.1 -0.21895588)
(-0.076293078 -0.1 -0.22945311)
(0.055014566 -0.1 -0.037013258)
(0.053675941 -0.1 -0.03857406)
(0.052273956 -0.1 -0.040210189)
(0.050805645 -0.1 -0.041925316)
(0.049267902 -0.1 -0.043723294)
(0.047657485 -0.1 -0.045608169)
(0.045971 -0.1 -0.047584188)
(0.044204901 -0.1 -0.049655809)
(0.04235548 -0.1 -0.051827715)
(0.040418862 -0.1 -0.054104822)
(0.038390997 -0.1 -0.056492294)
(0.036267654 -0.1 -0.058995555)
(0.03404441 -0.1 -0.061620303)
(0.031716648 -0.1 -0.064372525)
(0.029279542 -0.1 -0.067258509)
(0.026728055 -0.1 -0.070284865)
(0.024056927 -0.1 -0.07345854)
(0.021260665 -0.1 -0.076786836)
(0.018333538 -0.1 -0.080277429)
(0.015269566 -0.1 -0.08393839)
(0.012062506 -0.1 -0.087778207)
(0.0087058512 -0.1 -0.091805806)
(0.0051928122 -0.1 -0.096030579)
(0.0015163125 -0.1 -0.10046241)
(-0.0023310242 -0.1 -0.10511168)
(-0.0063568839 -0.1 -0.10998935)
(-0.010569273 -0.1 -0.11510693)
(-0.014976529 -0.1 -0.12047656)
(-0.019587331 -0.1 -0.126111)
(-0.024410711 -0.1 -0.13202371)
(-0.029456065 -0.1 -0.13822886)
(-0.034733161 -0.1 -0.14474141)
(-0.040252156 -0.1 -0.15157708)
(-0.046023596 -0.1 -0.1587525)
(-0.052058438 -0.1 -0.16628516)
(-0.058368049 -0.1 -0.17419354)
(-0.064964222 -0.1 -0.18249713)
(-0.071859183 -0.1 -0.19121651)
(-0.079065596 -0.1 -0.20037339)
(-0.086596574 -0.1 -0.20999072)
(-0.094465682 -0.1 -0.22009273)
(0.047572927 -0.1 -0.034798526)
(0.046145628 -0.1 -0.03628964)
(0.044650711 -0.1 -0.037852727)
(0.043085003 -0.1 -0.039491296)
(0.041445186 -0.1 -0.041209031)
(0.039727789 -0.1 -0.043009798)
(0.037929182 -0.1 -0.044897655)
(0.03604557 -0.1 -0.046876866)
(0.034072985 -0.1 -0.048951905)
(0.032007279 -0.1 -0.051127472)
(0.029844114 -0.1 -0.053408505)
(0.027578958 -0.1 -0.055800187)
(0.025207074 -0.1 -0.058307967)
(0.022723512 -0.1 -0.060937566)
(0.0201231 -0.1 -0.063694999)
(0.017400435 -0.1 -0.066586586)
(0.014549875 -0.1 -0.069618967)
(0.011565525 -0.1 -0.072799125)
(0.0084412342 -0.1 -0.076134401)
(0.0051705774 -0.1 -0.079632513)
(0.0017468502 -0.1 -0.083301577)
(-0.0018369438 -0.1 -0.087150132)
(-0.0055881045 -0.1 -0.091187159)
(-0.0095142459 -0.1 -0.095422108)
(-0.013623309 -0.1 -0.099864924)
(-0.017923571 -0.1 -0.10452607)
(-0.022423661 -0.1 -0.10941658)
(-0.02713257 -0.1 -0.11454805)
(-0.032059664 -0.1 -0.11993269)
(-0.037214697 -0.1 -0.12558339)
(-0.04260782 -0.1 -0.13151371)
(-0.048249601 -0.1 -0.13773795)
(-0.05415103 -0.1 -0.14427118)
(-0.060323536 -0.1 -0.15112929)
(-0.066778999 -0.1 -0.15832904)
(-0.073529758 -0.1 -0.16588812)
(-0.08058863 -0.1 -0.17382519)
(-0.087968915 -0.1 -0.18215994)
(-0.09568441 -0.1 -0.19091317)
(-0.10374942 -0.1 -0.20010685)
(-0.11217875 -0.1 -0.2097642)
(0.040600622 -0.1 -0.032488518)
(0.039085528 -0.1 -0.033901639)
(0.037498594 -0.1 -0.035382976)
(0.035836442 -0.1 -0.036935857)
(0.034095541 -0.1 -0.038563772)
(0.032272195 -0.1 -0.040270388)
(0.030362539 -0.1 -0.042059554)
(0.02836253 -0.1 -0.043935309)
(0.02626794 -0.1 -0.045901897)
(0.024074348 -0.1 -0.047963775)
(0.021777132 -0.1 -0.050125623)
(0.019371459 -0.1 -0.052392357)
(0.016852278 -0.1 -0.054769144)
(0.014214307 -0.1 -0.05726141)
(0.01145203 -0.1 -0.059874856)
(0.0085596776 -0.1 -0.062615478)
(0.0055312263 -0.1 -0.065489572)
(0.0023603814 -0.1 -0.068503762)
(-0.00095943147 -0.1 -0.071665009)
(-0.0044350783 -0.1 -0.074980633)
(-0.0080737284 -0.1 -0.078458335)
(-0.011882866 -0.1 -0.082106211)
(-0.015870304 -0.1 -0.085932781)
(-0.020044195 -0.1 -0.089947012)
(-0.024413044 -0.1 -0.094158336)
(-0.028985725 -0.1 -0.098576686)
(-0.03377149 -0.1 -0.10321252)
(-0.038779989 -0.1 -0.10807684)
(-0.044021275 -0.1 -0.11318125)
(-0.04950583 -0.1 -0.11853796)
(-0.055244569 -0.1 -0.12415986)
(-0.06124886 -0.1 -0.1300605)
(-0.067530539 -0.1 -0.13625419)
(-0.074101923 -0.1 -0.14275602)
(-0.080975826 -0.1 -0.14958189)
(-0.088165572 -0.1 -0.1567486)
(-0.095685012 -0.1 -0.16427386)
(-0.10354854 -0.1 -0.17217636)
(-0.11177109 -0.1 -0.18047587)
(-0.12036818 -0.1 -0.18919324)
(-0.12935591 -0.1 -0.19835051)
(0.034085404 -0.1 -0.0300733)
(0.0324844 -0.1 -0.03139914)
(0.030807419 -0.1 -0.03278899)
(0.029050882 -0.1 -0.034245971)
(0.027211048 -0.1 -0.035773362)
(0.025283999 -0.1 -0.037374601)
(0.023265637 -0.1 -0.039053301)
(0.021151678 -0.1 -0.040813255)
(0.018937637 -0.1 -0.042658445)
(0.016618825 -0.1 -0.044593054)
(0.014190339 -0.1 -0.046621476)
(0.01164705 -0.1 -0.048748326)
(0.0089835956 -0.1 -0.050978452)
(0.0061943704 -0.1 -0.053316948)
(0.0032735134 -0.1 -0.055769168)
(0.00021489867 -0.1 -0.058340738)
(-0.0029878763 -0.1 -0.061037571)
(-0.0063415023 -0.1 -0.063865883)
(-0.0098529701 -0.1 -0.066832212)
(-0.013529583 -0.1 -0.069943429)
(-0.017378971 -0.1 -0.073206764)
(-0.021409101 -0.1 -0.076629821)
(-0.025628293 -0.1 -0.0802206)
(-0.030045234 -0.1 -0.083987518)
(-0.034668991 -0.1 -0.087939435)
(-0.039509027 -0.1 -0.092085677)
(-0.044575216 -0.1 -0.096436065)
(-0.04987786 -0.1 -0.10100094)
(-0.0554277 -0.1 -0.10579119)
(-0.061235939 -0.1 -0.11081829)
(-0.067314253 -0.1 -0.11609434)
(-0.073674812 -0.1 -0.12163207)
(-0.080330294 -0.1 -0.12744494)
(-0.087293904 -0.1 -0.1335471)
(-0.094579391 -0.1 -0.13995351)
(-0.10220106 -0.1 -0.14667994)
(-0.11017381 -0.1 -0.15374304)
(-0.11851311 -0.1 -0.16116037)
(-0.12723508 -0.1 -0.16895051)
(-0.13635642 -0.1 -0.17713305)
(-0.14589452 -0.1 -0.18572871)
(0.028020269 -0.1 -0.027539068)
(0.026336533 -0.1 -0.028767423)
(0.024572829 -0.1 -0.030055087)
(0.022725384 -0.1 -0.031404952)
(0.020790251 -0.1 -0.032820055)
(0.0187633 -0.1 -0.034303584)
(0.016640209 -0.1 -0.035858887)
(0.014416454 -0.1 -0.037489478)
(0.012087306 -0.1 -0.03919905)
(0.0096478153 -0.1 -0.040991478)
(0.007092804 -0.1 -0.042870834)
(0.0044168573 -0.1 -0.044841396)
(0.0016143116 -0.1 -0.046907657)
(-0.0013207559 -0.1 -0.04907434)
(-0.0043945385 -0.1 -0.051346406)
(-0.0076135117 -0.1 -0.053729069)
(-0.010984445 -0.1 -0.056227812)
(-0.014514416 -0.1 -0.058848397)
(-0.018210821 -0.1 -0.061596882)
(-0.022081389 -0.1 -0.06447964)
(-0.0261342 -0.1 -0.067503372)
(-0.030377691 -0.1 -0.070675126)
(-0.03482068 -0.1 -0.07400232)
(-0.039472374 -0.1 -0.077492758)
(-0.044342391 -0.1 -0.081154654)
(-0.04944077 -0.1 -0.084996656)
(-0.054777995 -0.1 -0.089027868)
(-0.060365007 -0.1 -0.09325788)
(-0.066213221 -0.1 -0.097696789)
(-0.072334551 -0.1 -0.10235524)
(-0.07874142 -0.1 -0.10724444)
(-0.085446787 -0.1 -0.11237622)
(-0.092464159 -0.1 -0.11776304)
(-0.099807618 -0.1 -0.12341803)
(-0.10749183 -0.1 -0.12935507)
(-0.11553209 -0.1 -0.13558879)
(-0.1239443 -0.1 -0.14213463)
(-0.13274504 -0.1 -0.14900888)
(-0.14195154 -0.1 -0.15622878)
(-0.15158173 -0.1 -0.16381251)
(-0.16165428 -0.1 -0.17177929)
(0.022405288 -0.1 -0.024866808)
(0.020643501 -0.1 -0.025986558)
(0.018797972 -0.1 -0.027160375)
(0.016864745 -0.1 -0.028390899)
(0.014839679 -0.1 -0.029680898)
(0.012718438 -0.1 -0.031033279)
(0.010496489 -0.1 -0.032451094)
(0.0081690841 -0.1 -0.033937549)
(0.0057312564 -0.1 -0.035496009)
(0.0031778091 -0.1 -0.037130009)
(0.00050330485 -0.1 -0.038843263)
(-0.002297945 -0.1 -0.04063967)
(-0.0052318913 -0.1 -0.042523328)
(-0.0083047589 -0.1 -0.044498544)
(-0.011523059 -0.1 -0.046569843)
(-0.0148936 -0.1 -0.048741979)
(-0.018423503 -0.1 -0.051019952)
(-0.022120214 -0.1 -0.053409018)
(-0.025991519 -0.1 -0.055914703)
(-0.030045555 -0.1 -0.058542816)
(-0.034290831 -0.1 -0.061299472)
(-0.038736237 -0.1 -0.064191098)
(-0.043391067 -0.1 -0.067224461)
(-0.04826503 -0.1 -0.070406678)
(-0.05336827 -0.1 -0.073745243)
(-0.058711385 -0.1 -0.077248044)
(-0.064305442 -0.1 -0.080923387)
(-0.070162 -0.1 -0.084780017)
(-0.076293127 -0.1 -0.08882715)
(-0.082711419 -0.1 -0.093074494)
(-0.089430025 -0.1 -0.09753228)
(-0.096462666 -0.1 -0.10221129)
(-0.10382365 -0.1 -0.1071229)
(-0.11152792 -0.1 -0.1122791)
(-0.11959103 -0.1 -0.11769255)
(-0.12802922 -0.1 -0.12337659)
(-0.13685939 -0.1 -0.12934531)
(-0.14609918 -0.1 -0.1356136)
(-0.15576695 -0.1 -0.14219717)
(-0.16588181 -0.1 -0.14911262)
(-0.17646365 -0.1 -0.15637749)
(0.017250783 -0.1 -0.022031163)
(0.0154174 -0.1 -0.023030321)
(0.013496803 -0.1 -0.024077727)
(0.011484867 -0.1 -0.025175737)
(0.0093772701 -0.1 -0.026326821)
(0.0071694907 -0.1 -0.027533573)
(0.0048567951 -0.1 -0.028798718)
(0.0024342287 -0.1 -0.030125117)
(-0.00010339396 -0.1 -0.031515772)
(-0.0027614996 -0.1 -0.032973841)
(-0.0055457673 -0.1 -0.034502636)
(-0.0084621395 -0.1 -0.03610564)
(-0.011516834 -0.1 -0.037786509)
(-0.014716358 -0.1 -0.039549088)
(-0.018067516 -0.1 -0.041397416)
(-0.02157743 -0.1 -0.043335737)
(-0.025253547 -0.1 -0.045368514)
(-0.029103657 -0.1 -0.047500439)
(-0.033135909 -0.1 -0.049736444)
(-0.037358824 -0.1 -0.052081718)
(-0.041781309 -0.1 -0.054541716)
(-0.046412683 -0.1 -0.057122179)
(-0.051262682 -0.1 -0.059829146)
(-0.056341488 -0.1 -0.062668974)
(-0.061659741 -0.1 -0.065648351)
(-0.067228561 -0.1 -0.068774321)
(-0.073059568 -0.1 -0.0720543)
(-0.079164901 -0.1 -0.075496098)
(-0.085557244 -0.1 -0.079107943)
(-0.092249841 -0.1 -0.082898503)
(-0.099256526 -0.1 -0.086876915)
(-0.10659174 -0.1 -0.091052811)
(-0.11427057 -0.1 -0.095436345)
(-0.12230873 -0.1 -0.10003823)
(-0.13072267 -0.1 -0.10486976)
(-0.13952951 -0.1 -0.10994287)
(-0.14874712 -0.1 -0.11527014)
(-0.15839413 -0.1 -0.12086485)
(-0.16848998 -0.1 -0.12674106)
(-0.17905492 -0.1 -0.13291359)
(-0.19011004 -0.1 -0.13939811)
(0.01258213 -0.1 -0.018997731)
(0.010685697 -0.1 -0.019863576)
(0.0086989837 -0.1 -0.020771235)
(0.0066177099 -0.1 -0.021722748)
(0.0044373955 -0.1 -0.022720258)
(0.0021533502 -0.1 -0.023766012)
(-0.00023933633 -0.1 -0.024862373)
(-0.0027458045 -0.1 -0.026011819)
(-0.005371435 -0.1 -0.027216956)
(-0.0081218605 -0.1 -0.028480517)
(-0.011002976 -0.1 -0.029805375)
(-0.014020953 -0.1 -0.031194549)
(-0.017182247 -0.1 -0.032651209)
(-0.020493619 -0.1 -0.034178686)
(-0.023962139 -0.1 -0.035780483)
(-0.027595208 -0.1 -0.037460279)
(-0.031400569 -0.1 -0.039221944)
(-0.035386324 -0.1 -0.041069543)
(-0.039560948 -0.1 -0.043007353)
(-0.043933306 -0.1 -0.045039873)
(-0.048512672 -0.1 -0.047171833)
(-0.053308747 -0.1 -0.04940821)
(-0.058331675 -0.1 -0.05175424)
(-0.063592063 -0.1 -0.054215434)
(-0.069101004 -0.1 -0.056797592)
(-0.074870095 -0.1 -0.059506822)
(-0.080911459 -0.1 -0.062349554)
(-0.087237769 -0.1 -0.06533256)
(-0.09386227 -0.1 -0.068462976)
(-0.1007988 -0.1 -0.071748319)
(-0.10806183 -0.1 -0.075196513)
(-0.11566646 -0.1 -0.078815911)
(-0.12362847 -0.1 -0.082615319)
(-0.13196436 -0.1 -0.086604029)
(-0.14069132 -0.1 -0.09079184)
(-0.14982734 -0.1 -0.095189097)
(-0.15939118 -0.1 -0.099806717)
(-0.1694024 -0.1 -0.10465623)
(-0.17988144 -0.1 -0.10974981)
(-0.19084962 -0.1 -0.11510033)
(-0.20232915 -0.1 -0.12072138)
(0.0084539297 -0.1 -0.015724956)
(0.0065054287 -0.1 -0.016444227)
(0.0044640966 -0.1 -0.017198236)
(0.0023255265 -0.1 -0.017988678)
(8.5103517e-05 -0.1 -0.018817333)
(-0.0022620043 -0.1 -0.019686069)
(-0.0047208564 -0.1 -0.020596849)
(-0.0072967501 -0.1 -0.021551733)
(-0.0099952316 -0.1 -0.022552884)
(-0.012822108 -0.1 -0.023602575)
(-0.015783457 -0.1 -0.024703194)
(-0.018885643 -0.1 -0.025857247)
(-0.022135329 -0.1 -0.02706737)
(-0.025539486 -0.1 -0.028336333)
(-0.029105414 -0.1 -0.029667043)
(-0.032840753 -0.1 -0.031062561)
(-0.036753498 -0.1 -0.0325261)
(-0.040852017 -0.1 -0.034061041)
(-0.045145066 -0.1 -0.035670938)
(-0.049641809 -0.1 -0.037359529)
(-0.054351833 -0.1 -0.039130747)
(-0.059285171 -0.1 -0.040988727)
(-0.064452317 -0.1 -0.042937821)
(-0.069864251 -0.1 -0.044982612)
(-0.075532457 -0.1 -0.04712792)
(-0.081468948 -0.1 -0.049378821)
(-0.087686287 -0.1 -0.051740661)
(-0.094197614 -0.1 -0.05421907)
(-0.10101667 -0.1 -0.056819979)
(-0.10815781 -0.1 -0.059549639)
(-0.11563606 -0.1 -0.062414637)
(-0.12346711 -0.1 -0.065421918)
(-0.13166738 -0.1 -0.068578804)
(-0.14025401 -0.1 -0.071893019)
(-0.14924491 -0.1 -0.075372714)
(-0.15865881 -0.1 -0.07902649)
(-0.16851527 -0.1 -0.082863424)
(-0.17883471 -0.1 -0.086893106)
(-0.18963845 -0.1 -0.091125662)
(-0.20094878 -0.1 -0.095571793)
(-0.21278895 -0.1 -0.10024281)
(0.0049659702 -0.1 -0.012172745)
(0.00297915 -0.1 -0.012731901)
(0.00089759958 -0.1 -0.013318064)
(-0.0012831855 -0.1 -0.013932553)
(-0.0035679227 -0.1 -0.014576751)
(-0.0059615523 -0.1 -0.015252111)
(-0.0084692481 -0.1 -0.015960159)
(-0.011096428 -0.1 -0.016702496)
(-0.013848765 -0.1 -0.017480807)
(-0.016732201 -0.1 -0.018296857)
(-0.019752957 -0.1 -0.019152503)
(-0.022917545 -0.1 -0.020049696)
(-0.026232787 -0.1 -0.020990484)
(-0.029705823 -0.1 -0.021977022)
(-0.03334413 -0.1 -0.023011571)
(-0.037155534 -0.1 -0.02409651)
(-0.04114823 -0.1 -0.025234341)
(-0.045330795 -0.1 -0.026427691)
(-0.049712209 -0.1 -0.027679326)
(-0.054301871 -0.1 -0.028992153)
(-0.059109618 -0.1 -0.03036923)
(-0.064145748 -0.1 -0.031813774)
(-0.069421036 -0.1 -0.033329173)
(-0.074946761 -0.1 -0.034918988)
(-0.080734725 -0.1 -0.03658697)
(-0.086797275 -0.1 -0.03833707)
(-0.093147335 -0.1 -0.040173445)
(-0.099798423 -0.1 -0.042100475)
(-0.10676468 -0.1 -0.044122776)
(-0.11406091 -0.1 -0.046245211)
(-0.12170258 -0.1 -0.048472905)
(-0.12970587 -0.1 -0.050811262)
(-0.13808773 -0.1 -0.05326598)
(-0.14686584 -0.1 -0.055843071)
(-0.15605873 -0.1 -0.058548877)
(-0.16568574 -0.1 -0.061390091)
(-0.1757671 -0.1 -0.06437378)
(-0.18632397 -0.1 -0.067507406)
(-0.19737844 -0.1 -0.070798852)
(-0.20895362 -0.1 -0.074256449)
(-0.22107364 -0.1 -0.077889)
(0.0022618086 -0.1 -0.0082997064)
(0.00025353867 -0.1 -0.00868527)
(-0.001850561 -0.1 -0.0090894578)
(-0.0040550548 -0.1 -0.0095131791)
(-0.0063647234 -0.1 -0.0099573885)
(-0.0087845745 -0.1 -0.010423088)
(-0.011319853 -0.1 -0.01091133)
(-0.013976052 -0.1 -0.01142322)
(-0.016758926 -0.1 -0.011959918)
(-0.019674501 -0.1 -0.012522644)
(-0.022729089 -0.1 -0.013112678)
(-0.025929299 -0.1 -0.013731365)
(-0.029282054 -0.1 -0.014380119)
(-0.032794603 -0.1 -0.015060426)
(-0.03647454 -0.1 -0.015773846)
(-0.040329814 -0.1 -0.016522021)
(-0.044368751 -0.1 -0.017306675)
(-0.048600069 -0.1 -0.018129623)
(-0.053032897 -0.1 -0.018992773)
(-0.057676793 -0.1 -0.019898129)
(-0.062541766 -0.1 -0.020847803)
(-0.067638294 -0.1 -0.021844015)
(-0.072977349 -0.1 -0.022889101)
(-0.078570417 -0.1 -0.023985519)
(-0.08442952 -0.1 -0.025135859)
(-0.090567248 -0.1 -0.026342846)
(-0.096996776 -0.1 -0.02760935)
(-0.1037319 -0.1 -0.028938394)
(-0.11078705 -0.1 -0.030333163)
(-0.11817734 -0.1 -0.031797015)
(-0.12591858 -0.1 -0.033333487)
(-0.13402733 -0.1 -0.034946309)
(-0.1425209 -0.1 -0.036639416)
(-0.15141741 -0.1 -0.038416957)
(-0.16073582 -0.1 -0.040283311)
(-0.17049597 -0.1 -0.0422431)
(-0.18071862 -0.1 -0.044301203)
(-0.19142548 -0.1 -0.046462773)
(-0.20263926 -0.1 -0.048733254)
(-0.2143837 -0.1 -0.051118399)
(-0.22668366 -0.1 -0.053624288)
(0.00055797477 -0.1 -0.0041655505)
(-0.0014514298 -0.1 -0.0043644431)
(-0.0035567996 -0.1 -0.004572944)
(-0.0057627134 -0.1 -0.0047915225)
(-0.0080739677 -0.1 -0.0050206711)
(-0.010495588 -0.1 -0.005260907)
(-0.013032838 -0.1 -0.0055127733)
(-0.015691232 -0.1 -0.0057768402)
(-0.018476549 -0.1 -0.0060537068)
(-0.021394839 -0.1 -0.0063440022)
(-0.024452443 -0.1 -0.0066483873)
(-0.027656001 -0.1 -0.0069675564)
(-0.031012472 -0.1 -0.0073022392)
(-0.034529141 -0.1 -0.0076532024)
(-0.038213643 -0.1 -0.0080212518)
(-0.042073975 -0.1 -0.0084072345)
(-0.046118511 -0.1 -0.0088120409)
(-0.050356025 -0.1 -0.0092366074)
(-0.054795707 -0.1 -0.0096819187)
(-0.059447183 -0.1 -0.01014901)
(-0.064320534 -0.1 -0.010638972)
(-0.069426319 -0.1 -0.01115295)
(-0.074775599 -0.1 -0.01169215)
(-0.080379957 -0.1 -0.012257842)
(-0.086251525 -0.1 -0.012851363)
(-0.092403008 -0.1 -0.013474119)
(-0.098847713 -0.1 -0.014127594)
(-0.10559957 -0.1 -0.014813348)
(-0.11267319 -0.1 -0.015533027)
(-0.12008383 -0.1 -0.016288364)
(-0.12784751 -0.1 -0.017081186)
(-0.13598099 -0.1 -0.01791342)
(-0.1445018 -0.1 -0.0187871)
(-0.15342833 -0.1 -0.019704367)
(-0.1627798 -0.1 -0.020667486)
(-0.17257638 -0.1 -0.021678842)
(-0.18283913 -0.1 -0.022740959)
(-0.19359013 -0.1 -0.023856498)
(-0.20485251 -0.1 -0.025028273)
(-0.21665045 -0.1 -0.026259257)
(-0.22900928 -0.1 -0.027552592)
(0 -0.1 0)
(-0.0019862952 -0.1 0)
(-0.0040675393 -0.1 0)
(-0.0062482712 -0.1 0)
(-0.0085332465 -0.1 0)
(-0.010927448 -0.1 0)
(-0.013436098 -0.1 0)
(-0.016064666 -0.1 0)
(-0.018818885 -0.1 0)
(-0.021704761 -0.1 0)
(-0.024728588 -0.1 0)
(-0.027896961 -0.1 0)
(-0.031216787 -0.1 0)
(-0.034695309 -0.1 0)
(-0.038340111 -0.1 0)
(-0.042159141 -0.1 0)
(-0.04616073 -0.1 0)
(-0.050353602 -0.1 0)
(-0.054746902 -0.1 0)
(-0.059350211 -0.1 0)
(-0.064173567 -0.1 0)
(-0.06922749 -0.1 0)
(-0.074523001 -0.1 0)
(-0.080071648 -0.1 0)
(-0.085885531 -0.1 0)
(-0.09197733 -0.1 0)
(-0.098360329 -0.1 0)
(-0.10504845 -0.1 0)
(-0.11205627 -0.1 0)
(-0.11939909 -0.1 0)
(-0.1270929 -0.1 0)
(-0.1351545 -0.1 0)
(-0.14360146 -0.1 0)
(-0.15245219 -0.1 0)
(-0.16172601 -0.1 0)
(-0.17144314 -0.1 0)
(-0.18162477 -0.1 0)
(-0.1922931 -0.1 0)
(-0.2034714 -0.1 0)
(-0.21518404 -0.1 0)
(-0.22745657 -0.1 0)
(0.34686832 -0.1 -0.059530253)
(0.34686809 -0.1 -0.061797515)
(0.34686784 -0.1 -0.064173157)
(0.34686758 -0.1 -0.066662359)
(0.34686731 -0.1 -0.069270551)
(0.34686703 -0.1 -0.072003419)
(0.34686673 -0.1 -0.074866924)
(0.34686642 -0.1 -0.07786731)
(0.34686609 -0.1 -0.081011121)
(0.34686575 -0.1 -0.084305213)
(0.34686539 -0.1 -0.087756769)
(0.34686501 -0.1 -0.091373316)
(0.34686462 -0.1 -0.095162742)
(0.34686421 -0.1 -0.09913331)
(0.34686377 -0.1 -0.10329368)
(0.34686332 -0.1 -0.10765292)
(0.34686285 -0.1 -0.11222055)
(0.34686235 -0.1 -0.11700651)
(0.34686183 -0.1 -0.12202126)
(0.34686128 -0.1 -0.12727572)
(0.34686071 -0.1 -0.13278135)
(0.34686011 -0.1 -0.13855016)
(0.34685948 -0.1 -0.14459474)
(0.34685882 -0.1 -0.15092826)
(0.34685813 -0.1 -0.15756453)
(0.34685741 -0.1 -0.16451803)
(0.34685665 -0.1 -0.17180393)
(0.34685586 -0.1 -0.1794381)
(0.34685503 -0.1 -0.1874372)
(0.34685416 -0.1 -0.19581868)
(0.34685325 -0.1 -0.2046008)
(0.34685229 -0.1 -0.21380273)
(0.34685129 -0.1 -0.22344454)
(0.34685024 -0.1 -0.23354723)
(0.34684914 -0.1 -0.24413286)
(0.34684799 -0.1 -0.25522451)
(0.34684678 -0.1 -0.26684635)
(0.34684551 -0.1 -0.27902375)
(0.34684419 -0.1 -0.29178325)
(0.3468428 -0.1 -0.30515268)
(0.34684134 -0.1 -0.3191612)
(0.32343531 -0.1 -0.059881629)
(0.32343519 -0.1 -0.062148481)
(0.32343507 -0.1 -0.064523693)
(0.32343494 -0.1 -0.067012445)
(0.3234348 -0.1 -0.069620164)
(0.32343465 -0.1 -0.072352537)
(0.3234345 -0.1 -0.075215524)
(0.32343435 -0.1 -0.078215367)
(0.32343418 -0.1 -0.081358609)
(0.32343401 -0.1 -0.084652104)
(0.32343383 -0.1 -0.088103035)
(0.32343364 -0.1 -0.091718927)
(0.32343344 -0.1 -0.095507666)
(0.32343323 -0.1 -0.099477515)
(0.32343301 -0.1 -0.10363713)
(0.32343278 -0.1 -0.10799559)
(0.32343254 -0.1 -0.11256238)
(0.32343229 -0.1 -0.11734748)
(0.32343203 -0.1 -0.12236132)
(0.32343175 -0.1 -0.12761483)
(0.32343146 -0.1 -0.13311946)
(0.32343116 -0.1 -0.13888723)
(0.32343084 -0.1 -0.14493071)
(0.32343051 -0.1 -0.15126308)
(0.32343016 -0.1 -0.15789816)
(0.32342979 -0.1 -0.1648504)
(0.32342941 -0.1 -0.17213497)
(0.32342901 -0.1 -0.17976776)
(0.32342859 -0.1 -0.18776542)
(0.32342815 -0.1 -0.19614537)
(0.32342769 -0.1 -0.20492591)
(0.3234272 -0.1 -0.21412617)
(0.3234267 -0.1 -0.22376623)
(0.32342617 -0.1 -0.2338671)
(0.32342561 -0.1 -0.24445081)
(0.32342503 -0.1 -0.25554045)
(0.32342442 -0.1 -0.26716019)
(0.32342378 -0.1 -0.27933538)
(0.3234231 -0.1 -0.29209257)
(0.3234224 -0.1 -0.30545958)
(0.32342167 -0.1 -0.31946556)
(0.026336533 -0.1 0.028767423)
(0.028020269 -0.1 0.027539068)
(0.024572829 -0.1 0.030055087)
(0.022725384 -0.1 0.031404952)
(0.020790251 -0.1 0.032820055)
(0.0187633 -0.1 0.034303584)
(0.016640209 -0.1 0.035858887)
(0.014416454 -0.1 0.037489478)
(0.012087306 -0.1 0.03919905)
(0.0096478153 -0.1 0.040991478)
(0.007092804 -0.1 0.042870834)
(0.0044168573 -0.1 0.044841396)
(0.0016143116 -0.1 0.046907657)
(-0.0013207559 -0.1 0.04907434)
(-0.0043945385 -0.1 0.051346406)
(-0.0076135117 -0.1 0.053729069)
(-0.010984445 -0.1 0.056227812)
(-0.014514416 -0.1 0.058848397)
(-0.018210821 -0.1 0.061596882)
(-0.022081389 -0.1 0.06447964)
(-0.0261342 -0.1 0.067503372)
(-0.030377691 -0.1 0.070675126)
(-0.03482068 -0.1 0.07400232)
(-0.039472374 -0.1 0.077492758)
(-0.044342391 -0.1 0.081154654)
(-0.04944077 -0.1 0.084996656)
(-0.054777995 -0.1 0.089027868)
(-0.060365007 -0.1 0.09325788)
(-0.066213221 -0.1 0.097696789)
(-0.072334551 -0.1 0.10235524)
(-0.07874142 -0.1 0.10724444)
(-0.085446787 -0.1 0.11237622)
(-0.092464159 -0.1 0.11776304)
(-0.099807618 -0.1 0.12341803)
(-0.10749183 -0.1 0.12935507)
(-0.11553209 -0.1 0.13558879)
(-0.1239443 -0.1 0.14213463)
(-0.13274504 -0.1 0.14900888)
(-0.14195154 -0.1 0.15622878)
(-0.15158173 -0.1 0.16381251)
(-0.16165428 -0.1 0.17177929)
(0.020643501 -0.1 0.025986558)
(0.022405288 -0.1 0.024866808)
(0.018797972 -0.1 0.027160375)
(0.016864745 -0.1 0.028390899)
(0.014839679 -0.1 0.029680898)
(0.012718438 -0.1 0.031033279)
(0.010496489 -0.1 0.032451094)
(0.0081690841 -0.1 0.033937549)
(0.0057312564 -0.1 0.035496009)
(0.0031778091 -0.1 0.037130009)
(0.00050330485 -0.1 0.038843263)
(-0.002297945 -0.1 0.04063967)
(-0.0052318913 -0.1 0.042523328)
(-0.0083047589 -0.1 0.044498544)
(-0.011523059 -0.1 0.046569843)
(-0.0148936 -0.1 0.048741979)
(-0.018423503 -0.1 0.051019952)
(-0.022120214 -0.1 0.053409018)
(-0.025991519 -0.1 0.055914703)
(-0.030045555 -0.1 0.058542816)
(-0.034290831 -0.1 0.061299472)
(-0.038736237 -0.1 0.064191098)
(-0.043391067 -0.1 0.067224461)
(-0.04826503 -0.1 0.070406678)
(-0.05336827 -0.1 0.073745243)
(-0.058711385 -0.1 0.077248044)
(-0.064305442 -0.1 0.080923387)
(-0.070162 -0.1 0.084780017)
(-0.076293127 -0.1 0.08882715)
(-0.082711419 -0.1 0.093074494)
(-0.089430025 -0.1 0.09753228)
(-0.096462666 -0.1 0.10221129)
(-0.10382365 -0.1 0.1071229)
(-0.11152792 -0.1 0.1122791)
(-0.11959103 -0.1 0.11769255)
(-0.12802922 -0.1 0.12337659)
(-0.13685939 -0.1 0.12934531)
(-0.14609918 -0.1 0.1356136)
(-0.15576695 -0.1 0.14219717)
(-0.16588181 -0.1 0.14911262)
(-0.17646365 -0.1 0.15637749)
(0.0154174 -0.1 0.023030321)
(0.017250783 -0.1 0.022031163)
(0.013496803 -0.1 0.024077727)
(0.011484867 -0.1 0.025175737)
(0.0093772701 -0.1 0.026326821)
(0.0071694907 -0.1 0.027533573)
(0.0048567951 -0.1 0.028798718)
(0.0024342287 -0.1 0.030125117)
(-0.00010339396 -0.1 0.031515772)
(-0.0027614996 -0.1 0.032973841)
(-0.0055457673 -0.1 0.034502636)
(-0.0084621395 -0.1 0.03610564)
(-0.011516834 -0.1 0.037786509)
(-0.014716358 -0.1 0.039549088)
(-0.018067516 -0.1 0.041397416)
(-0.02157743 -0.1 0.043335737)
(-0.025253547 -0.1 0.045368514)
(-0.029103657 -0.1 0.047500439)
(-0.033135909 -0.1 0.049736444)
(-0.037358824 -0.1 0.052081718)
(-0.041781309 -0.1 0.054541716)
(-0.046412683 -0.1 0.057122179)
(-0.051262682 -0.1 0.059829146)
(-0.056341488 -0.1 0.062668974)
(-0.061659741 -0.1 0.065648351)
(-0.067228561 -0.1 0.068774321)
(-0.073059568 -0.1 0.0720543)
(-0.079164901 -0.1 0.075496098)
(-0.085557244 -0.1 0.079107943)
(-0.092249841 -0.1 0.082898503)
(-0.099256526 -0.1 0.086876915)
(-0.10659174 -0.1 0.091052811)
(-0.11427057 -0.1 0.095436345)
(-0.12230873 -0.1 0.10003823)
(-0.13072267 -0.1 0.10486976)
(-0.13952951 -0.1 0.10994287)
(-0.14874712 -0.1 0.11527014)
(-0.15839413 -0.1 0.12086485)
(-0.16848998 -0.1 0.12674106)
(-0.17905492 -0.1 0.13291359)
(-0.19011004 -0.1 0.13939811)
(0.010685697 -0.1 0.019863576)
(0.01258213 -0.1 0.018997731)
(0.0086989837 -0.1 0.020771235)
(0.0066177099 -0.1 0.021722748)
(0.0044373955 -0.1 0.022720258)
(0.0021533502 -0.1 0.023766012)
(-0.00023933633 -0.1 0.024862373)
(-0.0027458045 -0.1 0.026011819)
(-0.005371435 -0.1 0.027216956)
(-0.0081218605 -0.1 0.028480517)
(-0.011002976 -0.1 0.029805375)
(-0.014020953 -0.1 0.031194549)
(-0.017182247 -0.1 0.032651209)
(-0.020493619 -0.1 0.034178686)
(-0.023962139 -0.1 0.035780483)
(-0.027595208 -0.1 0.037460279)
(-0.031400569 -0.1 0.039221944)
(-0.035386324 -0.1 0.041069543)
(-0.039560948 -0.1 0.043007353)
(-0.043933306 -0.1 0.045039873)
(-0.048512672 -0.1 0.047171833)
(-0.053308747 -0.1 0.04940821)
(-0.058331675 -0.1 0.05175424)
(-0.063592063 -0.1 0.054215434)
(-0.069101004 -0.1 0.056797592)
(-0.074870095 -0.1 0.059506822)
(-0.080911459 -0.1 0.062349554)
(-0.087237769 -0.1 0.06533256)
(-0.09386227 -0.1 0.068462976)
(-0.1007988 -0.1 0.071748319)
(-0.10806183 -0.1 0.075196513)
(-0.11566646 -0.1 0.078815911)
(-0.12362847 -0.1 0.082615319)
(-0.13196436 -0.1 0.086604029)
(-0.14069132 -0.1 0.09079184)
(-0.14982734 -0.1 0.095189097)
(-0.15939118 -0.1 0.099806717)
(-0.1694024 -0.1 0.10465623)
(-0.17988144 -0.1 0.10974981)
(-0.19084962 -0.1 0.11510033)
(-0.20232915 -0.1 0.12072138)
(0.0065054287 -0.1 0.016444227)
(0.0084539297 -0.1 0.015724956)
(0.0044640966 -0.1 0.017198236)
(0.0023255265 -0.1 0.017988678)
(8.5103517e-05 -0.1 0.018817333)
(-0.0022620043 -0.1 0.019686069)
(-0.0047208564 -0.1 0.020596849)
(-0.0072967501 -0.1 0.021551733)
(-0.0099952316 -0.1 0.022552884)
(-0.012822108 -0.1 0.023602575)
(-0.015783457 -0.1 0.024703194)
(-0.018885643 -0.1 0.025857247)
(-0.022135329 -0.1 0.02706737)
(-0.025539486 -0.1 0.028336333)
(-0.029105414 -0.1 0.029667043)
(-0.032840753 -0.1 0.031062561)
(-0.036753498 -0.1 0.0325261)
(-0.040852017 -0.1 0.034061041)
(-0.045145066 -0.1 0.035670938)
(-0.049641809 -0.1 0.037359529)
(-0.054351833 -0.1 0.039130747)
(-0.059285171 -0.1 0.040988727)
(-0.064452317 -0.1 0.042937821)
(-0.069864251 -0.1 0.044982612)
(-0.075532457 -0.1 0.04712792)
(-0.081468948 -0.1 0.049378821)
(-0.087686287 -0.1 0.051740661)
(-0.094197614 -0.1 0.05421907)
(-0.10101667 -0.1 0.056819979)
(-0.10815781 -0.1 0.059549639)
(-0.11563606 -0.1 0.062414637)
(-0.12346711 -0.1 0.065421918)
(-0.13166738 -0.1 0.068578804)
(-0.14025401 -0.1 0.071893019)
(-0.14924491 -0.1 0.075372714)
(-0.15865881 -0.1 0.07902649)
(-0.16851527 -0.1 0.082863424)
(-0.17883471 -0.1 0.086893106)
(-0.18963845 -0.1 0.091125662)
(-0.20094878 -0.1 0.095571793)
(-0.21278895 -0.1 0.10024281)
(0.00297915 -0.1 0.012731901)
(0.0049659702 -0.1 0.012172745)
(0.00089759958 -0.1 0.013318064)
(-0.0012831855 -0.1 0.013932553)
(-0.0035679227 -0.1 0.014576751)
(-0.0059615523 -0.1 0.015252111)
(-0.0084692481 -0.1 0.015960159)
(-0.011096428 -0.1 0.016702496)
(-0.013848765 -0.1 0.017480807)
(-0.016732201 -0.1 0.018296857)
(-0.019752957 -0.1 0.019152503)
(-0.022917545 -0.1 0.020049696)
(-0.026232787 -0.1 0.020990484)
(-0.029705823 -0.1 0.021977022)
(-0.03334413 -0.1 0.023011571)
(-0.037155534 -0.1 0.02409651)
(-0.04114823 -0.1 0.025234341)
(-0.045330795 -0.1 0.026427691)
(-0.049712209 -0.1 0.027679326)
(-0.054301871 -0.1 0.028992153)
(-0.059109618 -0.1 0.03036923)
(-0.064145748 -0.1 0.031813774)
(-0.069421036 -0.1 0.033329173)
(-0.074946761 -0.1 0.034918988)
(-0.080734725 -0.1 0.03658697)
(-0.086797275 -0.1 0.03833707)
(-0.093147335 -0.1 0.040173445)
(-0.099798423 -0.1 0.042100475)
(-0.10676468 -0.1 0.044122776)
(-0.11406091 -0.1 0.046245211)
(-0.12170258 -0.1 0.048472905)
(-0.12970587 -0.1 0.050811262)
(-0.13808773 -0.1 0.05326598)
(-0.14686584 -0.1 0.055843071)
(-0.15605873 -0.1 0.058548877)
(-0.16568574 -0.1 0.061390091)
(-0.1757671 -0.1 0.06437378)
(-0.18632397 -0.1 0.067507406)
(-0.19737844 -0.1 0.070798852)
(-0.20895362 -0.1 0.074256449)
(-0.22107364 -0.1 0.077889)
(0.00025353867 -0.1 0.00868527)
(0.0022618086 -0.1 0.0082997064)
(-0.001850561 -0.1 0.0090894578)
(-0.0040550548 -0.1 0.0095131791)
(-0.0063647234 -0.1 0.0099573885)
(-0.0087845745 -0.1 0.010423088)
(-0.011319853 -0.1 0.01091133)
(-0.013976052 -0.1 0.01142322)
(-0.016758926 -0.1 0.011959918)
(-0.019674501 -0.1 0.012522644)
(-0.022729089 -0.1 0.013112678)
(-0.025929299 -0.1 0.013731365)
(-0.029282054 -0.1 0.014380119)
(-0.032794603 -0.1 0.015060426)
(-0.03647454 -0.1 0.015773846)
(-0.040329814 -0.1 0.016522021)
(-0.044368751 -0.1 0.017306675)
(-0.048600069 -0.1 0.018129623)
(-0.053032897 -0.1 0.018992773)
(-0.057676793 -0.1 0.019898129)
(-0.062541766 -0.1 0.020847803)
(-0.067638294 -0.1 0.021844015)
(-0.072977349 -0.1 0.022889101)
(-0.078570417 -0.1 0.023985519)
(-0.08442952 -0.1 0.025135859)
(-0.090567248 -0.1 0.026342846)
(-0.096996776 -0.1 0.02760935)
(-0.1037319 -0.1 0.028938394)
(-0.11078705 -0.1 0.030333163)
(-0.11817734 -0.1 0.031797015)
(-0.12591858 -0.1 0.033333487)
(-0.13402733 -0.1 0.034946309)
(-0.1425209 -0.1 0.036639416)
(-0.15141741 -0.1 0.038416957)
(-0.16073582 -0.1 0.040283311)
(-0.17049597 -0.1 0.0422431)
(-0.18071862 -0.1 0.044301203)
(-0.19142548 -0.1 0.046462773)
(-0.20263926 -0.1 0.048733254)
(-0.2143837 -0.1 0.051118399)
(-0.22668366 -0.1 0.053624288)
(-0.0014514298 -0.1 0.0043644431)
(0.00055797477 -0.1 0.0041655505)
(-0.0035567996 -0.1 0.004572944)
(-0.0057627134 -0.1 0.0047915225)
(-0.0080739677 -0.1 0.0050206711)
(-0.010495588 -0.1 0.005260907)
(-0.013032838 -0.1 0.0055127733)
(-0.015691232 -0.1 0.0057768402)
(-0.018476549 -0.1 0.0060537068)
(-0.021394839 -0.1 0.0063440022)
(-0.024452443 -0.1 0.0066483873)
(-0.027656001 -0.1 0.0069675564)
(-0.031012472 -0.1 0.0073022392)
(-0.034529141 -0.1 0.0076532024)
(-0.038213643 -0.1 0.0080212518)
(-0.042073975 -0.1 0.0084072345)
(-0.046118511 -0.1 0.0088120409)
(-0.050356025 -0.1 0.0092366074)
(-0.054795707 -0.1 0.0096819187)
(-0.059447183 -0.1 0.01014901)
(-0.064320534 -0.1 0.010638972)
(-0.069426319 -0.1 0.01115295)
(-0.074775599 -0.1 0.01169215)
(-0.080379957 -0.1 0.012257842)
(-0.086251525 -0.1 0.012851363)
(-0.092403008 -0.1 0.013474119)
(-0.098847713 -0.1 0.014127594)
(-0.10559957 -0.1 0.014813348)
(-0.11267319 -0.1 0.015533027)
(-0.12008383 -0.1 0.016288364)
(-0.12784751 -0.1 0.017081186)
(-0.13598099 -0.1 0.01791342)
(-0.1445018 -0.1 0.0187871)
(-0.15342833 -0.1 0.019704367)
(-0.1627798 -0.1 0.020667486)
(-0.17257638 -0.1 0.021678842)
(-0.18283913 -0.1 0.022740959)
(-0.19359013 -0.1 0.023856498)
(-0.20485251 -0.1 0.025028273)
(-0.21665045 -0.1 0.026259257)
(-0.22900928 -0.1 0.027552592)
)


// ************************************************************************* //
