/*--------------------------------*- C++ -*----------------------------------*\
| =========                 |                                                 |
| \\      /  F ield         | OpenFOAM: The Open Source CFD Toolbox           |
|  \\    /   O peration     | Version:  2406                                  |
|   \\  /    A nd           | Website:  www.openfoam.com                      |
|    \\/     M anipulation  |                                                 |
\*---------------------------------------------------------------------------*/
FoamFile
{
    version     2.0;
    format      ascii;
    arch        "LSB;label=32;scalar=64";
    class       vectorField;
    location    "constant/polyMesh";
    object      points;
}
// * * * * * * * * * * * * * * * * * * * * * * * * * * * * * * * * * * * * * //


3366
(
(1.1885014 0 0.14952106)
(1.1885014 0 0.15900529)
(1.1885014 0 0.16894289)
(1.1885014 0 0.17935552)
(1.1885014 0 0.1902659)
(1.1885014 0 0.20169782)
(1.1885014 0 0.2136762)
(1.1885014 0 0.22622718)
(1.1885014 0 0.23937812)
(1.1885014 0 0.2531577)
(1.1885014 0 0.26759597)
(1.1885014 0 0.28272442)
(1.1885014 0 0.29857604)
(1.1885014 0 0.31518541)
(1.1885014 0 0.33258873)
(1.1885014 0 0.35082397)
(1.1885014 0 0.36993089)
(1.1885014 0 0.38995116)
(1.1885014 0 0.41092844)
(1.1885014 0 0.43290847)
(1.1885014 0 0.4559392)
(1.1885014 0 0.48007084)
(1.1885014 0 0.50535603)
(1.1885014 0 0.5318499)
(1.1885014 0 0.55961023)
(1.1885014 0 0.58869755)
(1.1885014 0 0.61917532)
(1.1885014 0 0.65110998)
(1.1885014 0 0.68457118)
(1.1885014 0 0.7196319)
(1.1885014 0 0.75636859)
(1.1885014 0 0.79486138)
(1.1885014 0 0.83519419)
(1.1885014 0 0.877455)
(1.1885014 0 0.92173595)
(1.1885014 0 0.96813363)
(1.1885014 0 1.0167492)
(1.1885014 0 1.0676887)
(1.1885014 0 1.1210632)
(1.1885014 0 1.1769892)
(1.1885014 0 1.2355885)
(1.1885014 0 1.2969889)
(1.1885014 0 1.3613245)
(1.1885014 0 1.4287354)
(1.1885014 0 1.4993687)
(1.1885014 0 1.5733784)
(1.1885014 0 1.6509259)
(1.1885014 0 1.7321803)
(1.1885014 0 1.8173189)
(1.1885014 0 1.9065273)
(1.1885014 0 2)
(1.2189553 0 0.14952106)
(1.2189553 0 0.15900529)
(1.2189553 0 0.16894289)
(1.2189553 0 0.17935552)
(1.2189553 0 0.1902659)
(1.2189553 0 0.20169782)
(1.2189553 0 0.2136762)
(1.2189553 0 0.22622718)
(1.2189553 0 0.23937812)
(1.2189553 0 0.2531577)
(1.2189553 0 0.26759597)
(1.2189553 0 0.28272442)
(1.2189553 0 0.29857604)
(1.2189553 0 0.31518541)
(1.2189553 0 0.33258873)
(1.2189553 0 0.35082397)
(1.2189553 0 0.36993089)
(1.2189553 0 0.38995116)
(1.2189553 0 0.41092844)
(1.2189553 0 0.43290847)
(1.2189553 0 0.4559392)
(1.2189553 0 0.48007084)
(1.2189553 0 0.50535603)
(1.2189553 0 0.5318499)
(1.2189553 0 0.55961023)
(1.2189553 0 0.58869755)
(1.2189553 0 0.61917532)
(1.2189553 0 0.65110998)
(1.2189553 0 0.68457118)
(1.2189553 0 0.7196319)
(1.2189553 0 0.75636859)
(1.2189553 0 0.79486138)
(1.2189553 0 0.83519419)
(1.2189553 0 0.877455)
(1.2189553 0 0.92173595)
(1.2189553 0 0.96813363)
(1.2189553 0 1.0167492)
(1.2189553 0 1.0676887)
(1.2189553 0 1.1210632)
(1.2189553 0 1.1769892)
(1.2189553 0 1.2355885)
(1.2189553 0 1.2969889)
(1.2189553 0 1.3613245)
(1.2189553 0 1.4287354)
(1.2189553 0 1.4993687)
(1.2189553 0 1.5733784)
(1.2189553 0 1.6509259)
(1.2189553 0 1.7321803)
(1.2189553 0 1.8173189)
(1.2189553 0 1.9065273)
(1.2189553 0 2)
(1.2512614 0 0.14952106)
(1.2512614 0 0.15900529)
(1.2512614 0 0.16894289)
(1.2512614 0 0.17935552)
(1.2512614 0 0.1902659)
(1.2512614 0 0.20169782)
(1.2512614 0 0.2136762)
(1.2512614 0 0.22622718)
(1.2512614 0 0.23937812)
(1.2512614 0 0.2531577)
(1.2512614 0 0.26759597)
(1.2512614 0 0.28272442)
(1.2512614 0 0.29857604)
(1.2512614 0 0.31518541)
(1.2512614 0 0.33258873)
(1.2512614 0 0.35082397)
(1.2512614 0 0.36993089)
(1.2512614 0 0.38995116)
(1.2512614 0 0.41092844)
(1.2512614 0 0.43290847)
(1.2512614 0 0.4559392)
(1.2512614 0 0.48007084)
(1.2512614 0 0.50535603)
(1.2512614 0 0.5318499)
(1.2512614 0 0.55961023)
(1.2512614 0 0.58869755)
(1.2512614 0 0.61917532)
(1.2512614 0 0.65110998)
(1.2512614 0 0.68457118)
(1.2512614 0 0.7196319)
(1.2512614 0 0.75636859)
(1.2512614 0 0.79486138)
(1.2512614 0 0.83519419)
(1.2512614 0 0.877455)
(1.2512614 0 0.92173595)
(1.2512614 0 0.96813363)
(1.2512614 0 1.0167492)
(1.2512614 0 1.0676887)
(1.2512614 0 1.1210632)
(1.2512614 0 1.1769892)
(1.2512614 0 1.2355885)
(1.2512614 0 1.2969889)
(1.2512614 0 1.3613245)
(1.2512614 0 1.4287354)
(1.2512614 0 1.4993687)
(1.2512614 0 1.5733784)
(1.2512614 0 1.6509259)
(1.2512614 0 1.7321803)
(1.2512614 0 1.8173189)
(1.2512614 0 1.9065273)
(1.2512614 0 2)
(1.2855322 0 0.14952106)
(1.2855322 0 0.15900529)
(1.2855322 0 0.16894289)
(1.2855322 0 0.17935552)
(1.2855322 0 0.1902659)
(1.2855322 0 0.20169782)
(1.2855322 0 0.2136762)
(1.2855322 0 0.22622718)
(1.2855322 0 0.23937812)
(1.2855322 0 0.2531577)
(1.2855322 0 0.26759597)
(1.2855322 0 0.28272442)
(1.2855322 0 0.29857604)
(1.2855322 0 0.31518541)
(1.2855322 0 0.33258873)
(1.2855322 0 0.35082397)
(1.2855322 0 0.36993089)
(1.2855322 0 0.38995116)
(1.2855322 0 0.41092844)
(1.2855322 0 0.43290847)
(1.2855322 0 0.4559392)
(1.2855322 0 0.48007084)
(1.2855322 0 0.50535603)
(1.2855322 0 0.5318499)
(1.2855322 0 0.55961023)
(1.2855322 0 0.58869755)
(1.2855322 0 0.61917532)
(1.2855322 0 0.65110998)
(1.2855322 0 0.68457118)
(1.2855322 0 0.7196319)
(1.2855322 0 0.75636859)
(1.2855322 0 0.79486138)
(1.2855322 0 0.83519419)
(1.2855322 0 0.877455)
(1.2855322 0 0.92173595)
(1.2855322 0 0.96813363)
(1.2855322 0 1.0167492)
(1.2855322 0 1.0676887)
(1.2855322 0 1.1210632)
(1.2855322 0 1.1769892)
(1.2855322 0 1.2355885)
(1.2855322 0 1.2969889)
(1.2855322 0 1.3613245)
(1.2855322 0 1.4287354)
(1.2855322 0 1.4993687)
(1.2855322 0 1.5733784)
(1.2855322 0 1.6509259)
(1.2855322 0 1.7321803)
(1.2855322 0 1.8173189)
(1.2855322 0 1.9065273)
(1.2855322 0 2)
(1.3218874 0 0.14952106)
(1.3218874 0 0.15900529)
(1.3218874 0 0.16894289)
(1.3218874 0 0.17935552)
(1.3218874 0 0.1902659)
(1.3218874 0 0.20169782)
(1.3218874 0 0.2136762)
(1.3218874 0 0.22622718)
(1.3218874 0 0.23937812)
(1.3218874 0 0.2531577)
(1.3218874 0 0.26759597)
(1.3218874 0 0.28272442)
(1.3218874 0 0.29857604)
(1.3218874 0 0.31518541)
(1.3218874 0 0.33258873)
(1.3218874 0 0.35082397)
(1.3218874 0 0.36993089)
(1.3218874 0 0.38995116)
(1.3218874 0 0.41092844)
(1.3218874 0 0.43290847)
(1.3218874 0 0.4559392)
(1.3218874 0 0.48007084)
(1.3218874 0 0.50535603)
(1.3218874 0 0.5318499)
(1.3218874 0 0.55961023)
(1.3218874 0 0.58869755)
(1.3218874 0 0.61917532)
(1.3218874 0 0.65110998)
(1.3218874 0 0.68457118)
(1.3218874 0 0.7196319)
(1.3218874 0 0.75636859)
(1.3218874 0 0.79486138)
(1.3218874 0 0.83519419)
(1.3218874 0 0.877455)
(1.3218874 0 0.92173595)
(1.3218874 0 0.96813363)
(1.3218874 0 1.0167492)
(1.3218874 0 1.0676887)
(1.3218874 0 1.1210632)
(1.3218874 0 1.1769892)
(1.3218874 0 1.2355885)
(1.3218874 0 1.2969889)
(1.3218874 0 1.3613245)
(1.3218874 0 1.4287354)
(1.3218874 0 1.4993687)
(1.3218874 0 1.5733784)
(1.3218874 0 1.6509259)
(1.3218874 0 1.7321803)
(1.3218874 0 1.8173189)
(1.3218874 0 1.9065273)
(1.3218874 0 2)
(1.3604536 0 0.14952106)
(1.3604536 0 0.15900529)
(1.3604536 0 0.16894289)
(1.3604536 0 0.17935552)
(1.3604536 0 0.1902659)
(1.3604536 0 0.20169782)
(1.3604536 0 0.2136762)
(1.3604536 0 0.22622718)
(1.3604536 0 0.23937812)
(1.3604536 0 0.2531577)
(1.3604536 0 0.26759597)
(1.3604536 0 0.28272442)
(1.3604536 0 0.29857604)
(1.3604536 0 0.31518541)
(1.3604536 0 0.33258873)
(1.3604536 0 0.35082397)
(1.3604536 0 0.36993089)
(1.3604536 0 0.38995116)
(1.3604536 0 0.41092844)
(1.3604536 0 0.43290847)
(1.3604536 0 0.4559392)
(1.3604536 0 0.48007084)
(1.3604536 0 0.50535603)
(1.3604536 0 0.5318499)
(1.3604536 0 0.55961023)
(1.3604536 0 0.58869755)
(1.3604536 0 0.61917532)
(1.3604536 0 0.65110998)
(1.3604536 0 0.68457118)
(1.3604536 0 0.7196319)
(1.3604536 0 0.75636859)
(1.3604536 0 0.79486138)
(1.3604536 0 0.83519419)
(1.3604536 0 0.877455)
(1.3604536 0 0.92173595)
(1.3604536 0 0.96813363)
(1.3604536 0 1.0167492)
(1.3604536 0 1.0676887)
(1.3604536 0 1.1210632)
(1.3604536 0 1.1769892)
(1.3604536 0 1.2355885)
(1.3604536 0 1.2969889)
(1.3604536 0 1.3613245)
(1.3604536 0 1.4287354)
(1.3604536 0 1.4993687)
(1.3604536 0 1.5733784)
(1.3604536 0 1.6509259)
(1.3604536 0 1.7321803)
(1.3604536 0 1.8173189)
(1.3604536 0 1.9065273)
(1.3604536 0 2)
(1.4013653 0 0.14952106)
(1.4013653 0 0.15900529)
(1.4013653 0 0.16894289)
(1.4013653 0 0.17935552)
(1.4013653 0 0.1902659)
(1.4013653 0 0.20169782)
(1.4013653 0 0.2136762)
(1.4013653 0 0.22622718)
(1.4013653 0 0.23937812)
(1.4013653 0 0.2531577)
(1.4013653 0 0.26759597)
(1.4013653 0 0.28272442)
(1.4013653 0 0.29857604)
(1.4013653 0 0.31518541)
(1.4013653 0 0.33258873)
(1.4013653 0 0.35082397)
(1.4013653 0 0.36993089)
(1.4013653 0 0.38995116)
(1.4013653 0 0.41092844)
(1.4013653 0 0.43290847)
(1.4013653 0 0.4559392)
(1.4013653 0 0.48007084)
(1.4013653 0 0.50535603)
(1.4013653 0 0.5318499)
(1.4013653 0 0.55961023)
(1.4013653 0 0.58869755)
(1.4013653 0 0.61917532)
(1.4013653 0 0.65110998)
(1.4013653 0 0.68457118)
(1.4013653 0 0.7196319)
(1.4013653 0 0.75636859)
(1.4013653 0 0.79486138)
(1.4013653 0 0.83519419)
(1.4013653 0 0.877455)
(1.4013653 0 0.92173595)
(1.4013653 0 0.96813363)
(1.4013653 0 1.0167492)
(1.4013653 0 1.0676887)
(1.4013653 0 1.1210632)
(1.4013653 0 1.1769892)
(1.4013653 0 1.2355885)
(1.4013653 0 1.2969889)
(1.4013653 0 1.3613245)
(1.4013653 0 1.4287354)
(1.4013653 0 1.4993687)
(1.4013653 0 1.5733784)
(1.4013653 0 1.6509259)
(1.4013653 0 1.7321803)
(1.4013653 0 1.8173189)
(1.4013653 0 1.9065273)
(1.4013653 0 2)
(1.4447652 0 0.14952106)
(1.4447652 0 0.15900529)
(1.4447652 0 0.16894289)
(1.4447652 0 0.17935552)
(1.4447652 0 0.1902659)
(1.4447652 0 0.20169782)
(1.4447652 0 0.2136762)
(1.4447652 0 0.22622718)
(1.4447652 0 0.23937812)
(1.4447652 0 0.2531577)
(1.4447652 0 0.26759597)
(1.4447652 0 0.28272442)
(1.4447652 0 0.29857604)
(1.4447652 0 0.31518541)
(1.4447652 0 0.33258873)
(1.4447652 0 0.35082397)
(1.4447652 0 0.36993089)
(1.4447652 0 0.38995116)
(1.4447652 0 0.41092844)
(1.4447652 0 0.43290847)
(1.4447652 0 0.4559392)
(1.4447652 0 0.48007084)
(1.4447652 0 0.50535603)
(1.4447652 0 0.5318499)
(1.4447652 0 0.55961023)
(1.4447652 0 0.58869755)
(1.4447652 0 0.61917532)
(1.4447652 0 0.65110998)
(1.4447652 0 0.68457118)
(1.4447652 0 0.7196319)
(1.4447652 0 0.75636859)
(1.4447652 0 0.79486138)
(1.4447652 0 0.83519419)
(1.4447652 0 0.877455)
(1.4447652 0 0.92173595)
(1.4447652 0 0.96813363)
(1.4447652 0 1.0167492)
(1.4447652 0 1.0676887)
(1.4447652 0 1.1210632)
(1.4447652 0 1.1769892)
(1.4447652 0 1.2355885)
(1.4447652 0 1.2969889)
(1.4447652 0 1.3613245)
(1.4447652 0 1.4287354)
(1.4447652 0 1.4993687)
(1.4447652 0 1.5733784)
(1.4447652 0 1.6509259)
(1.4447652 0 1.7321803)
(1.4447652 0 1.8173189)
(1.4447652 0 1.9065273)
(1.4447652 0 2)
(1.4908047 0 0.14952106)
(1.4908047 0 0.15900529)
(1.4908047 0 0.16894289)
(1.4908047 0 0.17935552)
(1.4908047 0 0.1902659)
(1.4908047 0 0.20169782)
(1.4908047 0 0.2136762)
(1.4908047 0 0.22622718)
(1.4908047 0 0.23937812)
(1.4908047 0 0.2531577)
(1.4908047 0 0.26759597)
(1.4908047 0 0.28272442)
(1.4908047 0 0.29857604)
(1.4908047 0 0.31518541)
(1.4908047 0 0.33258873)
(1.4908047 0 0.35082397)
(1.4908047 0 0.36993089)
(1.4908047 0 0.38995116)
(1.4908047 0 0.41092844)
(1.4908047 0 0.43290847)
(1.4908047 0 0.4559392)
(1.4908047 0 0.48007084)
(1.4908047 0 0.50535603)
(1.4908047 0 0.5318499)
(1.4908047 0 0.55961023)
(1.4908047 0 0.58869755)
(1.4908047 0 0.61917532)
(1.4908047 0 0.65110998)
(1.4908047 0 0.68457118)
(1.4908047 0 0.7196319)
(1.4908047 0 0.75636859)
(1.4908047 0 0.79486138)
(1.4908047 0 0.83519419)
(1.4908047 0 0.877455)
(1.4908047 0 0.92173595)
(1.4908047 0 0.96813363)
(1.4908047 0 1.0167492)
(1.4908047 0 1.0676887)
(1.4908047 0 1.1210632)
(1.4908047 0 1.1769892)
(1.4908047 0 1.2355885)
(1.4908047 0 1.2969889)
(1.4908047 0 1.3613245)
(1.4908047 0 1.4287354)
(1.4908047 0 1.4993687)
(1.4908047 0 1.5733784)
(1.4908047 0 1.6509259)
(1.4908047 0 1.7321803)
(1.4908047 0 1.8173189)
(1.4908047 0 1.9065273)
(1.4908047 0 2)
(1.5396442 0 0.14952106)
(1.5396442 0 0.15900529)
(1.5396442 0 0.16894289)
(1.5396442 0 0.17935552)
(1.5396442 0 0.1902659)
(1.5396442 0 0.20169782)
(1.5396442 0 0.2136762)
(1.5396442 0 0.22622718)
(1.5396442 0 0.23937812)
(1.5396442 0 0.2531577)
(1.5396442 0 0.26759597)
(1.5396442 0 0.28272442)
(1.5396442 0 0.29857604)
(1.5396442 0 0.31518541)
(1.5396442 0 0.33258873)
(1.5396442 0 0.35082397)
(1.5396442 0 0.36993089)
(1.5396442 0 0.38995116)
(1.5396442 0 0.41092844)
(1.5396442 0 0.43290847)
(1.5396442 0 0.4559392)
(1.5396442 0 0.48007084)
(1.5396442 0 0.50535603)
(1.5396442 0 0.5318499)
(1.5396442 0 0.55961023)
(1.5396442 0 0.58869755)
(1.5396442 0 0.61917532)
(1.5396442 0 0.65110998)
(1.5396442 0 0.68457118)
(1.5396442 0 0.7196319)
(1.5396442 0 0.75636859)
(1.5396442 0 0.79486138)
(1.5396442 0 0.83519419)
(1.5396442 0 0.877455)
(1.5396442 0 0.92173595)
(1.5396442 0 0.96813363)
(1.5396442 0 1.0167492)
(1.5396442 0 1.0676887)
(1.5396442 0 1.1210632)
(1.5396442 0 1.1769892)
(1.5396442 0 1.2355885)
(1.5396442 0 1.2969889)
(1.5396442 0 1.3613245)
(1.5396442 0 1.4287354)
(1.5396442 0 1.4993687)
(1.5396442 0 1.5733784)
(1.5396442 0 1.6509259)
(1.5396442 0 1.7321803)
(1.5396442 0 1.8173189)
(1.5396442 0 1.9065273)
(1.5396442 0 2)
(1.591454 0 0.14952106)
(1.591454 0 0.15900529)
(1.591454 0 0.16894289)
(1.591454 0 0.17935552)
(1.591454 0 0.1902659)
(1.591454 0 0.20169782)
(1.591454 0 0.2136762)
(1.591454 0 0.22622718)
(1.591454 0 0.23937812)
(1.591454 0 0.2531577)
(1.591454 0 0.26759597)
(1.591454 0 0.28272442)
(1.591454 0 0.29857604)
(1.591454 0 0.31518541)
(1.591454 0 0.33258873)
(1.591454 0 0.35082397)
(1.591454 0 0.36993089)
(1.591454 0 0.38995116)
(1.591454 0 0.41092844)
(1.591454 0 0.43290847)
(1.591454 0 0.4559392)
(1.591454 0 0.48007084)
(1.591454 0 0.50535603)
(1.591454 0 0.5318499)
(1.591454 0 0.55961023)
(1.591454 0 0.58869755)
(1.591454 0 0.61917532)
(1.591454 0 0.65110998)
(1.591454 0 0.68457118)
(1.591454 0 0.7196319)
(1.591454 0 0.75636859)
(1.591454 0 0.79486138)
(1.591454 0 0.83519419)
(1.591454 0 0.877455)
(1.591454 0 0.92173595)
(1.591454 0 0.96813363)
(1.591454 0 1.0167492)
(1.591454 0 1.0676887)
(1.591454 0 1.1210632)
(1.591454 0 1.1769892)
(1.591454 0 1.2355885)
(1.591454 0 1.2969889)
(1.591454 0 1.3613245)
(1.591454 0 1.4287354)
(1.591454 0 1.4993687)
(1.591454 0 1.5733784)
(1.591454 0 1.6509259)
(1.591454 0 1.7321803)
(1.591454 0 1.8173189)
(1.591454 0 1.9065273)
(1.591454 0 2)
(1.6464148 0 0.14952106)
(1.6464148 0 0.15900529)
(1.6464148 0 0.16894289)
(1.6464148 0 0.17935552)
(1.6464148 0 0.1902659)
(1.6464148 0 0.20169782)
(1.6464148 0 0.2136762)
(1.6464148 0 0.22622718)
(1.6464148 0 0.23937812)
(1.6464148 0 0.2531577)
(1.6464148 0 0.26759597)
(1.6464148 0 0.28272442)
(1.6464148 0 0.29857604)
(1.6464148 0 0.31518541)
(1.6464148 0 0.33258873)
(1.6464148 0 0.35082397)
(1.6464148 0 0.36993089)
(1.6464148 0 0.38995116)
(1.6464148 0 0.41092844)
(1.6464148 0 0.43290847)
(1.6464148 0 0.4559392)
(1.6464148 0 0.48007084)
(1.6464148 0 0.50535603)
(1.6464148 0 0.5318499)
(1.6464148 0 0.55961023)
(1.6464148 0 0.58869755)
(1.6464148 0 0.61917532)
(1.6464148 0 0.65110998)
(1.6464148 0 0.68457118)
(1.6464148 0 0.7196319)
(1.6464148 0 0.75636859)
(1.6464148 0 0.79486138)
(1.6464148 0 0.83519419)
(1.6464148 0 0.877455)
(1.6464148 0 0.92173595)
(1.6464148 0 0.96813363)
(1.6464148 0 1.0167492)
(1.6464148 0 1.0676887)
(1.6464148 0 1.1210632)
(1.6464148 0 1.1769892)
(1.6464148 0 1.2355885)
(1.6464148 0 1.2969889)
(1.6464148 0 1.3613245)
(1.6464148 0 1.4287354)
(1.6464148 0 1.4993687)
(1.6464148 0 1.5733784)
(1.6464148 0 1.6509259)
(1.6464148 0 1.7321803)
(1.6464148 0 1.8173189)
(1.6464148 0 1.9065273)
(1.6464148 0 2)
(1.7047182 0 0.14952106)
(1.7047182 0 0.15900529)
(1.7047182 0 0.16894289)
(1.7047182 0 0.17935552)
(1.7047182 0 0.1902659)
(1.7047182 0 0.20169782)
(1.7047182 0 0.2136762)
(1.7047182 0 0.22622718)
(1.7047182 0 0.23937812)
(1.7047182 0 0.2531577)
(1.7047182 0 0.26759597)
(1.7047182 0 0.28272442)
(1.7047182 0 0.29857604)
(1.7047182 0 0.31518541)
(1.7047182 0 0.33258873)
(1.7047182 0 0.35082397)
(1.7047182 0 0.36993089)
(1.7047182 0 0.38995116)
(1.7047182 0 0.41092844)
(1.7047182 0 0.43290847)
(1.7047182 0 0.4559392)
(1.7047182 0 0.48007084)
(1.7047182 0 0.50535603)
(1.7047182 0 0.5318499)
(1.7047182 0 0.55961023)
(1.7047182 0 0.58869755)
(1.7047182 0 0.61917532)
(1.7047182 0 0.65110998)
(1.7047182 0 0.68457118)
(1.7047182 0 0.7196319)
(1.7047182 0 0.75636859)
(1.7047182 0 0.79486138)
(1.7047182 0 0.83519419)
(1.7047182 0 0.877455)
(1.7047182 0 0.92173595)
(1.7047182 0 0.96813363)
(1.7047182 0 1.0167492)
(1.7047182 0 1.0676887)
(1.7047182 0 1.1210632)
(1.7047182 0 1.1769892)
(1.7047182 0 1.2355885)
(1.7047182 0 1.2969889)
(1.7047182 0 1.3613245)
(1.7047182 0 1.4287354)
(1.7047182 0 1.4993687)
(1.7047182 0 1.5733784)
(1.7047182 0 1.6509259)
(1.7047182 0 1.7321803)
(1.7047182 0 1.8173189)
(1.7047182 0 1.9065273)
(1.7047182 0 2)
(1.7665676 0 0.14952106)
(1.7665676 0 0.15900529)
(1.7665676 0 0.16894289)
(1.7665676 0 0.17935552)
(1.7665676 0 0.1902659)
(1.7665676 0 0.20169782)
(1.7665676 0 0.2136762)
(1.7665676 0 0.22622718)
(1.7665676 0 0.23937812)
(1.7665676 0 0.2531577)
(1.7665676 0 0.26759597)
(1.7665676 0 0.28272442)
(1.7665676 0 0.29857604)
(1.7665676 0 0.31518541)
(1.7665676 0 0.33258873)
(1.7665676 0 0.35082397)
(1.7665676 0 0.36993089)
(1.7665676 0 0.38995116)
(1.7665676 0 0.41092844)
(1.7665676 0 0.43290847)
(1.7665676 0 0.4559392)
(1.7665676 0 0.48007084)
(1.7665676 0 0.50535603)
(1.7665676 0 0.5318499)
(1.7665676 0 0.55961023)
(1.7665676 0 0.58869755)
(1.7665676 0 0.61917532)
(1.7665676 0 0.65110998)
(1.7665676 0 0.68457118)
(1.7665676 0 0.7196319)
(1.7665676 0 0.75636859)
(1.7665676 0 0.79486138)
(1.7665676 0 0.83519419)
(1.7665676 0 0.877455)
(1.7665676 0 0.92173595)
(1.7665676 0 0.96813363)
(1.7665676 0 1.0167492)
(1.7665676 0 1.0676887)
(1.7665676 0 1.1210632)
(1.7665676 0 1.1769892)
(1.7665676 0 1.2355885)
(1.7665676 0 1.2969889)
(1.7665676 0 1.3613245)
(1.7665676 0 1.4287354)
(1.7665676 0 1.4993687)
(1.7665676 0 1.5733784)
(1.7665676 0 1.6509259)
(1.7665676 0 1.7321803)
(1.7665676 0 1.8173189)
(1.7665676 0 1.9065273)
(1.7665676 0 2)
(1.8321785 0 0.14952106)
(1.8321785 0 0.15900529)
(1.8321785 0 0.16894289)
(1.8321785 0 0.17935552)
(1.8321785 0 0.1902659)
(1.8321785 0 0.20169782)
(1.8321785 0 0.2136762)
(1.8321785 0 0.22622718)
(1.8321785 0 0.23937812)
(1.8321785 0 0.2531577)
(1.8321785 0 0.26759597)
(1.8321785 0 0.28272442)
(1.8321785 0 0.29857604)
(1.8321785 0 0.31518541)
(1.8321785 0 0.33258873)
(1.8321785 0 0.35082397)
(1.8321785 0 0.36993089)
(1.8321785 0 0.38995116)
(1.8321785 0 0.41092844)
(1.8321785 0 0.43290847)
(1.8321785 0 0.4559392)
(1.8321785 0 0.48007084)
(1.8321785 0 0.50535603)
(1.8321785 0 0.5318499)
(1.8321785 0 0.55961023)
(1.8321785 0 0.58869755)
(1.8321785 0 0.61917532)
(1.8321785 0 0.65110998)
(1.8321785 0 0.68457118)
(1.8321785 0 0.7196319)
(1.8321785 0 0.75636859)
(1.8321785 0 0.79486138)
(1.8321785 0 0.83519419)
(1.8321785 0 0.877455)
(1.8321785 0 0.92173595)
(1.8321785 0 0.96813363)
(1.8321785 0 1.0167492)
(1.8321785 0 1.0676887)
(1.8321785 0 1.1210632)
(1.8321785 0 1.1769892)
(1.8321785 0 1.2355885)
(1.8321785 0 1.2969889)
(1.8321785 0 1.3613245)
(1.8321785 0 1.4287354)
(1.8321785 0 1.4993687)
(1.8321785 0 1.5733784)
(1.8321785 0 1.6509259)
(1.8321785 0 1.7321803)
(1.8321785 0 1.8173189)
(1.8321785 0 1.9065273)
(1.8321785 0 2)
(1.9017798 0 0.14952106)
(1.9017798 0 0.15900529)
(1.9017798 0 0.16894289)
(1.9017798 0 0.17935552)
(1.9017798 0 0.1902659)
(1.9017798 0 0.20169782)
(1.9017798 0 0.2136762)
(1.9017798 0 0.22622718)
(1.9017798 0 0.23937812)
(1.9017798 0 0.2531577)
(1.9017798 0 0.26759597)
(1.9017798 0 0.28272442)
(1.9017798 0 0.29857604)
(1.9017798 0 0.31518541)
(1.9017798 0 0.33258873)
(1.9017798 0 0.35082397)
(1.9017798 0 0.36993089)
(1.9017798 0 0.38995116)
(1.9017798 0 0.41092844)
(1.9017798 0 0.43290847)
(1.9017798 0 0.4559392)
(1.9017798 0 0.48007084)
(1.9017798 0 0.50535603)
(1.9017798 0 0.5318499)
(1.9017798 0 0.55961023)
(1.9017798 0 0.58869755)
(1.9017798 0 0.61917532)
(1.9017798 0 0.65110998)
(1.9017798 0 0.68457118)
(1.9017798 0 0.7196319)
(1.9017798 0 0.75636859)
(1.9017798 0 0.79486138)
(1.9017798 0 0.83519419)
(1.9017798 0 0.877455)
(1.9017798 0 0.92173595)
(1.9017798 0 0.96813363)
(1.9017798 0 1.0167492)
(1.9017798 0 1.0676887)
(1.9017798 0 1.1210632)
(1.9017798 0 1.1769892)
(1.9017798 0 1.2355885)
(1.9017798 0 1.2969889)
(1.9017798 0 1.3613245)
(1.9017798 0 1.4287354)
(1.9017798 0 1.4993687)
(1.9017798 0 1.5733784)
(1.9017798 0 1.6509259)
(1.9017798 0 1.7321803)
(1.9017798 0 1.8173189)
(1.9017798 0 1.9065273)
(1.9017798 0 2)
(1.9756141 0 0.14952106)
(1.9756141 0 0.15900529)
(1.9756141 0 0.16894289)
(1.9756141 0 0.17935552)
(1.9756141 0 0.1902659)
(1.9756141 0 0.20169782)
(1.9756141 0 0.2136762)
(1.9756141 0 0.22622718)
(1.9756141 0 0.23937812)
(1.9756141 0 0.2531577)
(1.9756141 0 0.26759597)
(1.9756141 0 0.28272442)
(1.9756141 0 0.29857604)
(1.9756141 0 0.31518541)
(1.9756141 0 0.33258873)
(1.9756141 0 0.35082397)
(1.9756141 0 0.36993089)
(1.9756141 0 0.38995116)
(1.9756141 0 0.41092844)
(1.9756141 0 0.43290847)
(1.9756141 0 0.4559392)
(1.9756141 0 0.48007084)
(1.9756141 0 0.50535603)
(1.9756141 0 0.5318499)
(1.9756141 0 0.55961023)
(1.9756141 0 0.58869755)
(1.9756141 0 0.61917532)
(1.9756141 0 0.65110998)
(1.9756141 0 0.68457118)
(1.9756141 0 0.7196319)
(1.9756141 0 0.75636859)
(1.9756141 0 0.79486138)
(1.9756141 0 0.83519419)
(1.9756141 0 0.877455)
(1.9756141 0 0.92173595)
(1.9756141 0 0.96813363)
(1.9756141 0 1.0167492)
(1.9756141 0 1.0676887)
(1.9756141 0 1.1210632)
(1.9756141 0 1.1769892)
(1.9756141 0 1.2355885)
(1.9756141 0 1.2969889)
(1.9756141 0 1.3613245)
(1.9756141 0 1.4287354)
(1.9756141 0 1.4993687)
(1.9756141 0 1.5733784)
(1.9756141 0 1.6509259)
(1.9756141 0 1.7321803)
(1.9756141 0 1.8173189)
(1.9756141 0 1.9065273)
(1.9756141 0 2)
(2.0539389 0 0.14952106)
(2.0539389 0 0.15900529)
(2.0539389 0 0.16894289)
(2.0539389 0 0.17935552)
(2.0539389 0 0.1902659)
(2.0539389 0 0.20169782)
(2.0539389 0 0.2136762)
(2.0539389 0 0.22622718)
(2.0539389 0 0.23937812)
(2.0539389 0 0.2531577)
(2.0539389 0 0.26759597)
(2.0539389 0 0.28272442)
(2.0539389 0 0.29857604)
(2.0539389 0 0.31518541)
(2.0539389 0 0.33258873)
(2.0539389 0 0.35082397)
(2.0539389 0 0.36993089)
(2.0539389 0 0.38995116)
(2.0539389 0 0.41092844)
(2.0539389 0 0.43290847)
(2.0539389 0 0.4559392)
(2.0539389 0 0.48007084)
(2.0539389 0 0.50535603)
(2.0539389 0 0.5318499)
(2.0539389 0 0.55961023)
(2.0539389 0 0.58869755)
(2.0539389 0 0.61917532)
(2.0539389 0 0.65110998)
(2.0539389 0 0.68457118)
(2.0539389 0 0.7196319)
(2.0539389 0 0.75636859)
(2.0539389 0 0.79486138)
(2.0539389 0 0.83519419)
(2.0539389 0 0.877455)
(2.0539389 0 0.92173595)
(2.0539389 0 0.96813363)
(2.0539389 0 1.0167492)
(2.0539389 0 1.0676887)
(2.0539389 0 1.1210632)
(2.0539389 0 1.1769892)
(2.0539389 0 1.2355885)
(2.0539389 0 1.2969889)
(2.0539389 0 1.3613245)
(2.0539389 0 1.4287354)
(2.0539389 0 1.4993687)
(2.0539389 0 1.5733784)
(2.0539389 0 1.6509259)
(2.0539389 0 1.7321803)
(2.0539389 0 1.8173189)
(2.0539389 0 1.9065273)
(2.0539389 0 2)
(2.1370272 0 0.14952106)
(2.1370272 0 0.15900529)
(2.1370272 0 0.16894289)
(2.1370272 0 0.17935552)
(2.1370272 0 0.1902659)
(2.1370272 0 0.20169782)
(2.1370272 0 0.2136762)
(2.1370272 0 0.22622718)
(2.1370272 0 0.23937812)
(2.1370272 0 0.2531577)
(2.1370272 0 0.26759597)
(2.1370272 0 0.28272442)
(2.1370272 0 0.29857604)
(2.1370272 0 0.31518541)
(2.1370272 0 0.33258873)
(2.1370272 0 0.35082397)
(2.1370272 0 0.36993089)
(2.1370272 0 0.38995116)
(2.1370272 0 0.41092844)
(2.1370272 0 0.43290847)
(2.1370272 0 0.4559392)
(2.1370272 0 0.48007084)
(2.1370272 0 0.50535603)
(2.1370272 0 0.5318499)
(2.1370272 0 0.55961023)
(2.1370272 0 0.58869755)
(2.1370272 0 0.61917532)
(2.1370272 0 0.65110998)
(2.1370272 0 0.68457118)
(2.1370272 0 0.7196319)
(2.1370272 0 0.75636859)
(2.1370272 0 0.79486138)
(2.1370272 0 0.83519419)
(2.1370272 0 0.877455)
(2.1370272 0 0.92173595)
(2.1370272 0 0.96813363)
(2.1370272 0 1.0167492)
(2.1370272 0 1.0676887)
(2.1370272 0 1.1210632)
(2.1370272 0 1.1769892)
(2.1370272 0 1.2355885)
(2.1370272 0 1.2969889)
(2.1370272 0 1.3613245)
(2.1370272 0 1.4287354)
(2.1370272 0 1.4993687)
(2.1370272 0 1.5733784)
(2.1370272 0 1.6509259)
(2.1370272 0 1.7321803)
(2.1370272 0 1.8173189)
(2.1370272 0 1.9065273)
(2.1370272 0 2)
(2.2251689 0 0.14952106)
(2.2251689 0 0.15900529)
(2.2251689 0 0.16894289)
(2.2251689 0 0.17935552)
(2.2251689 0 0.1902659)
(2.2251689 0 0.20169782)
(2.2251689 0 0.2136762)
(2.2251689 0 0.22622718)
(2.2251689 0 0.23937812)
(2.2251689 0 0.2531577)
(2.2251689 0 0.26759597)
(2.2251689 0 0.28272442)
(2.2251689 0 0.29857604)
(2.2251689 0 0.31518541)
(2.2251689 0 0.33258873)
(2.2251689 0 0.35082397)
(2.2251689 0 0.36993089)
(2.2251689 0 0.38995116)
(2.2251689 0 0.41092844)
(2.2251689 0 0.43290847)
(2.2251689 0 0.4559392)
(2.2251689 0 0.48007084)
(2.2251689 0 0.50535603)
(2.2251689 0 0.5318499)
(2.2251689 0 0.55961023)
(2.2251689 0 0.58869755)
(2.2251689 0 0.61917532)
(2.2251689 0 0.65110998)
(2.2251689 0 0.68457118)
(2.2251689 0 0.7196319)
(2.2251689 0 0.75636859)
(2.2251689 0 0.79486138)
(2.2251689 0 0.83519419)
(2.2251689 0 0.877455)
(2.2251689 0 0.92173595)
(2.2251689 0 0.96813363)
(2.2251689 0 1.0167492)
(2.2251689 0 1.0676887)
(2.2251689 0 1.1210632)
(2.2251689 0 1.1769892)
(2.2251689 0 1.2355885)
(2.2251689 0 1.2969889)
(2.2251689 0 1.3613245)
(2.2251689 0 1.4287354)
(2.2251689 0 1.4993687)
(2.2251689 0 1.5733784)
(2.2251689 0 1.6509259)
(2.2251689 0 1.7321803)
(2.2251689 0 1.8173189)
(2.2251689 0 1.9065273)
(2.2251689 0 2)
(2.3186712 0 0.14952106)
(2.3186712 0 0.15900529)
(2.3186712 0 0.16894289)
(2.3186712 0 0.17935552)
(2.3186712 0 0.1902659)
(2.3186712 0 0.20169782)
(2.3186712 0 0.2136762)
(2.3186712 0 0.22622718)
(2.3186712 0 0.23937812)
(2.3186712 0 0.2531577)
(2.3186712 0 0.26759597)
(2.3186712 0 0.28272442)
(2.3186712 0 0.29857604)
(2.3186712 0 0.31518541)
(2.3186712 0 0.33258873)
(2.3186712 0 0.35082397)
(2.3186712 0 0.36993089)
(2.3186712 0 0.38995116)
(2.3186712 0 0.41092844)
(2.3186712 0 0.43290847)
(2.3186712 0 0.4559392)
(2.3186712 0 0.48007084)
(2.3186712 0 0.50535603)
(2.3186712 0 0.5318499)
(2.3186712 0 0.55961023)
(2.3186712 0 0.58869755)
(2.3186712 0 0.61917532)
(2.3186712 0 0.65110998)
(2.3186712 0 0.68457118)
(2.3186712 0 0.7196319)
(2.3186712 0 0.75636859)
(2.3186712 0 0.79486138)
(2.3186712 0 0.83519419)
(2.3186712 0 0.877455)
(2.3186712 0 0.92173595)
(2.3186712 0 0.96813363)
(2.3186712 0 1.0167492)
(2.3186712 0 1.0676887)
(2.3186712 0 1.1210632)
(2.3186712 0 1.1769892)
(2.3186712 0 1.2355885)
(2.3186712 0 1.2969889)
(2.3186712 0 1.3613245)
(2.3186712 0 1.4287354)
(2.3186712 0 1.4993687)
(2.3186712 0 1.5733784)
(2.3186712 0 1.6509259)
(2.3186712 0 1.7321803)
(2.3186712 0 1.8173189)
(2.3186712 0 1.9065273)
(2.3186712 0 2)
(2.4178602 0 0.14952106)
(2.4178602 0 0.15900529)
(2.4178602 0 0.16894289)
(2.4178602 0 0.17935552)
(2.4178602 0 0.1902659)
(2.4178602 0 0.20169782)
(2.4178602 0 0.2136762)
(2.4178602 0 0.22622718)
(2.4178602 0 0.23937812)
(2.4178602 0 0.2531577)
(2.4178602 0 0.26759597)
(2.4178602 0 0.28272442)
(2.4178602 0 0.29857604)
(2.4178602 0 0.31518541)
(2.4178602 0 0.33258873)
(2.4178602 0 0.35082397)
(2.4178602 0 0.36993089)
(2.4178602 0 0.38995116)
(2.4178602 0 0.41092844)
(2.4178602 0 0.43290847)
(2.4178602 0 0.4559392)
(2.4178602 0 0.48007084)
(2.4178602 0 0.50535603)
(2.4178602 0 0.5318499)
(2.4178602 0 0.55961023)
(2.4178602 0 0.58869755)
(2.4178602 0 0.61917532)
(2.4178602 0 0.65110998)
(2.4178602 0 0.68457118)
(2.4178602 0 0.7196319)
(2.4178602 0 0.75636859)
(2.4178602 0 0.79486138)
(2.4178602 0 0.83519419)
(2.4178602 0 0.877455)
(2.4178602 0 0.92173595)
(2.4178602 0 0.96813363)
(2.4178602 0 1.0167492)
(2.4178602 0 1.0676887)
(2.4178602 0 1.1210632)
(2.4178602 0 1.1769892)
(2.4178602 0 1.2355885)
(2.4178602 0 1.2969889)
(2.4178602 0 1.3613245)
(2.4178602 0 1.4287354)
(2.4178602 0 1.4993687)
(2.4178602 0 1.5733784)
(2.4178602 0 1.6509259)
(2.4178602 0 1.7321803)
(2.4178602 0 1.8173189)
(2.4178602 0 1.9065273)
(2.4178602 0 2)
(2.5230817 0 0.14952106)
(2.5230817 0 0.15900529)
(2.5230817 0 0.16894289)
(2.5230817 0 0.17935552)
(2.5230817 0 0.1902659)
(2.5230817 0 0.20169782)
(2.5230817 0 0.2136762)
(2.5230817 0 0.22622718)
(2.5230817 0 0.23937812)
(2.5230817 0 0.2531577)
(2.5230817 0 0.26759597)
(2.5230817 0 0.28272442)
(2.5230817 0 0.29857604)
(2.5230817 0 0.31518541)
(2.5230817 0 0.33258873)
(2.5230817 0 0.35082397)
(2.5230817 0 0.36993089)
(2.5230817 0 0.38995116)
(2.5230817 0 0.41092844)
(2.5230817 0 0.43290847)
(2.5230817 0 0.4559392)
(2.5230817 0 0.48007084)
(2.5230817 0 0.50535603)
(2.5230817 0 0.5318499)
(2.5230817 0 0.55961023)
(2.5230817 0 0.58869755)
(2.5230817 0 0.61917532)
(2.5230817 0 0.65110998)
(2.5230817 0 0.68457118)
(2.5230817 0 0.7196319)
(2.5230817 0 0.75636859)
(2.5230817 0 0.79486138)
(2.5230817 0 0.83519419)
(2.5230817 0 0.877455)
(2.5230817 0 0.92173595)
(2.5230817 0 0.96813363)
(2.5230817 0 1.0167492)
(2.5230817 0 1.0676887)
(2.5230817 0 1.1210632)
(2.5230817 0 1.1769892)
(2.5230817 0 1.2355885)
(2.5230817 0 1.2969889)
(2.5230817 0 1.3613245)
(2.5230817 0 1.4287354)
(2.5230817 0 1.4993687)
(2.5230817 0 1.5733784)
(2.5230817 0 1.6509259)
(2.5230817 0 1.7321803)
(2.5230817 0 1.8173189)
(2.5230817 0 1.9065273)
(2.5230817 0 2)
(2.6347025 0 0.14952106)
(2.6347025 0 0.15900529)
(2.6347025 0 0.16894289)
(2.6347025 0 0.17935552)
(2.6347025 0 0.1902659)
(2.6347025 0 0.20169782)
(2.6347025 0 0.2136762)
(2.6347025 0 0.22622718)
(2.6347025 0 0.23937812)
(2.6347025 0 0.2531577)
(2.6347025 0 0.26759597)
(2.6347025 0 0.28272442)
(2.6347025 0 0.29857604)
(2.6347025 0 0.31518541)
(2.6347025 0 0.33258873)
(2.6347025 0 0.35082397)
(2.6347025 0 0.36993089)
(2.6347025 0 0.38995116)
(2.6347025 0 0.41092844)
(2.6347025 0 0.43290847)
(2.6347025 0 0.4559392)
(2.6347025 0 0.48007084)
(2.6347025 0 0.50535603)
(2.6347025 0 0.5318499)
(2.6347025 0 0.55961023)
(2.6347025 0 0.58869755)
(2.6347025 0 0.61917532)
(2.6347025 0 0.65110998)
(2.6347025 0 0.68457118)
(2.6347025 0 0.7196319)
(2.6347025 0 0.75636859)
(2.6347025 0 0.79486138)
(2.6347025 0 0.83519419)
(2.6347025 0 0.877455)
(2.6347025 0 0.92173595)
(2.6347025 0 0.96813363)
(2.6347025 0 1.0167492)
(2.6347025 0 1.0676887)
(2.6347025 0 1.1210632)
(2.6347025 0 1.1769892)
(2.6347025 0 1.2355885)
(2.6347025 0 1.2969889)
(2.6347025 0 1.3613245)
(2.6347025 0 1.4287354)
(2.6347025 0 1.4993687)
(2.6347025 0 1.5733784)
(2.6347025 0 1.6509259)
(2.6347025 0 1.7321803)
(2.6347025 0 1.8173189)
(2.6347025 0 1.9065273)
(2.6347025 0 2)
(2.753112 0 0.14952106)
(2.753112 0 0.15900529)
(2.753112 0 0.16894289)
(2.753112 0 0.17935552)
(2.753112 0 0.1902659)
(2.753112 0 0.20169782)
(2.753112 0 0.2136762)
(2.753112 0 0.22622718)
(2.753112 0 0.23937812)
(2.753112 0 0.2531577)
(2.753112 0 0.26759597)
(2.753112 0 0.28272442)
(2.753112 0 0.29857604)
(2.753112 0 0.31518541)
(2.753112 0 0.33258873)
(2.753112 0 0.35082397)
(2.753112 0 0.36993089)
(2.753112 0 0.38995116)
(2.753112 0 0.41092844)
(2.753112 0 0.43290847)
(2.753112 0 0.4559392)
(2.753112 0 0.48007084)
(2.753112 0 0.50535603)
(2.753112 0 0.5318499)
(2.753112 0 0.55961023)
(2.753112 0 0.58869755)
(2.753112 0 0.61917532)
(2.753112 0 0.65110998)
(2.753112 0 0.68457118)
(2.753112 0 0.7196319)
(2.753112 0 0.75636859)
(2.753112 0 0.79486138)
(2.753112 0 0.83519419)
(2.753112 0 0.877455)
(2.753112 0 0.92173595)
(2.753112 0 0.96813363)
(2.753112 0 1.0167492)
(2.753112 0 1.0676887)
(2.753112 0 1.1210632)
(2.753112 0 1.1769892)
(2.753112 0 1.2355885)
(2.753112 0 1.2969889)
(2.753112 0 1.3613245)
(2.753112 0 1.4287354)
(2.753112 0 1.4993687)
(2.753112 0 1.5733784)
(2.753112 0 1.6509259)
(2.753112 0 1.7321803)
(2.753112 0 1.8173189)
(2.753112 0 1.9065273)
(2.753112 0 2)
(2.8787229 0 0.14952106)
(2.8787229 0 0.15900529)
(2.8787229 0 0.16894289)
(2.8787229 0 0.17935552)
(2.8787229 0 0.1902659)
(2.8787229 0 0.20169782)
(2.8787229 0 0.2136762)
(2.8787229 0 0.22622718)
(2.8787229 0 0.23937812)
(2.8787229 0 0.2531577)
(2.8787229 0 0.26759597)
(2.8787229 0 0.28272442)
(2.8787229 0 0.29857604)
(2.8787229 0 0.31518541)
(2.8787229 0 0.33258873)
(2.8787229 0 0.35082397)
(2.8787229 0 0.36993089)
(2.8787229 0 0.38995116)
(2.8787229 0 0.41092844)
(2.8787229 0 0.43290847)
(2.8787229 0 0.4559392)
(2.8787229 0 0.48007084)
(2.8787229 0 0.50535603)
(2.8787229 0 0.5318499)
(2.8787229 0 0.55961023)
(2.8787229 0 0.58869755)
(2.8787229 0 0.61917532)
(2.8787229 0 0.65110998)
(2.8787229 0 0.68457118)
(2.8787229 0 0.7196319)
(2.8787229 0 0.75636859)
(2.8787229 0 0.79486138)
(2.8787229 0 0.83519419)
(2.8787229 0 0.877455)
(2.8787229 0 0.92173595)
(2.8787229 0 0.96813363)
(2.8787229 0 1.0167492)
(2.8787229 0 1.0676887)
(2.8787229 0 1.1210632)
(2.8787229 0 1.1769892)
(2.8787229 0 1.2355885)
(2.8787229 0 1.2969889)
(2.8787229 0 1.3613245)
(2.8787229 0 1.4287354)
(2.8787229 0 1.4993687)
(2.8787229 0 1.5733784)
(2.8787229 0 1.6509259)
(2.8787229 0 1.7321803)
(2.8787229 0 1.8173189)
(2.8787229 0 1.9065273)
(2.8787229 0 2)
(3.0119733 0 0.14952106)
(3.0119733 0 0.15900529)
(3.0119733 0 0.16894289)
(3.0119733 0 0.17935552)
(3.0119733 0 0.1902659)
(3.0119733 0 0.20169782)
(3.0119733 0 0.2136762)
(3.0119733 0 0.22622718)
(3.0119733 0 0.23937812)
(3.0119733 0 0.2531577)
(3.0119733 0 0.26759597)
(3.0119733 0 0.28272442)
(3.0119733 0 0.29857604)
(3.0119733 0 0.31518541)
(3.0119733 0 0.33258873)
(3.0119733 0 0.35082397)
(3.0119733 0 0.36993089)
(3.0119733 0 0.38995116)
(3.0119733 0 0.41092844)
(3.0119733 0 0.43290847)
(3.0119733 0 0.4559392)
(3.0119733 0 0.48007084)
(3.0119733 0 0.50535603)
(3.0119733 0 0.5318499)
(3.0119733 0 0.55961023)
(3.0119733 0 0.58869755)
(3.0119733 0 0.61917532)
(3.0119733 0 0.65110998)
(3.0119733 0 0.68457118)
(3.0119733 0 0.7196319)
(3.0119733 0 0.75636859)
(3.0119733 0 0.79486138)
(3.0119733 0 0.83519419)
(3.0119733 0 0.877455)
(3.0119733 0 0.92173595)
(3.0119733 0 0.96813363)
(3.0119733 0 1.0167492)
(3.0119733 0 1.0676887)
(3.0119733 0 1.1210632)
(3.0119733 0 1.1769892)
(3.0119733 0 1.2355885)
(3.0119733 0 1.2969889)
(3.0119733 0 1.3613245)
(3.0119733 0 1.4287354)
(3.0119733 0 1.4993687)
(3.0119733 0 1.5733784)
(3.0119733 0 1.6509259)
(3.0119733 0 1.7321803)
(3.0119733 0 1.8173189)
(3.0119733 0 1.9065273)
(3.0119733 0 2)
(3.1533278 0 0.14952106)
(3.1533278 0 0.15900529)
(3.1533278 0 0.16894289)
(3.1533278 0 0.17935552)
(3.1533278 0 0.1902659)
(3.1533278 0 0.20169782)
(3.1533278 0 0.2136762)
(3.1533278 0 0.22622718)
(3.1533278 0 0.23937812)
(3.1533278 0 0.2531577)
(3.1533278 0 0.26759597)
(3.1533278 0 0.28272442)
(3.1533278 0 0.29857604)
(3.1533278 0 0.31518541)
(3.1533278 0 0.33258873)
(3.1533278 0 0.35082397)
(3.1533278 0 0.36993089)
(3.1533278 0 0.38995116)
(3.1533278 0 0.41092844)
(3.1533278 0 0.43290847)
(3.1533278 0 0.4559392)
(3.1533278 0 0.48007084)
(3.1533278 0 0.50535603)
(3.1533278 0 0.5318499)
(3.1533278 0 0.55961023)
(3.1533278 0 0.58869755)
(3.1533278 0 0.61917532)
(3.1533278 0 0.65110998)
(3.1533278 0 0.68457118)
(3.1533278 0 0.7196319)
(3.1533278 0 0.75636859)
(3.1533278 0 0.79486138)
(3.1533278 0 0.83519419)
(3.1533278 0 0.877455)
(3.1533278 0 0.92173595)
(3.1533278 0 0.96813363)
(3.1533278 0 1.0167492)
(3.1533278 0 1.0676887)
(3.1533278 0 1.1210632)
(3.1533278 0 1.1769892)
(3.1533278 0 1.2355885)
(3.1533278 0 1.2969889)
(3.1533278 0 1.3613245)
(3.1533278 0 1.4287354)
(3.1533278 0 1.4993687)
(3.1533278 0 1.5733784)
(3.1533278 0 1.6509259)
(3.1533278 0 1.7321803)
(3.1533278 0 1.8173189)
(3.1533278 0 1.9065273)
(3.1533278 0 2)
(3.3032792 0 0.14952106)
(3.3032792 0 0.15900529)
(3.3032792 0 0.16894289)
(3.3032792 0 0.17935552)
(3.3032792 0 0.1902659)
(3.3032792 0 0.20169782)
(3.3032792 0 0.2136762)
(3.3032792 0 0.22622718)
(3.3032792 0 0.23937812)
(3.3032792 0 0.2531577)
(3.3032792 0 0.26759597)
(3.3032792 0 0.28272442)
(3.3032792 0 0.29857604)
(3.3032792 0 0.31518541)
(3.3032792 0 0.33258873)
(3.3032792 0 0.35082397)
(3.3032792 0 0.36993089)
(3.3032792 0 0.38995116)
(3.3032792 0 0.41092844)
(3.3032792 0 0.43290847)
(3.3032792 0 0.4559392)
(3.3032792 0 0.48007084)
(3.3032792 0 0.50535603)
(3.3032792 0 0.5318499)
(3.3032792 0 0.55961023)
(3.3032792 0 0.58869755)
(3.3032792 0 0.61917532)
(3.3032792 0 0.65110998)
(3.3032792 0 0.68457118)
(3.3032792 0 0.7196319)
(3.3032792 0 0.75636859)
(3.3032792 0 0.79486138)
(3.3032792 0 0.83519419)
(3.3032792 0 0.877455)
(3.3032792 0 0.92173595)
(3.3032792 0 0.96813363)
(3.3032792 0 1.0167492)
(3.3032792 0 1.0676887)
(3.3032792 0 1.1210632)
(3.3032792 0 1.1769892)
(3.3032792 0 1.2355885)
(3.3032792 0 1.2969889)
(3.3032792 0 1.3613245)
(3.3032792 0 1.4287354)
(3.3032792 0 1.4993687)
(3.3032792 0 1.5733784)
(3.3032792 0 1.6509259)
(3.3032792 0 1.7321803)
(3.3032792 0 1.8173189)
(3.3032792 0 1.9065273)
(3.3032792 0 2)
(3.4623504 0 0.14952106)
(3.4623504 0 0.15900529)
(3.4623504 0 0.16894289)
(3.4623504 0 0.17935552)
(3.4623504 0 0.1902659)
(3.4623504 0 0.20169782)
(3.4623504 0 0.2136762)
(3.4623504 0 0.22622718)
(3.4623504 0 0.23937812)
(3.4623504 0 0.2531577)
(3.4623504 0 0.26759597)
(3.4623504 0 0.28272442)
(3.4623504 0 0.29857604)
(3.4623504 0 0.31518541)
(3.4623504 0 0.33258873)
(3.4623504 0 0.35082397)
(3.4623504 0 0.36993089)
(3.4623504 0 0.38995116)
(3.4623504 0 0.41092844)
(3.4623504 0 0.43290847)
(3.4623504 0 0.4559392)
(3.4623504 0 0.48007084)
(3.4623504 0 0.50535603)
(3.4623504 0 0.5318499)
(3.4623504 0 0.55961023)
(3.4623504 0 0.58869755)
(3.4623504 0 0.61917532)
(3.4623504 0 0.65110998)
(3.4623504 0 0.68457118)
(3.4623504 0 0.7196319)
(3.4623504 0 0.75636859)
(3.4623504 0 0.79486138)
(3.4623504 0 0.83519419)
(3.4623504 0 0.877455)
(3.4623504 0 0.92173595)
(3.4623504 0 0.96813363)
(3.4623504 0 1.0167492)
(3.4623504 0 1.0676887)
(3.4623504 0 1.1210632)
(3.4623504 0 1.1769892)
(3.4623504 0 1.2355885)
(3.4623504 0 1.2969889)
(3.4623504 0 1.3613245)
(3.4623504 0 1.4287354)
(3.4623504 0 1.4993687)
(3.4623504 0 1.5733784)
(3.4623504 0 1.6509259)
(3.4623504 0 1.7321803)
(3.4623504 0 1.8173189)
(3.4623504 0 1.9065273)
(3.4623504 0 2)
(3.631096 0 0.14952106)
(3.631096 0 0.15900529)
(3.631096 0 0.16894289)
(3.631096 0 0.17935552)
(3.631096 0 0.1902659)
(3.631096 0 0.20169782)
(3.631096 0 0.2136762)
(3.631096 0 0.22622718)
(3.631096 0 0.23937812)
(3.631096 0 0.2531577)
(3.631096 0 0.26759597)
(3.631096 0 0.28272442)
(3.631096 0 0.29857604)
(3.631096 0 0.31518541)
(3.631096 0 0.33258873)
(3.631096 0 0.35082397)
(3.631096 0 0.36993089)
(3.631096 0 0.38995116)
(3.631096 0 0.41092844)
(3.631096 0 0.43290847)
(3.631096 0 0.4559392)
(3.631096 0 0.48007084)
(3.631096 0 0.50535603)
(3.631096 0 0.5318499)
(3.631096 0 0.55961023)
(3.631096 0 0.58869755)
(3.631096 0 0.61917532)
(3.631096 0 0.65110998)
(3.631096 0 0.68457118)
(3.631096 0 0.7196319)
(3.631096 0 0.75636859)
(3.631096 0 0.79486138)
(3.631096 0 0.83519419)
(3.631096 0 0.877455)
(3.631096 0 0.92173595)
(3.631096 0 0.96813363)
(3.631096 0 1.0167492)
(3.631096 0 1.0676887)
(3.631096 0 1.1210632)
(3.631096 0 1.1769892)
(3.631096 0 1.2355885)
(3.631096 0 1.2969889)
(3.631096 0 1.3613245)
(3.631096 0 1.4287354)
(3.631096 0 1.4993687)
(3.631096 0 1.5733784)
(3.631096 0 1.6509259)
(3.631096 0 1.7321803)
(3.631096 0 1.8173189)
(3.631096 0 1.9065273)
(3.631096 0 2)
(3.8101045 0 0.14952106)
(3.8101045 0 0.15900529)
(3.8101045 0 0.16894289)
(3.8101045 0 0.17935552)
(3.8101045 0 0.1902659)
(3.8101045 0 0.20169782)
(3.8101045 0 0.2136762)
(3.8101045 0 0.22622718)
(3.8101045 0 0.23937812)
(3.8101045 0 0.2531577)
(3.8101045 0 0.26759597)
(3.8101045 0 0.28272442)
(3.8101045 0 0.29857604)
(3.8101045 0 0.31518541)
(3.8101045 0 0.33258873)
(3.8101045 0 0.35082397)
(3.8101045 0 0.36993089)
(3.8101045 0 0.38995116)
(3.8101045 0 0.41092844)
(3.8101045 0 0.43290847)
(3.8101045 0 0.4559392)
(3.8101045 0 0.48007084)
(3.8101045 0 0.50535603)
(3.8101045 0 0.5318499)
(3.8101045 0 0.55961023)
(3.8101045 0 0.58869755)
(3.8101045 0 0.61917532)
(3.8101045 0 0.65110998)
(3.8101045 0 0.68457118)
(3.8101045 0 0.7196319)
(3.8101045 0 0.75636859)
(3.8101045 0 0.79486138)
(3.8101045 0 0.83519419)
(3.8101045 0 0.877455)
(3.8101045 0 0.92173595)
(3.8101045 0 0.96813363)
(3.8101045 0 1.0167492)
(3.8101045 0 1.0676887)
(3.8101045 0 1.1210632)
(3.8101045 0 1.1769892)
(3.8101045 0 1.2355885)
(3.8101045 0 1.2969889)
(3.8101045 0 1.3613245)
(3.8101045 0 1.4287354)
(3.8101045 0 1.4993687)
(3.8101045 0 1.5733784)
(3.8101045 0 1.6509259)
(3.8101045 0 1.7321803)
(3.8101045 0 1.8173189)
(3.8101045 0 1.9065273)
(3.8101045 0 2)
(4 0 0.14952106)
(4 0 0.15900529)
(4 0 0.16894289)
(4 0 0.17935552)
(4 0 0.1902659)
(4 0 0.20169782)
(4 0 0.2136762)
(4 0 0.22622718)
(4 0 0.23937812)
(4 0 0.2531577)
(4 0 0.26759597)
(4 0 0.28272442)
(4 0 0.29857604)
(4 0 0.31518541)
(4 0 0.33258873)
(4 0 0.35082397)
(4 0 0.36993089)
(4 0 0.38995116)
(4 0 0.41092844)
(4 0 0.43290847)
(4 0 0.4559392)
(4 0 0.48007084)
(4 0 0.50535603)
(4 0 0.5318499)
(4 0 0.55961023)
(4 0 0.58869755)
(4 0 0.61917532)
(4 0 0.65110998)
(4 0 0.68457118)
(4 0 0.7196319)
(4 0 0.75636859)
(4 0 0.79486138)
(4 0 0.83519419)
(4 0 0.877455)
(4 0 0.92173595)
(4 0 0.96813363)
(4 0 1.0167492)
(4 0 1.0676887)
(4 0 1.1210632)
(4 0 1.1769892)
(4 0 1.2355885)
(4 0 1.2969889)
(4 0 1.3613245)
(4 0 1.4287354)
(4 0 1.4993687)
(4 0 1.5733784)
(4 0 1.6509259)
(4 0 1.7321803)
(4 0 1.8173189)
(4 0 1.9065273)
(4 0 2)
(1.1885014 -0.1 0.14952106)
(1.1885014 -0.1 0.15900529)
(1.1885014 -0.1 0.16894289)
(1.1885014 -0.1 0.17935552)
(1.1885014 -0.1 0.1902659)
(1.1885014 -0.1 0.20169782)
(1.1885014 -0.1 0.2136762)
(1.1885014 -0.1 0.22622718)
(1.1885014 -0.1 0.23937812)
(1.1885014 -0.1 0.2531577)
(1.1885014 -0.1 0.26759597)
(1.1885014 -0.1 0.28272442)
(1.1885014 -0.1 0.29857604)
(1.1885014 -0.1 0.31518541)
(1.1885014 -0.1 0.33258873)
(1.1885014 -0.1 0.35082397)
(1.1885014 -0.1 0.36993089)
(1.1885014 -0.1 0.38995116)
(1.1885014 -0.1 0.41092844)
(1.1885014 -0.1 0.43290847)
(1.1885014 -0.1 0.4559392)
(1.1885014 -0.1 0.48007084)
(1.1885014 -0.1 0.50535603)
(1.1885014 -0.1 0.5318499)
(1.1885014 -0.1 0.55961023)
(1.1885014 -0.1 0.58869755)
(1.1885014 -0.1 0.61917532)
(1.1885014 -0.1 0.65110998)
(1.1885014 -0.1 0.68457118)
(1.1885014 -0.1 0.7196319)
(1.1885014 -0.1 0.75636859)
(1.1885014 -0.1 0.79486138)
(1.1885014 -0.1 0.83519419)
(1.1885014 -0.1 0.877455)
(1.1885014 -0.1 0.92173595)
(1.1885014 -0.1 0.96813363)
(1.1885014 -0.1 1.0167492)
(1.1885014 -0.1 1.0676887)
(1.1885014 -0.1 1.1210632)
(1.1885014 -0.1 1.1769892)
(1.1885014 -0.1 1.2355885)
(1.1885014 -0.1 1.2969889)
(1.1885014 -0.1 1.3613245)
(1.1885014 -0.1 1.4287354)
(1.1885014 -0.1 1.4993687)
(1.1885014 -0.1 1.5733784)
(1.1885014 -0.1 1.6509259)
(1.1885014 -0.1 1.7321803)
(1.1885014 -0.1 1.8173189)
(1.1885014 -0.1 1.9065273)
(1.1885014 -0.1 2)
(1.2189553 -0.1 0.14952106)
(1.2189553 -0.1 0.15900529)
(1.2189553 -0.1 0.16894289)
(1.2189553 -0.1 0.17935552)
(1.2189553 -0.1 0.1902659)
(1.2189553 -0.1 0.20169782)
(1.2189553 -0.1 0.2136762)
(1.2189553 -0.1 0.22622718)
(1.2189553 -0.1 0.23937812)
(1.2189553 -0.1 0.2531577)
(1.2189553 -0.1 0.26759597)
(1.2189553 -0.1 0.28272442)
(1.2189553 -0.1 0.29857604)
(1.2189553 -0.1 0.31518541)
(1.2189553 -0.1 0.33258873)
(1.2189553 -0.1 0.35082397)
(1.2189553 -0.1 0.36993089)
(1.2189553 -0.1 0.38995116)
(1.2189553 -0.1 0.41092844)
(1.2189553 -0.1 0.43290847)
(1.2189553 -0.1 0.4559392)
(1.2189553 -0.1 0.48007084)
(1.2189553 -0.1 0.50535603)
(1.2189553 -0.1 0.5318499)
(1.2189553 -0.1 0.55961023)
(1.2189553 -0.1 0.58869755)
(1.2189553 -0.1 0.61917532)
(1.2189553 -0.1 0.65110998)
(1.2189553 -0.1 0.68457118)
(1.2189553 -0.1 0.7196319)
(1.2189553 -0.1 0.75636859)
(1.2189553 -0.1 0.79486138)
(1.2189553 -0.1 0.83519419)
(1.2189553 -0.1 0.877455)
(1.2189553 -0.1 0.92173595)
(1.2189553 -0.1 0.96813363)
(1.2189553 -0.1 1.0167492)
(1.2189553 -0.1 1.0676887)
(1.2189553 -0.1 1.1210632)
(1.2189553 -0.1 1.1769892)
(1.2189553 -0.1 1.2355885)
(1.2189553 -0.1 1.2969889)
(1.2189553 -0.1 1.3613245)
(1.2189553 -0.1 1.4287354)
(1.2189553 -0.1 1.4993687)
(1.2189553 -0.1 1.5733784)
(1.2189553 -0.1 1.6509259)
(1.2189553 -0.1 1.7321803)
(1.2189553 -0.1 1.8173189)
(1.2189553 -0.1 1.9065273)
(1.2189553 -0.1 2)
(1.2512614 -0.1 0.14952106)
(1.2512614 -0.1 0.15900529)
(1.2512614 -0.1 0.16894289)
(1.2512614 -0.1 0.17935552)
(1.2512614 -0.1 0.1902659)
(1.2512614 -0.1 0.20169782)
(1.2512614 -0.1 0.2136762)
(1.2512614 -0.1 0.22622718)
(1.2512614 -0.1 0.23937812)
(1.2512614 -0.1 0.2531577)
(1.2512614 -0.1 0.26759597)
(1.2512614 -0.1 0.28272442)
(1.2512614 -0.1 0.29857604)
(1.2512614 -0.1 0.31518541)
(1.2512614 -0.1 0.33258873)
(1.2512614 -0.1 0.35082397)
(1.2512614 -0.1 0.36993089)
(1.2512614 -0.1 0.38995116)
(1.2512614 -0.1 0.41092844)
(1.2512614 -0.1 0.43290847)
(1.2512614 -0.1 0.4559392)
(1.2512614 -0.1 0.48007084)
(1.2512614 -0.1 0.50535603)
(1.2512614 -0.1 0.5318499)
(1.2512614 -0.1 0.55961023)
(1.2512614 -0.1 0.58869755)
(1.2512614 -0.1 0.61917532)
(1.2512614 -0.1 0.65110998)
(1.2512614 -0.1 0.68457118)
(1.2512614 -0.1 0.7196319)
(1.2512614 -0.1 0.75636859)
(1.2512614 -0.1 0.79486138)
(1.2512614 -0.1 0.83519419)
(1.2512614 -0.1 0.877455)
(1.2512614 -0.1 0.92173595)
(1.2512614 -0.1 0.96813363)
(1.2512614 -0.1 1.0167492)
(1.2512614 -0.1 1.0676887)
(1.2512614 -0.1 1.1210632)
(1.2512614 -0.1 1.1769892)
(1.2512614 -0.1 1.2355885)
(1.2512614 -0.1 1.2969889)
(1.2512614 -0.1 1.3613245)
(1.2512614 -0.1 1.4287354)
(1.2512614 -0.1 1.4993687)
(1.2512614 -0.1 1.5733784)
(1.2512614 -0.1 1.6509259)
(1.2512614 -0.1 1.7321803)
(1.2512614 -0.1 1.8173189)
(1.2512614 -0.1 1.9065273)
(1.2512614 -0.1 2)
(1.2855322 -0.1 0.14952106)
(1.2855322 -0.1 0.15900529)
(1.2855322 -0.1 0.16894289)
(1.2855322 -0.1 0.17935552)
(1.2855322 -0.1 0.1902659)
(1.2855322 -0.1 0.20169782)
(1.2855322 -0.1 0.2136762)
(1.2855322 -0.1 0.22622718)
(1.2855322 -0.1 0.23937812)
(1.2855322 -0.1 0.2531577)
(1.2855322 -0.1 0.26759597)
(1.2855322 -0.1 0.28272442)
(1.2855322 -0.1 0.29857604)
(1.2855322 -0.1 0.31518541)
(1.2855322 -0.1 0.33258873)
(1.2855322 -0.1 0.35082397)
(1.2855322 -0.1 0.36993089)
(1.2855322 -0.1 0.38995116)
(1.2855322 -0.1 0.41092844)
(1.2855322 -0.1 0.43290847)
(1.2855322 -0.1 0.4559392)
(1.2855322 -0.1 0.48007084)
(1.2855322 -0.1 0.50535603)
(1.2855322 -0.1 0.5318499)
(1.2855322 -0.1 0.55961023)
(1.2855322 -0.1 0.58869755)
(1.2855322 -0.1 0.61917532)
(1.2855322 -0.1 0.65110998)
(1.2855322 -0.1 0.68457118)
(1.2855322 -0.1 0.7196319)
(1.2855322 -0.1 0.75636859)
(1.2855322 -0.1 0.79486138)
(1.2855322 -0.1 0.83519419)
(1.2855322 -0.1 0.877455)
(1.2855322 -0.1 0.92173595)
(1.2855322 -0.1 0.96813363)
(1.2855322 -0.1 1.0167492)
(1.2855322 -0.1 1.0676887)
(1.2855322 -0.1 1.1210632)
(1.2855322 -0.1 1.1769892)
(1.2855322 -0.1 1.2355885)
(1.2855322 -0.1 1.2969889)
(1.2855322 -0.1 1.3613245)
(1.2855322 -0.1 1.4287354)
(1.2855322 -0.1 1.4993687)
(1.2855322 -0.1 1.5733784)
(1.2855322 -0.1 1.6509259)
(1.2855322 -0.1 1.7321803)
(1.2855322 -0.1 1.8173189)
(1.2855322 -0.1 1.9065273)
(1.2855322 -0.1 2)
(1.3218874 -0.1 0.14952106)
(1.3218874 -0.1 0.15900529)
(1.3218874 -0.1 0.16894289)
(1.3218874 -0.1 0.17935552)
(1.3218874 -0.1 0.1902659)
(1.3218874 -0.1 0.20169782)
(1.3218874 -0.1 0.2136762)
(1.3218874 -0.1 0.22622718)
(1.3218874 -0.1 0.23937812)
(1.3218874 -0.1 0.2531577)
(1.3218874 -0.1 0.26759597)
(1.3218874 -0.1 0.28272442)
(1.3218874 -0.1 0.29857604)
(1.3218874 -0.1 0.31518541)
(1.3218874 -0.1 0.33258873)
(1.3218874 -0.1 0.35082397)
(1.3218874 -0.1 0.36993089)
(1.3218874 -0.1 0.38995116)
(1.3218874 -0.1 0.41092844)
(1.3218874 -0.1 0.43290847)
(1.3218874 -0.1 0.4559392)
(1.3218874 -0.1 0.48007084)
(1.3218874 -0.1 0.50535603)
(1.3218874 -0.1 0.5318499)
(1.3218874 -0.1 0.55961023)
(1.3218874 -0.1 0.58869755)
(1.3218874 -0.1 0.61917532)
(1.3218874 -0.1 0.65110998)
(1.3218874 -0.1 0.68457118)
(1.3218874 -0.1 0.7196319)
(1.3218874 -0.1 0.75636859)
(1.3218874 -0.1 0.79486138)
(1.3218874 -0.1 0.83519419)
(1.3218874 -0.1 0.877455)
(1.3218874 -0.1 0.92173595)
(1.3218874 -0.1 0.96813363)
(1.3218874 -0.1 1.0167492)
(1.3218874 -0.1 1.0676887)
(1.3218874 -0.1 1.1210632)
(1.3218874 -0.1 1.1769892)
(1.3218874 -0.1 1.2355885)
(1.3218874 -0.1 1.2969889)
(1.3218874 -0.1 1.3613245)
(1.3218874 -0.1 1.4287354)
(1.3218874 -0.1 1.4993687)
(1.3218874 -0.1 1.5733784)
(1.3218874 -0.1 1.6509259)
(1.3218874 -0.1 1.7321803)
(1.3218874 -0.1 1.8173189)
(1.3218874 -0.1 1.9065273)
(1.3218874 -0.1 2)
(1.3604536 -0.1 0.14952106)
(1.3604536 -0.1 0.15900529)
(1.3604536 -0.1 0.16894289)
(1.3604536 -0.1 0.17935552)
(1.3604536 -0.1 0.1902659)
(1.3604536 -0.1 0.20169782)
(1.3604536 -0.1 0.2136762)
(1.3604536 -0.1 0.22622718)
(1.3604536 -0.1 0.23937812)
(1.3604536 -0.1 0.2531577)
(1.3604536 -0.1 0.26759597)
(1.3604536 -0.1 0.28272442)
(1.3604536 -0.1 0.29857604)
(1.3604536 -0.1 0.31518541)
(1.3604536 -0.1 0.33258873)
(1.3604536 -0.1 0.35082397)
(1.3604536 -0.1 0.36993089)
(1.3604536 -0.1 0.38995116)
(1.3604536 -0.1 0.41092844)
(1.3604536 -0.1 0.43290847)
(1.3604536 -0.1 0.4559392)
(1.3604536 -0.1 0.48007084)
(1.3604536 -0.1 0.50535603)
(1.3604536 -0.1 0.5318499)
(1.3604536 -0.1 0.55961023)
(1.3604536 -0.1 0.58869755)
(1.3604536 -0.1 0.61917532)
(1.3604536 -0.1 0.65110998)
(1.3604536 -0.1 0.68457118)
(1.3604536 -0.1 0.7196319)
(1.3604536 -0.1 0.75636859)
(1.3604536 -0.1 0.79486138)
(1.3604536 -0.1 0.83519419)
(1.3604536 -0.1 0.877455)
(1.3604536 -0.1 0.92173595)
(1.3604536 -0.1 0.96813363)
(1.3604536 -0.1 1.0167492)
(1.3604536 -0.1 1.0676887)
(1.3604536 -0.1 1.1210632)
(1.3604536 -0.1 1.1769892)
(1.3604536 -0.1 1.2355885)
(1.3604536 -0.1 1.2969889)
(1.3604536 -0.1 1.3613245)
(1.3604536 -0.1 1.4287354)
(1.3604536 -0.1 1.4993687)
(1.3604536 -0.1 1.5733784)
(1.3604536 -0.1 1.6509259)
(1.3604536 -0.1 1.7321803)
(1.3604536 -0.1 1.8173189)
(1.3604536 -0.1 1.9065273)
(1.3604536 -0.1 2)
(1.4013653 -0.1 0.14952106)
(1.4013653 -0.1 0.15900529)
(1.4013653 -0.1 0.16894289)
(1.4013653 -0.1 0.17935552)
(1.4013653 -0.1 0.1902659)
(1.4013653 -0.1 0.20169782)
(1.4013653 -0.1 0.2136762)
(1.4013653 -0.1 0.22622718)
(1.4013653 -0.1 0.23937812)
(1.4013653 -0.1 0.2531577)
(1.4013653 -0.1 0.26759597)
(1.4013653 -0.1 0.28272442)
(1.4013653 -0.1 0.29857604)
(1.4013653 -0.1 0.31518541)
(1.4013653 -0.1 0.33258873)
(1.4013653 -0.1 0.35082397)
(1.4013653 -0.1 0.36993089)
(1.4013653 -0.1 0.38995116)
(1.4013653 -0.1 0.41092844)
(1.4013653 -0.1 0.43290847)
(1.4013653 -0.1 0.4559392)
(1.4013653 -0.1 0.48007084)
(1.4013653 -0.1 0.50535603)
(1.4013653 -0.1 0.5318499)
(1.4013653 -0.1 0.55961023)
(1.4013653 -0.1 0.58869755)
(1.4013653 -0.1 0.61917532)
(1.4013653 -0.1 0.65110998)
(1.4013653 -0.1 0.68457118)
(1.4013653 -0.1 0.7196319)
(1.4013653 -0.1 0.75636859)
(1.4013653 -0.1 0.79486138)
(1.4013653 -0.1 0.83519419)
(1.4013653 -0.1 0.877455)
(1.4013653 -0.1 0.92173595)
(1.4013653 -0.1 0.96813363)
(1.4013653 -0.1 1.0167492)
(1.4013653 -0.1 1.0676887)
(1.4013653 -0.1 1.1210632)
(1.4013653 -0.1 1.1769892)
(1.4013653 -0.1 1.2355885)
(1.4013653 -0.1 1.2969889)
(1.4013653 -0.1 1.3613245)
(1.4013653 -0.1 1.4287354)
(1.4013653 -0.1 1.4993687)
(1.4013653 -0.1 1.5733784)
(1.4013653 -0.1 1.6509259)
(1.4013653 -0.1 1.7321803)
(1.4013653 -0.1 1.8173189)
(1.4013653 -0.1 1.9065273)
(1.4013653 -0.1 2)
(1.4447652 -0.1 0.14952106)
(1.4447652 -0.1 0.15900529)
(1.4447652 -0.1 0.16894289)
(1.4447652 -0.1 0.17935552)
(1.4447652 -0.1 0.1902659)
(1.4447652 -0.1 0.20169782)
(1.4447652 -0.1 0.2136762)
(1.4447652 -0.1 0.22622718)
(1.4447652 -0.1 0.23937812)
(1.4447652 -0.1 0.2531577)
(1.4447652 -0.1 0.26759597)
(1.4447652 -0.1 0.28272442)
(1.4447652 -0.1 0.29857604)
(1.4447652 -0.1 0.31518541)
(1.4447652 -0.1 0.33258873)
(1.4447652 -0.1 0.35082397)
(1.4447652 -0.1 0.36993089)
(1.4447652 -0.1 0.38995116)
(1.4447652 -0.1 0.41092844)
(1.4447652 -0.1 0.43290847)
(1.4447652 -0.1 0.4559392)
(1.4447652 -0.1 0.48007084)
(1.4447652 -0.1 0.50535603)
(1.4447652 -0.1 0.5318499)
(1.4447652 -0.1 0.55961023)
(1.4447652 -0.1 0.58869755)
(1.4447652 -0.1 0.61917532)
(1.4447652 -0.1 0.65110998)
(1.4447652 -0.1 0.68457118)
(1.4447652 -0.1 0.7196319)
(1.4447652 -0.1 0.75636859)
(1.4447652 -0.1 0.79486138)
(1.4447652 -0.1 0.83519419)
(1.4447652 -0.1 0.877455)
(1.4447652 -0.1 0.92173595)
(1.4447652 -0.1 0.96813363)
(1.4447652 -0.1 1.0167492)
(1.4447652 -0.1 1.0676887)
(1.4447652 -0.1 1.1210632)
(1.4447652 -0.1 1.1769892)
(1.4447652 -0.1 1.2355885)
(1.4447652 -0.1 1.2969889)
(1.4447652 -0.1 1.3613245)
(1.4447652 -0.1 1.4287354)
(1.4447652 -0.1 1.4993687)
(1.4447652 -0.1 1.5733784)
(1.4447652 -0.1 1.6509259)
(1.4447652 -0.1 1.7321803)
(1.4447652 -0.1 1.8173189)
(1.4447652 -0.1 1.9065273)
(1.4447652 -0.1 2)
(1.4908047 -0.1 0.14952106)
(1.4908047 -0.1 0.15900529)
(1.4908047 -0.1 0.16894289)
(1.4908047 -0.1 0.17935552)
(1.4908047 -0.1 0.1902659)
(1.4908047 -0.1 0.20169782)
(1.4908047 -0.1 0.2136762)
(1.4908047 -0.1 0.22622718)
(1.4908047 -0.1 0.23937812)
(1.4908047 -0.1 0.2531577)
(1.4908047 -0.1 0.26759597)
(1.4908047 -0.1 0.28272442)
(1.4908047 -0.1 0.29857604)
(1.4908047 -0.1 0.31518541)
(1.4908047 -0.1 0.33258873)
(1.4908047 -0.1 0.35082397)
(1.4908047 -0.1 0.36993089)
(1.4908047 -0.1 0.38995116)
(1.4908047 -0.1 0.41092844)
(1.4908047 -0.1 0.43290847)
(1.4908047 -0.1 0.4559392)
(1.4908047 -0.1 0.48007084)
(1.4908047 -0.1 0.50535603)
(1.4908047 -0.1 0.5318499)
(1.4908047 -0.1 0.55961023)
(1.4908047 -0.1 0.58869755)
(1.4908047 -0.1 0.61917532)
(1.4908047 -0.1 0.65110998)
(1.4908047 -0.1 0.68457118)
(1.4908047 -0.1 0.7196319)
(1.4908047 -0.1 0.75636859)
(1.4908047 -0.1 0.79486138)
(1.4908047 -0.1 0.83519419)
(1.4908047 -0.1 0.877455)
(1.4908047 -0.1 0.92173595)
(1.4908047 -0.1 0.96813363)
(1.4908047 -0.1 1.0167492)
(1.4908047 -0.1 1.0676887)
(1.4908047 -0.1 1.1210632)
(1.4908047 -0.1 1.1769892)
(1.4908047 -0.1 1.2355885)
(1.4908047 -0.1 1.2969889)
(1.4908047 -0.1 1.3613245)
(1.4908047 -0.1 1.4287354)
(1.4908047 -0.1 1.4993687)
(1.4908047 -0.1 1.5733784)
(1.4908047 -0.1 1.6509259)
(1.4908047 -0.1 1.7321803)
(1.4908047 -0.1 1.8173189)
(1.4908047 -0.1 1.9065273)
(1.4908047 -0.1 2)
(1.5396442 -0.1 0.14952106)
(1.5396442 -0.1 0.15900529)
(1.5396442 -0.1 0.16894289)
(1.5396442 -0.1 0.17935552)
(1.5396442 -0.1 0.1902659)
(1.5396442 -0.1 0.20169782)
(1.5396442 -0.1 0.2136762)
(1.5396442 -0.1 0.22622718)
(1.5396442 -0.1 0.23937812)
(1.5396442 -0.1 0.2531577)
(1.5396442 -0.1 0.26759597)
(1.5396442 -0.1 0.28272442)
(1.5396442 -0.1 0.29857604)
(1.5396442 -0.1 0.31518541)
(1.5396442 -0.1 0.33258873)
(1.5396442 -0.1 0.35082397)
(1.5396442 -0.1 0.36993089)
(1.5396442 -0.1 0.38995116)
(1.5396442 -0.1 0.41092844)
(1.5396442 -0.1 0.43290847)
(1.5396442 -0.1 0.4559392)
(1.5396442 -0.1 0.48007084)
(1.5396442 -0.1 0.50535603)
(1.5396442 -0.1 0.5318499)
(1.5396442 -0.1 0.55961023)
(1.5396442 -0.1 0.58869755)
(1.5396442 -0.1 0.61917532)
(1.5396442 -0.1 0.65110998)
(1.5396442 -0.1 0.68457118)
(1.5396442 -0.1 0.7196319)
(1.5396442 -0.1 0.75636859)
(1.5396442 -0.1 0.79486138)
(1.5396442 -0.1 0.83519419)
(1.5396442 -0.1 0.877455)
(1.5396442 -0.1 0.92173595)
(1.5396442 -0.1 0.96813363)
(1.5396442 -0.1 1.0167492)
(1.5396442 -0.1 1.0676887)
(1.5396442 -0.1 1.1210632)
(1.5396442 -0.1 1.1769892)
(1.5396442 -0.1 1.2355885)
(1.5396442 -0.1 1.2969889)
(1.5396442 -0.1 1.3613245)
(1.5396442 -0.1 1.4287354)
(1.5396442 -0.1 1.4993687)
(1.5396442 -0.1 1.5733784)
(1.5396442 -0.1 1.6509259)
(1.5396442 -0.1 1.7321803)
(1.5396442 -0.1 1.8173189)
(1.5396442 -0.1 1.9065273)
(1.5396442 -0.1 2)
(1.591454 -0.1 0.14952106)
(1.591454 -0.1 0.15900529)
(1.591454 -0.1 0.16894289)
(1.591454 -0.1 0.17935552)
(1.591454 -0.1 0.1902659)
(1.591454 -0.1 0.20169782)
(1.591454 -0.1 0.2136762)
(1.591454 -0.1 0.22622718)
(1.591454 -0.1 0.23937812)
(1.591454 -0.1 0.2531577)
(1.591454 -0.1 0.26759597)
(1.591454 -0.1 0.28272442)
(1.591454 -0.1 0.29857604)
(1.591454 -0.1 0.31518541)
(1.591454 -0.1 0.33258873)
(1.591454 -0.1 0.35082397)
(1.591454 -0.1 0.36993089)
(1.591454 -0.1 0.38995116)
(1.591454 -0.1 0.41092844)
(1.591454 -0.1 0.43290847)
(1.591454 -0.1 0.4559392)
(1.591454 -0.1 0.48007084)
(1.591454 -0.1 0.50535603)
(1.591454 -0.1 0.5318499)
(1.591454 -0.1 0.55961023)
(1.591454 -0.1 0.58869755)
(1.591454 -0.1 0.61917532)
(1.591454 -0.1 0.65110998)
(1.591454 -0.1 0.68457118)
(1.591454 -0.1 0.7196319)
(1.591454 -0.1 0.75636859)
(1.591454 -0.1 0.79486138)
(1.591454 -0.1 0.83519419)
(1.591454 -0.1 0.877455)
(1.591454 -0.1 0.92173595)
(1.591454 -0.1 0.96813363)
(1.591454 -0.1 1.0167492)
(1.591454 -0.1 1.0676887)
(1.591454 -0.1 1.1210632)
(1.591454 -0.1 1.1769892)
(1.591454 -0.1 1.2355885)
(1.591454 -0.1 1.2969889)
(1.591454 -0.1 1.3613245)
(1.591454 -0.1 1.4287354)
(1.591454 -0.1 1.4993687)
(1.591454 -0.1 1.5733784)
(1.591454 -0.1 1.6509259)
(1.591454 -0.1 1.7321803)
(1.591454 -0.1 1.8173189)
(1.591454 -0.1 1.9065273)
(1.591454 -0.1 2)
(1.6464148 -0.1 0.14952106)
(1.6464148 -0.1 0.15900529)
(1.6464148 -0.1 0.16894289)
(1.6464148 -0.1 0.17935552)
(1.6464148 -0.1 0.1902659)
(1.6464148 -0.1 0.20169782)
(1.6464148 -0.1 0.2136762)
(1.6464148 -0.1 0.22622718)
(1.6464148 -0.1 0.23937812)
(1.6464148 -0.1 0.2531577)
(1.6464148 -0.1 0.26759597)
(1.6464148 -0.1 0.28272442)
(1.6464148 -0.1 0.29857604)
(1.6464148 -0.1 0.31518541)
(1.6464148 -0.1 0.33258873)
(1.6464148 -0.1 0.35082397)
(1.6464148 -0.1 0.36993089)
(1.6464148 -0.1 0.38995116)
(1.6464148 -0.1 0.41092844)
(1.6464148 -0.1 0.43290847)
(1.6464148 -0.1 0.4559392)
(1.6464148 -0.1 0.48007084)
(1.6464148 -0.1 0.50535603)
(1.6464148 -0.1 0.5318499)
(1.6464148 -0.1 0.55961023)
(1.6464148 -0.1 0.58869755)
(1.6464148 -0.1 0.61917532)
(1.6464148 -0.1 0.65110998)
(1.6464148 -0.1 0.68457118)
(1.6464148 -0.1 0.7196319)
(1.6464148 -0.1 0.75636859)
(1.6464148 -0.1 0.79486138)
(1.6464148 -0.1 0.83519419)
(1.6464148 -0.1 0.877455)
(1.6464148 -0.1 0.92173595)
(1.6464148 -0.1 0.96813363)
(1.6464148 -0.1 1.0167492)
(1.6464148 -0.1 1.0676887)
(1.6464148 -0.1 1.1210632)
(1.6464148 -0.1 1.1769892)
(1.6464148 -0.1 1.2355885)
(1.6464148 -0.1 1.2969889)
(1.6464148 -0.1 1.3613245)
(1.6464148 -0.1 1.4287354)
(1.6464148 -0.1 1.4993687)
(1.6464148 -0.1 1.5733784)
(1.6464148 -0.1 1.6509259)
(1.6464148 -0.1 1.7321803)
(1.6464148 -0.1 1.8173189)
(1.6464148 -0.1 1.9065273)
(1.6464148 -0.1 2)
(1.7047182 -0.1 0.14952106)
(1.7047182 -0.1 0.15900529)
(1.7047182 -0.1 0.16894289)
(1.7047182 -0.1 0.17935552)
(1.7047182 -0.1 0.1902659)
(1.7047182 -0.1 0.20169782)
(1.7047182 -0.1 0.2136762)
(1.7047182 -0.1 0.22622718)
(1.7047182 -0.1 0.23937812)
(1.7047182 -0.1 0.2531577)
(1.7047182 -0.1 0.26759597)
(1.7047182 -0.1 0.28272442)
(1.7047182 -0.1 0.29857604)
(1.7047182 -0.1 0.31518541)
(1.7047182 -0.1 0.33258873)
(1.7047182 -0.1 0.35082397)
(1.7047182 -0.1 0.36993089)
(1.7047182 -0.1 0.38995116)
(1.7047182 -0.1 0.41092844)
(1.7047182 -0.1 0.43290847)
(1.7047182 -0.1 0.4559392)
(1.7047182 -0.1 0.48007084)
(1.7047182 -0.1 0.50535603)
(1.7047182 -0.1 0.5318499)
(1.7047182 -0.1 0.55961023)
(1.7047182 -0.1 0.58869755)
(1.7047182 -0.1 0.61917532)
(1.7047182 -0.1 0.65110998)
(1.7047182 -0.1 0.68457118)
(1.7047182 -0.1 0.7196319)
(1.7047182 -0.1 0.75636859)
(1.7047182 -0.1 0.79486138)
(1.7047182 -0.1 0.83519419)
(1.7047182 -0.1 0.877455)
(1.7047182 -0.1 0.92173595)
(1.7047182 -0.1 0.96813363)
(1.7047182 -0.1 1.0167492)
(1.7047182 -0.1 1.0676887)
(1.7047182 -0.1 1.1210632)
(1.7047182 -0.1 1.1769892)
(1.7047182 -0.1 1.2355885)
(1.7047182 -0.1 1.2969889)
(1.7047182 -0.1 1.3613245)
(1.7047182 -0.1 1.4287354)
(1.7047182 -0.1 1.4993687)
(1.7047182 -0.1 1.5733784)
(1.7047182 -0.1 1.6509259)
(1.7047182 -0.1 1.7321803)
(1.7047182 -0.1 1.8173189)
(1.7047182 -0.1 1.9065273)
(1.7047182 -0.1 2)
(1.7665676 -0.1 0.14952106)
(1.7665676 -0.1 0.15900529)
(1.7665676 -0.1 0.16894289)
(1.7665676 -0.1 0.17935552)
(1.7665676 -0.1 0.1902659)
(1.7665676 -0.1 0.20169782)
(1.7665676 -0.1 0.2136762)
(1.7665676 -0.1 0.22622718)
(1.7665676 -0.1 0.23937812)
(1.7665676 -0.1 0.2531577)
(1.7665676 -0.1 0.26759597)
(1.7665676 -0.1 0.28272442)
(1.7665676 -0.1 0.29857604)
(1.7665676 -0.1 0.31518541)
(1.7665676 -0.1 0.33258873)
(1.7665676 -0.1 0.35082397)
(1.7665676 -0.1 0.36993089)
(1.7665676 -0.1 0.38995116)
(1.7665676 -0.1 0.41092844)
(1.7665676 -0.1 0.43290847)
(1.7665676 -0.1 0.4559392)
(1.7665676 -0.1 0.48007084)
(1.7665676 -0.1 0.50535603)
(1.7665676 -0.1 0.5318499)
(1.7665676 -0.1 0.55961023)
(1.7665676 -0.1 0.58869755)
(1.7665676 -0.1 0.61917532)
(1.7665676 -0.1 0.65110998)
(1.7665676 -0.1 0.68457118)
(1.7665676 -0.1 0.7196319)
(1.7665676 -0.1 0.75636859)
(1.7665676 -0.1 0.79486138)
(1.7665676 -0.1 0.83519419)
(1.7665676 -0.1 0.877455)
(1.7665676 -0.1 0.92173595)
(1.7665676 -0.1 0.96813363)
(1.7665676 -0.1 1.0167492)
(1.7665676 -0.1 1.0676887)
(1.7665676 -0.1 1.1210632)
(1.7665676 -0.1 1.1769892)
(1.7665676 -0.1 1.2355885)
(1.7665676 -0.1 1.2969889)
(1.7665676 -0.1 1.3613245)
(1.7665676 -0.1 1.4287354)
(1.7665676 -0.1 1.4993687)
(1.7665676 -0.1 1.5733784)
(1.7665676 -0.1 1.6509259)
(1.7665676 -0.1 1.7321803)
(1.7665676 -0.1 1.8173189)
(1.7665676 -0.1 1.9065273)
(1.7665676 -0.1 2)
(1.8321785 -0.1 0.14952106)
(1.8321785 -0.1 0.15900529)
(1.8321785 -0.1 0.16894289)
(1.8321785 -0.1 0.17935552)
(1.8321785 -0.1 0.1902659)
(1.8321785 -0.1 0.20169782)
(1.8321785 -0.1 0.2136762)
(1.8321785 -0.1 0.22622718)
(1.8321785 -0.1 0.23937812)
(1.8321785 -0.1 0.2531577)
(1.8321785 -0.1 0.26759597)
(1.8321785 -0.1 0.28272442)
(1.8321785 -0.1 0.29857604)
(1.8321785 -0.1 0.31518541)
(1.8321785 -0.1 0.33258873)
(1.8321785 -0.1 0.35082397)
(1.8321785 -0.1 0.36993089)
(1.8321785 -0.1 0.38995116)
(1.8321785 -0.1 0.41092844)
(1.8321785 -0.1 0.43290847)
(1.8321785 -0.1 0.4559392)
(1.8321785 -0.1 0.48007084)
(1.8321785 -0.1 0.50535603)
(1.8321785 -0.1 0.5318499)
(1.8321785 -0.1 0.55961023)
(1.8321785 -0.1 0.58869755)
(1.8321785 -0.1 0.61917532)
(1.8321785 -0.1 0.65110998)
(1.8321785 -0.1 0.68457118)
(1.8321785 -0.1 0.7196319)
(1.8321785 -0.1 0.75636859)
(1.8321785 -0.1 0.79486138)
(1.8321785 -0.1 0.83519419)
(1.8321785 -0.1 0.877455)
(1.8321785 -0.1 0.92173595)
(1.8321785 -0.1 0.96813363)
(1.8321785 -0.1 1.0167492)
(1.8321785 -0.1 1.0676887)
(1.8321785 -0.1 1.1210632)
(1.8321785 -0.1 1.1769892)
(1.8321785 -0.1 1.2355885)
(1.8321785 -0.1 1.2969889)
(1.8321785 -0.1 1.3613245)
(1.8321785 -0.1 1.4287354)
(1.8321785 -0.1 1.4993687)
(1.8321785 -0.1 1.5733784)
(1.8321785 -0.1 1.6509259)
(1.8321785 -0.1 1.7321803)
(1.8321785 -0.1 1.8173189)
(1.8321785 -0.1 1.9065273)
(1.8321785 -0.1 2)
(1.9017798 -0.1 0.14952106)
(1.9017798 -0.1 0.15900529)
(1.9017798 -0.1 0.16894289)
(1.9017798 -0.1 0.17935552)
(1.9017798 -0.1 0.1902659)
(1.9017798 -0.1 0.20169782)
(1.9017798 -0.1 0.2136762)
(1.9017798 -0.1 0.22622718)
(1.9017798 -0.1 0.23937812)
(1.9017798 -0.1 0.2531577)
(1.9017798 -0.1 0.26759597)
(1.9017798 -0.1 0.28272442)
(1.9017798 -0.1 0.29857604)
(1.9017798 -0.1 0.31518541)
(1.9017798 -0.1 0.33258873)
(1.9017798 -0.1 0.35082397)
(1.9017798 -0.1 0.36993089)
(1.9017798 -0.1 0.38995116)
(1.9017798 -0.1 0.41092844)
(1.9017798 -0.1 0.43290847)
(1.9017798 -0.1 0.4559392)
(1.9017798 -0.1 0.48007084)
(1.9017798 -0.1 0.50535603)
(1.9017798 -0.1 0.5318499)
(1.9017798 -0.1 0.55961023)
(1.9017798 -0.1 0.58869755)
(1.9017798 -0.1 0.61917532)
(1.9017798 -0.1 0.65110998)
(1.9017798 -0.1 0.68457118)
(1.9017798 -0.1 0.7196319)
(1.9017798 -0.1 0.75636859)
(1.9017798 -0.1 0.79486138)
(1.9017798 -0.1 0.83519419)
(1.9017798 -0.1 0.877455)
(1.9017798 -0.1 0.92173595)
(1.9017798 -0.1 0.96813363)
(1.9017798 -0.1 1.0167492)
(1.9017798 -0.1 1.0676887)
(1.9017798 -0.1 1.1210632)
(1.9017798 -0.1 1.1769892)
(1.9017798 -0.1 1.2355885)
(1.9017798 -0.1 1.2969889)
(1.9017798 -0.1 1.3613245)
(1.9017798 -0.1 1.4287354)
(1.9017798 -0.1 1.4993687)
(1.9017798 -0.1 1.5733784)
(1.9017798 -0.1 1.6509259)
(1.9017798 -0.1 1.7321803)
(1.9017798 -0.1 1.8173189)
(1.9017798 -0.1 1.9065273)
(1.9017798 -0.1 2)
(1.9756141 -0.1 0.14952106)
(1.9756141 -0.1 0.15900529)
(1.9756141 -0.1 0.16894289)
(1.9756141 -0.1 0.17935552)
(1.9756141 -0.1 0.1902659)
(1.9756141 -0.1 0.20169782)
(1.9756141 -0.1 0.2136762)
(1.9756141 -0.1 0.22622718)
(1.9756141 -0.1 0.23937812)
(1.9756141 -0.1 0.2531577)
(1.9756141 -0.1 0.26759597)
(1.9756141 -0.1 0.28272442)
(1.9756141 -0.1 0.29857604)
(1.9756141 -0.1 0.31518541)
(1.9756141 -0.1 0.33258873)
(1.9756141 -0.1 0.35082397)
(1.9756141 -0.1 0.36993089)
(1.9756141 -0.1 0.38995116)
(1.9756141 -0.1 0.41092844)
(1.9756141 -0.1 0.43290847)
(1.9756141 -0.1 0.4559392)
(1.9756141 -0.1 0.48007084)
(1.9756141 -0.1 0.50535603)
(1.9756141 -0.1 0.5318499)
(1.9756141 -0.1 0.55961023)
(1.9756141 -0.1 0.58869755)
(1.9756141 -0.1 0.61917532)
(1.9756141 -0.1 0.65110998)
(1.9756141 -0.1 0.68457118)
(1.9756141 -0.1 0.7196319)
(1.9756141 -0.1 0.75636859)
(1.9756141 -0.1 0.79486138)
(1.9756141 -0.1 0.83519419)
(1.9756141 -0.1 0.877455)
(1.9756141 -0.1 0.92173595)
(1.9756141 -0.1 0.96813363)
(1.9756141 -0.1 1.0167492)
(1.9756141 -0.1 1.0676887)
(1.9756141 -0.1 1.1210632)
(1.9756141 -0.1 1.1769892)
(1.9756141 -0.1 1.2355885)
(1.9756141 -0.1 1.2969889)
(1.9756141 -0.1 1.3613245)
(1.9756141 -0.1 1.4287354)
(1.9756141 -0.1 1.4993687)
(1.9756141 -0.1 1.5733784)
(1.9756141 -0.1 1.6509259)
(1.9756141 -0.1 1.7321803)
(1.9756141 -0.1 1.8173189)
(1.9756141 -0.1 1.9065273)
(1.9756141 -0.1 2)
(2.0539389 -0.1 0.14952106)
(2.0539389 -0.1 0.15900529)
(2.0539389 -0.1 0.16894289)
(2.0539389 -0.1 0.17935552)
(2.0539389 -0.1 0.1902659)
(2.0539389 -0.1 0.20169782)
(2.0539389 -0.1 0.2136762)
(2.0539389 -0.1 0.22622718)
(2.0539389 -0.1 0.23937812)
(2.0539389 -0.1 0.2531577)
(2.0539389 -0.1 0.26759597)
(2.0539389 -0.1 0.28272442)
(2.0539389 -0.1 0.29857604)
(2.0539389 -0.1 0.31518541)
(2.0539389 -0.1 0.33258873)
(2.0539389 -0.1 0.35082397)
(2.0539389 -0.1 0.36993089)
(2.0539389 -0.1 0.38995116)
(2.0539389 -0.1 0.41092844)
(2.0539389 -0.1 0.43290847)
(2.0539389 -0.1 0.4559392)
(2.0539389 -0.1 0.48007084)
(2.0539389 -0.1 0.50535603)
(2.0539389 -0.1 0.5318499)
(2.0539389 -0.1 0.55961023)
(2.0539389 -0.1 0.58869755)
(2.0539389 -0.1 0.61917532)
(2.0539389 -0.1 0.65110998)
(2.0539389 -0.1 0.68457118)
(2.0539389 -0.1 0.7196319)
(2.0539389 -0.1 0.75636859)
(2.0539389 -0.1 0.79486138)
(2.0539389 -0.1 0.83519419)
(2.0539389 -0.1 0.877455)
(2.0539389 -0.1 0.92173595)
(2.0539389 -0.1 0.96813363)
(2.0539389 -0.1 1.0167492)
(2.0539389 -0.1 1.0676887)
(2.0539389 -0.1 1.1210632)
(2.0539389 -0.1 1.1769892)
(2.0539389 -0.1 1.2355885)
(2.0539389 -0.1 1.2969889)
(2.0539389 -0.1 1.3613245)
(2.0539389 -0.1 1.4287354)
(2.0539389 -0.1 1.4993687)
(2.0539389 -0.1 1.5733784)
(2.0539389 -0.1 1.6509259)
(2.0539389 -0.1 1.7321803)
(2.0539389 -0.1 1.8173189)
(2.0539389 -0.1 1.9065273)
(2.0539389 -0.1 2)
(2.1370272 -0.1 0.14952106)
(2.1370272 -0.1 0.15900529)
(2.1370272 -0.1 0.16894289)
(2.1370272 -0.1 0.17935552)
(2.1370272 -0.1 0.1902659)
(2.1370272 -0.1 0.20169782)
(2.1370272 -0.1 0.2136762)
(2.1370272 -0.1 0.22622718)
(2.1370272 -0.1 0.23937812)
(2.1370272 -0.1 0.2531577)
(2.1370272 -0.1 0.26759597)
(2.1370272 -0.1 0.28272442)
(2.1370272 -0.1 0.29857604)
(2.1370272 -0.1 0.31518541)
(2.1370272 -0.1 0.33258873)
(2.1370272 -0.1 0.35082397)
(2.1370272 -0.1 0.36993089)
(2.1370272 -0.1 0.38995116)
(2.1370272 -0.1 0.41092844)
(2.1370272 -0.1 0.43290847)
(2.1370272 -0.1 0.4559392)
(2.1370272 -0.1 0.48007084)
(2.1370272 -0.1 0.50535603)
(2.1370272 -0.1 0.5318499)
(2.1370272 -0.1 0.55961023)
(2.1370272 -0.1 0.58869755)
(2.1370272 -0.1 0.61917532)
(2.1370272 -0.1 0.65110998)
(2.1370272 -0.1 0.68457118)
(2.1370272 -0.1 0.7196319)
(2.1370272 -0.1 0.75636859)
(2.1370272 -0.1 0.79486138)
(2.1370272 -0.1 0.83519419)
(2.1370272 -0.1 0.877455)
(2.1370272 -0.1 0.92173595)
(2.1370272 -0.1 0.96813363)
(2.1370272 -0.1 1.0167492)
(2.1370272 -0.1 1.0676887)
(2.1370272 -0.1 1.1210632)
(2.1370272 -0.1 1.1769892)
(2.1370272 -0.1 1.2355885)
(2.1370272 -0.1 1.2969889)
(2.1370272 -0.1 1.3613245)
(2.1370272 -0.1 1.4287354)
(2.1370272 -0.1 1.4993687)
(2.1370272 -0.1 1.5733784)
(2.1370272 -0.1 1.6509259)
(2.1370272 -0.1 1.7321803)
(2.1370272 -0.1 1.8173189)
(2.1370272 -0.1 1.9065273)
(2.1370272 -0.1 2)
(2.2251689 -0.1 0.14952106)
(2.2251689 -0.1 0.15900529)
(2.2251689 -0.1 0.16894289)
(2.2251689 -0.1 0.17935552)
(2.2251689 -0.1 0.1902659)
(2.2251689 -0.1 0.20169782)
(2.2251689 -0.1 0.2136762)
(2.2251689 -0.1 0.22622718)
(2.2251689 -0.1 0.23937812)
(2.2251689 -0.1 0.2531577)
(2.2251689 -0.1 0.26759597)
(2.2251689 -0.1 0.28272442)
(2.2251689 -0.1 0.29857604)
(2.2251689 -0.1 0.31518541)
(2.2251689 -0.1 0.33258873)
(2.2251689 -0.1 0.35082397)
(2.2251689 -0.1 0.36993089)
(2.2251689 -0.1 0.38995116)
(2.2251689 -0.1 0.41092844)
(2.2251689 -0.1 0.43290847)
(2.2251689 -0.1 0.4559392)
(2.2251689 -0.1 0.48007084)
(2.2251689 -0.1 0.50535603)
(2.2251689 -0.1 0.5318499)
(2.2251689 -0.1 0.55961023)
(2.2251689 -0.1 0.58869755)
(2.2251689 -0.1 0.61917532)
(2.2251689 -0.1 0.65110998)
(2.2251689 -0.1 0.68457118)
(2.2251689 -0.1 0.7196319)
(2.2251689 -0.1 0.75636859)
(2.2251689 -0.1 0.79486138)
(2.2251689 -0.1 0.83519419)
(2.2251689 -0.1 0.877455)
(2.2251689 -0.1 0.92173595)
(2.2251689 -0.1 0.96813363)
(2.2251689 -0.1 1.0167492)
(2.2251689 -0.1 1.0676887)
(2.2251689 -0.1 1.1210632)
(2.2251689 -0.1 1.1769892)
(2.2251689 -0.1 1.2355885)
(2.2251689 -0.1 1.2969889)
(2.2251689 -0.1 1.3613245)
(2.2251689 -0.1 1.4287354)
(2.2251689 -0.1 1.4993687)
(2.2251689 -0.1 1.5733784)
(2.2251689 -0.1 1.6509259)
(2.2251689 -0.1 1.7321803)
(2.2251689 -0.1 1.8173189)
(2.2251689 -0.1 1.9065273)
(2.2251689 -0.1 2)
(2.3186712 -0.1 0.14952106)
(2.3186712 -0.1 0.15900529)
(2.3186712 -0.1 0.16894289)
(2.3186712 -0.1 0.17935552)
(2.3186712 -0.1 0.1902659)
(2.3186712 -0.1 0.20169782)
(2.3186712 -0.1 0.2136762)
(2.3186712 -0.1 0.22622718)
(2.3186712 -0.1 0.23937812)
(2.3186712 -0.1 0.2531577)
(2.3186712 -0.1 0.26759597)
(2.3186712 -0.1 0.28272442)
(2.3186712 -0.1 0.29857604)
(2.3186712 -0.1 0.31518541)
(2.3186712 -0.1 0.33258873)
(2.3186712 -0.1 0.35082397)
(2.3186712 -0.1 0.36993089)
(2.3186712 -0.1 0.38995116)
(2.3186712 -0.1 0.41092844)
(2.3186712 -0.1 0.43290847)
(2.3186712 -0.1 0.4559392)
(2.3186712 -0.1 0.48007084)
(2.3186712 -0.1 0.50535603)
(2.3186712 -0.1 0.5318499)
(2.3186712 -0.1 0.55961023)
(2.3186712 -0.1 0.58869755)
(2.3186712 -0.1 0.61917532)
(2.3186712 -0.1 0.65110998)
(2.3186712 -0.1 0.68457118)
(2.3186712 -0.1 0.7196319)
(2.3186712 -0.1 0.75636859)
(2.3186712 -0.1 0.79486138)
(2.3186712 -0.1 0.83519419)
(2.3186712 -0.1 0.877455)
(2.3186712 -0.1 0.92173595)
(2.3186712 -0.1 0.96813363)
(2.3186712 -0.1 1.0167492)
(2.3186712 -0.1 1.0676887)
(2.3186712 -0.1 1.1210632)
(2.3186712 -0.1 1.1769892)
(2.3186712 -0.1 1.2355885)
(2.3186712 -0.1 1.2969889)
(2.3186712 -0.1 1.3613245)
(2.3186712 -0.1 1.4287354)
(2.3186712 -0.1 1.4993687)
(2.3186712 -0.1 1.5733784)
(2.3186712 -0.1 1.6509259)
(2.3186712 -0.1 1.7321803)
(2.3186712 -0.1 1.8173189)
(2.3186712 -0.1 1.9065273)
(2.3186712 -0.1 2)
(2.4178602 -0.1 0.14952106)
(2.4178602 -0.1 0.15900529)
(2.4178602 -0.1 0.16894289)
(2.4178602 -0.1 0.17935552)
(2.4178602 -0.1 0.1902659)
(2.4178602 -0.1 0.20169782)
(2.4178602 -0.1 0.2136762)
(2.4178602 -0.1 0.22622718)
(2.4178602 -0.1 0.23937812)
(2.4178602 -0.1 0.2531577)
(2.4178602 -0.1 0.26759597)
(2.4178602 -0.1 0.28272442)
(2.4178602 -0.1 0.29857604)
(2.4178602 -0.1 0.31518541)
(2.4178602 -0.1 0.33258873)
(2.4178602 -0.1 0.35082397)
(2.4178602 -0.1 0.36993089)
(2.4178602 -0.1 0.38995116)
(2.4178602 -0.1 0.41092844)
(2.4178602 -0.1 0.43290847)
(2.4178602 -0.1 0.4559392)
(2.4178602 -0.1 0.48007084)
(2.4178602 -0.1 0.50535603)
(2.4178602 -0.1 0.5318499)
(2.4178602 -0.1 0.55961023)
(2.4178602 -0.1 0.58869755)
(2.4178602 -0.1 0.61917532)
(2.4178602 -0.1 0.65110998)
(2.4178602 -0.1 0.68457118)
(2.4178602 -0.1 0.7196319)
(2.4178602 -0.1 0.75636859)
(2.4178602 -0.1 0.79486138)
(2.4178602 -0.1 0.83519419)
(2.4178602 -0.1 0.877455)
(2.4178602 -0.1 0.92173595)
(2.4178602 -0.1 0.96813363)
(2.4178602 -0.1 1.0167492)
(2.4178602 -0.1 1.0676887)
(2.4178602 -0.1 1.1210632)
(2.4178602 -0.1 1.1769892)
(2.4178602 -0.1 1.2355885)
(2.4178602 -0.1 1.2969889)
(2.4178602 -0.1 1.3613245)
(2.4178602 -0.1 1.4287354)
(2.4178602 -0.1 1.4993687)
(2.4178602 -0.1 1.5733784)
(2.4178602 -0.1 1.6509259)
(2.4178602 -0.1 1.7321803)
(2.4178602 -0.1 1.8173189)
(2.4178602 -0.1 1.9065273)
(2.4178602 -0.1 2)
(2.5230817 -0.1 0.14952106)
(2.5230817 -0.1 0.15900529)
(2.5230817 -0.1 0.16894289)
(2.5230817 -0.1 0.17935552)
(2.5230817 -0.1 0.1902659)
(2.5230817 -0.1 0.20169782)
(2.5230817 -0.1 0.2136762)
(2.5230817 -0.1 0.22622718)
(2.5230817 -0.1 0.23937812)
(2.5230817 -0.1 0.2531577)
(2.5230817 -0.1 0.26759597)
(2.5230817 -0.1 0.28272442)
(2.5230817 -0.1 0.29857604)
(2.5230817 -0.1 0.31518541)
(2.5230817 -0.1 0.33258873)
(2.5230817 -0.1 0.35082397)
(2.5230817 -0.1 0.36993089)
(2.5230817 -0.1 0.38995116)
(2.5230817 -0.1 0.41092844)
(2.5230817 -0.1 0.43290847)
(2.5230817 -0.1 0.4559392)
(2.5230817 -0.1 0.48007084)
(2.5230817 -0.1 0.50535603)
(2.5230817 -0.1 0.5318499)
(2.5230817 -0.1 0.55961023)
(2.5230817 -0.1 0.58869755)
(2.5230817 -0.1 0.61917532)
(2.5230817 -0.1 0.65110998)
(2.5230817 -0.1 0.68457118)
(2.5230817 -0.1 0.7196319)
(2.5230817 -0.1 0.75636859)
(2.5230817 -0.1 0.79486138)
(2.5230817 -0.1 0.83519419)
(2.5230817 -0.1 0.877455)
(2.5230817 -0.1 0.92173595)
(2.5230817 -0.1 0.96813363)
(2.5230817 -0.1 1.0167492)
(2.5230817 -0.1 1.0676887)
(2.5230817 -0.1 1.1210632)
(2.5230817 -0.1 1.1769892)
(2.5230817 -0.1 1.2355885)
(2.5230817 -0.1 1.2969889)
(2.5230817 -0.1 1.3613245)
(2.5230817 -0.1 1.4287354)
(2.5230817 -0.1 1.4993687)
(2.5230817 -0.1 1.5733784)
(2.5230817 -0.1 1.6509259)
(2.5230817 -0.1 1.7321803)
(2.5230817 -0.1 1.8173189)
(2.5230817 -0.1 1.9065273)
(2.5230817 -0.1 2)
(2.6347025 -0.1 0.14952106)
(2.6347025 -0.1 0.15900529)
(2.6347025 -0.1 0.16894289)
(2.6347025 -0.1 0.17935552)
(2.6347025 -0.1 0.1902659)
(2.6347025 -0.1 0.20169782)
(2.6347025 -0.1 0.2136762)
(2.6347025 -0.1 0.22622718)
(2.6347025 -0.1 0.23937812)
(2.6347025 -0.1 0.2531577)
(2.6347025 -0.1 0.26759597)
(2.6347025 -0.1 0.28272442)
(2.6347025 -0.1 0.29857604)
(2.6347025 -0.1 0.31518541)
(2.6347025 -0.1 0.33258873)
(2.6347025 -0.1 0.35082397)
(2.6347025 -0.1 0.36993089)
(2.6347025 -0.1 0.38995116)
(2.6347025 -0.1 0.41092844)
(2.6347025 -0.1 0.43290847)
(2.6347025 -0.1 0.4559392)
(2.6347025 -0.1 0.48007084)
(2.6347025 -0.1 0.50535603)
(2.6347025 -0.1 0.5318499)
(2.6347025 -0.1 0.55961023)
(2.6347025 -0.1 0.58869755)
(2.6347025 -0.1 0.61917532)
(2.6347025 -0.1 0.65110998)
(2.6347025 -0.1 0.68457118)
(2.6347025 -0.1 0.7196319)
(2.6347025 -0.1 0.75636859)
(2.6347025 -0.1 0.79486138)
(2.6347025 -0.1 0.83519419)
(2.6347025 -0.1 0.877455)
(2.6347025 -0.1 0.92173595)
(2.6347025 -0.1 0.96813363)
(2.6347025 -0.1 1.0167492)
(2.6347025 -0.1 1.0676887)
(2.6347025 -0.1 1.1210632)
(2.6347025 -0.1 1.1769892)
(2.6347025 -0.1 1.2355885)
(2.6347025 -0.1 1.2969889)
(2.6347025 -0.1 1.3613245)
(2.6347025 -0.1 1.4287354)
(2.6347025 -0.1 1.4993687)
(2.6347025 -0.1 1.5733784)
(2.6347025 -0.1 1.6509259)
(2.6347025 -0.1 1.7321803)
(2.6347025 -0.1 1.8173189)
(2.6347025 -0.1 1.9065273)
(2.6347025 -0.1 2)
(2.753112 -0.1 0.14952106)
(2.753112 -0.1 0.15900529)
(2.753112 -0.1 0.16894289)
(2.753112 -0.1 0.17935552)
(2.753112 -0.1 0.1902659)
(2.753112 -0.1 0.20169782)
(2.753112 -0.1 0.2136762)
(2.753112 -0.1 0.22622718)
(2.753112 -0.1 0.23937812)
(2.753112 -0.1 0.2531577)
(2.753112 -0.1 0.26759597)
(2.753112 -0.1 0.28272442)
(2.753112 -0.1 0.29857604)
(2.753112 -0.1 0.31518541)
(2.753112 -0.1 0.33258873)
(2.753112 -0.1 0.35082397)
(2.753112 -0.1 0.36993089)
(2.753112 -0.1 0.38995116)
(2.753112 -0.1 0.41092844)
(2.753112 -0.1 0.43290847)
(2.753112 -0.1 0.4559392)
(2.753112 -0.1 0.48007084)
(2.753112 -0.1 0.50535603)
(2.753112 -0.1 0.5318499)
(2.753112 -0.1 0.55961023)
(2.753112 -0.1 0.58869755)
(2.753112 -0.1 0.61917532)
(2.753112 -0.1 0.65110998)
(2.753112 -0.1 0.68457118)
(2.753112 -0.1 0.7196319)
(2.753112 -0.1 0.75636859)
(2.753112 -0.1 0.79486138)
(2.753112 -0.1 0.83519419)
(2.753112 -0.1 0.877455)
(2.753112 -0.1 0.92173595)
(2.753112 -0.1 0.96813363)
(2.753112 -0.1 1.0167492)
(2.753112 -0.1 1.0676887)
(2.753112 -0.1 1.1210632)
(2.753112 -0.1 1.1769892)
(2.753112 -0.1 1.2355885)
(2.753112 -0.1 1.2969889)
(2.753112 -0.1 1.3613245)
(2.753112 -0.1 1.4287354)
(2.753112 -0.1 1.4993687)
(2.753112 -0.1 1.5733784)
(2.753112 -0.1 1.6509259)
(2.753112 -0.1 1.7321803)
(2.753112 -0.1 1.8173189)
(2.753112 -0.1 1.9065273)
(2.753112 -0.1 2)
(2.8787229 -0.1 0.14952106)
(2.8787229 -0.1 0.15900529)
(2.8787229 -0.1 0.16894289)
(2.8787229 -0.1 0.17935552)
(2.8787229 -0.1 0.1902659)
(2.8787229 -0.1 0.20169782)
(2.8787229 -0.1 0.2136762)
(2.8787229 -0.1 0.22622718)
(2.8787229 -0.1 0.23937812)
(2.8787229 -0.1 0.2531577)
(2.8787229 -0.1 0.26759597)
(2.8787229 -0.1 0.28272442)
(2.8787229 -0.1 0.29857604)
(2.8787229 -0.1 0.31518541)
(2.8787229 -0.1 0.33258873)
(2.8787229 -0.1 0.35082397)
(2.8787229 -0.1 0.36993089)
(2.8787229 -0.1 0.38995116)
(2.8787229 -0.1 0.41092844)
(2.8787229 -0.1 0.43290847)
(2.8787229 -0.1 0.4559392)
(2.8787229 -0.1 0.48007084)
(2.8787229 -0.1 0.50535603)
(2.8787229 -0.1 0.5318499)
(2.8787229 -0.1 0.55961023)
(2.8787229 -0.1 0.58869755)
(2.8787229 -0.1 0.61917532)
(2.8787229 -0.1 0.65110998)
(2.8787229 -0.1 0.68457118)
(2.8787229 -0.1 0.7196319)
(2.8787229 -0.1 0.75636859)
(2.8787229 -0.1 0.79486138)
(2.8787229 -0.1 0.83519419)
(2.8787229 -0.1 0.877455)
(2.8787229 -0.1 0.92173595)
(2.8787229 -0.1 0.96813363)
(2.8787229 -0.1 1.0167492)
(2.8787229 -0.1 1.0676887)
(2.8787229 -0.1 1.1210632)
(2.8787229 -0.1 1.1769892)
(2.8787229 -0.1 1.2355885)
(2.8787229 -0.1 1.2969889)
(2.8787229 -0.1 1.3613245)
(2.8787229 -0.1 1.4287354)
(2.8787229 -0.1 1.4993687)
(2.8787229 -0.1 1.5733784)
(2.8787229 -0.1 1.6509259)
(2.8787229 -0.1 1.7321803)
(2.8787229 -0.1 1.8173189)
(2.8787229 -0.1 1.9065273)
(2.8787229 -0.1 2)
(3.0119733 -0.1 0.14952106)
(3.0119733 -0.1 0.15900529)
(3.0119733 -0.1 0.16894289)
(3.0119733 -0.1 0.17935552)
(3.0119733 -0.1 0.1902659)
(3.0119733 -0.1 0.20169782)
(3.0119733 -0.1 0.2136762)
(3.0119733 -0.1 0.22622718)
(3.0119733 -0.1 0.23937812)
(3.0119733 -0.1 0.2531577)
(3.0119733 -0.1 0.26759597)
(3.0119733 -0.1 0.28272442)
(3.0119733 -0.1 0.29857604)
(3.0119733 -0.1 0.31518541)
(3.0119733 -0.1 0.33258873)
(3.0119733 -0.1 0.35082397)
(3.0119733 -0.1 0.36993089)
(3.0119733 -0.1 0.38995116)
(3.0119733 -0.1 0.41092844)
(3.0119733 -0.1 0.43290847)
(3.0119733 -0.1 0.4559392)
(3.0119733 -0.1 0.48007084)
(3.0119733 -0.1 0.50535603)
(3.0119733 -0.1 0.5318499)
(3.0119733 -0.1 0.55961023)
(3.0119733 -0.1 0.58869755)
(3.0119733 -0.1 0.61917532)
(3.0119733 -0.1 0.65110998)
(3.0119733 -0.1 0.68457118)
(3.0119733 -0.1 0.7196319)
(3.0119733 -0.1 0.75636859)
(3.0119733 -0.1 0.79486138)
(3.0119733 -0.1 0.83519419)
(3.0119733 -0.1 0.877455)
(3.0119733 -0.1 0.92173595)
(3.0119733 -0.1 0.96813363)
(3.0119733 -0.1 1.0167492)
(3.0119733 -0.1 1.0676887)
(3.0119733 -0.1 1.1210632)
(3.0119733 -0.1 1.1769892)
(3.0119733 -0.1 1.2355885)
(3.0119733 -0.1 1.2969889)
(3.0119733 -0.1 1.3613245)
(3.0119733 -0.1 1.4287354)
(3.0119733 -0.1 1.4993687)
(3.0119733 -0.1 1.5733784)
(3.0119733 -0.1 1.6509259)
(3.0119733 -0.1 1.7321803)
(3.0119733 -0.1 1.8173189)
(3.0119733 -0.1 1.9065273)
(3.0119733 -0.1 2)
(3.1533278 -0.1 0.14952106)
(3.1533278 -0.1 0.15900529)
(3.1533278 -0.1 0.16894289)
(3.1533278 -0.1 0.17935552)
(3.1533278 -0.1 0.1902659)
(3.1533278 -0.1 0.20169782)
(3.1533278 -0.1 0.2136762)
(3.1533278 -0.1 0.22622718)
(3.1533278 -0.1 0.23937812)
(3.1533278 -0.1 0.2531577)
(3.1533278 -0.1 0.26759597)
(3.1533278 -0.1 0.28272442)
(3.1533278 -0.1 0.29857604)
(3.1533278 -0.1 0.31518541)
(3.1533278 -0.1 0.33258873)
(3.1533278 -0.1 0.35082397)
(3.1533278 -0.1 0.36993089)
(3.1533278 -0.1 0.38995116)
(3.1533278 -0.1 0.41092844)
(3.1533278 -0.1 0.43290847)
(3.1533278 -0.1 0.4559392)
(3.1533278 -0.1 0.48007084)
(3.1533278 -0.1 0.50535603)
(3.1533278 -0.1 0.5318499)
(3.1533278 -0.1 0.55961023)
(3.1533278 -0.1 0.58869755)
(3.1533278 -0.1 0.61917532)
(3.1533278 -0.1 0.65110998)
(3.1533278 -0.1 0.68457118)
(3.1533278 -0.1 0.7196319)
(3.1533278 -0.1 0.75636859)
(3.1533278 -0.1 0.79486138)
(3.1533278 -0.1 0.83519419)
(3.1533278 -0.1 0.877455)
(3.1533278 -0.1 0.92173595)
(3.1533278 -0.1 0.96813363)
(3.1533278 -0.1 1.0167492)
(3.1533278 -0.1 1.0676887)
(3.1533278 -0.1 1.1210632)
(3.1533278 -0.1 1.1769892)
(3.1533278 -0.1 1.2355885)
(3.1533278 -0.1 1.2969889)
(3.1533278 -0.1 1.3613245)
(3.1533278 -0.1 1.4287354)
(3.1533278 -0.1 1.4993687)
(3.1533278 -0.1 1.5733784)
(3.1533278 -0.1 1.6509259)
(3.1533278 -0.1 1.7321803)
(3.1533278 -0.1 1.8173189)
(3.1533278 -0.1 1.9065273)
(3.1533278 -0.1 2)
(3.3032792 -0.1 0.14952106)
(3.3032792 -0.1 0.15900529)
(3.3032792 -0.1 0.16894289)
(3.3032792 -0.1 0.17935552)
(3.3032792 -0.1 0.1902659)
(3.3032792 -0.1 0.20169782)
(3.3032792 -0.1 0.2136762)
(3.3032792 -0.1 0.22622718)
(3.3032792 -0.1 0.23937812)
(3.3032792 -0.1 0.2531577)
(3.3032792 -0.1 0.26759597)
(3.3032792 -0.1 0.28272442)
(3.3032792 -0.1 0.29857604)
(3.3032792 -0.1 0.31518541)
(3.3032792 -0.1 0.33258873)
(3.3032792 -0.1 0.35082397)
(3.3032792 -0.1 0.36993089)
(3.3032792 -0.1 0.38995116)
(3.3032792 -0.1 0.41092844)
(3.3032792 -0.1 0.43290847)
(3.3032792 -0.1 0.4559392)
(3.3032792 -0.1 0.48007084)
(3.3032792 -0.1 0.50535603)
(3.3032792 -0.1 0.5318499)
(3.3032792 -0.1 0.55961023)
(3.3032792 -0.1 0.58869755)
(3.3032792 -0.1 0.61917532)
(3.3032792 -0.1 0.65110998)
(3.3032792 -0.1 0.68457118)
(3.3032792 -0.1 0.7196319)
(3.3032792 -0.1 0.75636859)
(3.3032792 -0.1 0.79486138)
(3.3032792 -0.1 0.83519419)
(3.3032792 -0.1 0.877455)
(3.3032792 -0.1 0.92173595)
(3.3032792 -0.1 0.96813363)
(3.3032792 -0.1 1.0167492)
(3.3032792 -0.1 1.0676887)
(3.3032792 -0.1 1.1210632)
(3.3032792 -0.1 1.1769892)
(3.3032792 -0.1 1.2355885)
(3.3032792 -0.1 1.2969889)
(3.3032792 -0.1 1.3613245)
(3.3032792 -0.1 1.4287354)
(3.3032792 -0.1 1.4993687)
(3.3032792 -0.1 1.5733784)
(3.3032792 -0.1 1.6509259)
(3.3032792 -0.1 1.7321803)
(3.3032792 -0.1 1.8173189)
(3.3032792 -0.1 1.9065273)
(3.3032792 -0.1 2)
(3.4623504 -0.1 0.14952106)
(3.4623504 -0.1 0.15900529)
(3.4623504 -0.1 0.16894289)
(3.4623504 -0.1 0.17935552)
(3.4623504 -0.1 0.1902659)
(3.4623504 -0.1 0.20169782)
(3.4623504 -0.1 0.2136762)
(3.4623504 -0.1 0.22622718)
(3.4623504 -0.1 0.23937812)
(3.4623504 -0.1 0.2531577)
(3.4623504 -0.1 0.26759597)
(3.4623504 -0.1 0.28272442)
(3.4623504 -0.1 0.29857604)
(3.4623504 -0.1 0.31518541)
(3.4623504 -0.1 0.33258873)
(3.4623504 -0.1 0.35082397)
(3.4623504 -0.1 0.36993089)
(3.4623504 -0.1 0.38995116)
(3.4623504 -0.1 0.41092844)
(3.4623504 -0.1 0.43290847)
(3.4623504 -0.1 0.4559392)
(3.4623504 -0.1 0.48007084)
(3.4623504 -0.1 0.50535603)
(3.4623504 -0.1 0.5318499)
(3.4623504 -0.1 0.55961023)
(3.4623504 -0.1 0.58869755)
(3.4623504 -0.1 0.61917532)
(3.4623504 -0.1 0.65110998)
(3.4623504 -0.1 0.68457118)
(3.4623504 -0.1 0.7196319)
(3.4623504 -0.1 0.75636859)
(3.4623504 -0.1 0.79486138)
(3.4623504 -0.1 0.83519419)
(3.4623504 -0.1 0.877455)
(3.4623504 -0.1 0.92173595)
(3.4623504 -0.1 0.96813363)
(3.4623504 -0.1 1.0167492)
(3.4623504 -0.1 1.0676887)
(3.4623504 -0.1 1.1210632)
(3.4623504 -0.1 1.1769892)
(3.4623504 -0.1 1.2355885)
(3.4623504 -0.1 1.2969889)
(3.4623504 -0.1 1.3613245)
(3.4623504 -0.1 1.4287354)
(3.4623504 -0.1 1.4993687)
(3.4623504 -0.1 1.5733784)
(3.4623504 -0.1 1.6509259)
(3.4623504 -0.1 1.7321803)
(3.4623504 -0.1 1.8173189)
(3.4623504 -0.1 1.9065273)
(3.4623504 -0.1 2)
(3.631096 -0.1 0.14952106)
(3.631096 -0.1 0.15900529)
(3.631096 -0.1 0.16894289)
(3.631096 -0.1 0.17935552)
(3.631096 -0.1 0.1902659)
(3.631096 -0.1 0.20169782)
(3.631096 -0.1 0.2136762)
(3.631096 -0.1 0.22622718)
(3.631096 -0.1 0.23937812)
(3.631096 -0.1 0.2531577)
(3.631096 -0.1 0.26759597)
(3.631096 -0.1 0.28272442)
(3.631096 -0.1 0.29857604)
(3.631096 -0.1 0.31518541)
(3.631096 -0.1 0.33258873)
(3.631096 -0.1 0.35082397)
(3.631096 -0.1 0.36993089)
(3.631096 -0.1 0.38995116)
(3.631096 -0.1 0.41092844)
(3.631096 -0.1 0.43290847)
(3.631096 -0.1 0.4559392)
(3.631096 -0.1 0.48007084)
(3.631096 -0.1 0.50535603)
(3.631096 -0.1 0.5318499)
(3.631096 -0.1 0.55961023)
(3.631096 -0.1 0.58869755)
(3.631096 -0.1 0.61917532)
(3.631096 -0.1 0.65110998)
(3.631096 -0.1 0.68457118)
(3.631096 -0.1 0.7196319)
(3.631096 -0.1 0.75636859)
(3.631096 -0.1 0.79486138)
(3.631096 -0.1 0.83519419)
(3.631096 -0.1 0.877455)
(3.631096 -0.1 0.92173595)
(3.631096 -0.1 0.96813363)
(3.631096 -0.1 1.0167492)
(3.631096 -0.1 1.0676887)
(3.631096 -0.1 1.1210632)
(3.631096 -0.1 1.1769892)
(3.631096 -0.1 1.2355885)
(3.631096 -0.1 1.2969889)
(3.631096 -0.1 1.3613245)
(3.631096 -0.1 1.4287354)
(3.631096 -0.1 1.4993687)
(3.631096 -0.1 1.5733784)
(3.631096 -0.1 1.6509259)
(3.631096 -0.1 1.7321803)
(3.631096 -0.1 1.8173189)
(3.631096 -0.1 1.9065273)
(3.631096 -0.1 2)
(3.8101045 -0.1 0.14952106)
(3.8101045 -0.1 0.15900529)
(3.8101045 -0.1 0.16894289)
(3.8101045 -0.1 0.17935552)
(3.8101045 -0.1 0.1902659)
(3.8101045 -0.1 0.20169782)
(3.8101045 -0.1 0.2136762)
(3.8101045 -0.1 0.22622718)
(3.8101045 -0.1 0.23937812)
(3.8101045 -0.1 0.2531577)
(3.8101045 -0.1 0.26759597)
(3.8101045 -0.1 0.28272442)
(3.8101045 -0.1 0.29857604)
(3.8101045 -0.1 0.31518541)
(3.8101045 -0.1 0.33258873)
(3.8101045 -0.1 0.35082397)
(3.8101045 -0.1 0.36993089)
(3.8101045 -0.1 0.38995116)
(3.8101045 -0.1 0.41092844)
(3.8101045 -0.1 0.43290847)
(3.8101045 -0.1 0.4559392)
(3.8101045 -0.1 0.48007084)
(3.8101045 -0.1 0.50535603)
(3.8101045 -0.1 0.5318499)
(3.8101045 -0.1 0.55961023)
(3.8101045 -0.1 0.58869755)
(3.8101045 -0.1 0.61917532)
(3.8101045 -0.1 0.65110998)
(3.8101045 -0.1 0.68457118)
(3.8101045 -0.1 0.7196319)
(3.8101045 -0.1 0.75636859)
(3.8101045 -0.1 0.79486138)
(3.8101045 -0.1 0.83519419)
(3.8101045 -0.1 0.877455)
(3.8101045 -0.1 0.92173595)
(3.8101045 -0.1 0.96813363)
(3.8101045 -0.1 1.0167492)
(3.8101045 -0.1 1.0676887)
(3.8101045 -0.1 1.1210632)
(3.8101045 -0.1 1.1769892)
(3.8101045 -0.1 1.2355885)
(3.8101045 -0.1 1.2969889)
(3.8101045 -0.1 1.3613245)
(3.8101045 -0.1 1.4287354)
(3.8101045 -0.1 1.4993687)
(3.8101045 -0.1 1.5733784)
(3.8101045 -0.1 1.6509259)
(3.8101045 -0.1 1.7321803)
(3.8101045 -0.1 1.8173189)
(3.8101045 -0.1 1.9065273)
(3.8101045 -0.1 2)
(4 -0.1 0.14952106)
(4 -0.1 0.15900529)
(4 -0.1 0.16894289)
(4 -0.1 0.17935552)
(4 -0.1 0.1902659)
(4 -0.1 0.20169782)
(4 -0.1 0.2136762)
(4 -0.1 0.22622718)
(4 -0.1 0.23937812)
(4 -0.1 0.2531577)
(4 -0.1 0.26759597)
(4 -0.1 0.28272442)
(4 -0.1 0.29857604)
(4 -0.1 0.31518541)
(4 -0.1 0.33258873)
(4 -0.1 0.35082397)
(4 -0.1 0.36993089)
(4 -0.1 0.38995116)
(4 -0.1 0.41092844)
(4 -0.1 0.43290847)
(4 -0.1 0.4559392)
(4 -0.1 0.48007084)
(4 -0.1 0.50535603)
(4 -0.1 0.5318499)
(4 -0.1 0.55961023)
(4 -0.1 0.58869755)
(4 -0.1 0.61917532)
(4 -0.1 0.65110998)
(4 -0.1 0.68457118)
(4 -0.1 0.7196319)
(4 -0.1 0.75636859)
(4 -0.1 0.79486138)
(4 -0.1 0.83519419)
(4 -0.1 0.877455)
(4 -0.1 0.92173595)
(4 -0.1 0.96813363)
(4 -0.1 1.0167492)
(4 -0.1 1.0676887)
(4 -0.1 1.1210632)
(4 -0.1 1.1769892)
(4 -0.1 1.2355885)
(4 -0.1 1.2969889)
(4 -0.1 1.3613245)
(4 -0.1 1.4287354)
(4 -0.1 1.4993687)
(4 -0.1 1.5733784)
(4 -0.1 1.6509259)
(4 -0.1 1.7321803)
(4 -0.1 1.8173189)
(4 -0.1 1.9065273)
(4 -0.1 2)
)


// ************************************************************************* //
