/*--------------------------------*- C++ -*----------------------------------*\
| =========                 |                                                 |
| \\      /  F ield         | OpenFOAM: The Open Source CFD Toolbox           |
|  \\    /   O peration     | Version:  2406                                  |
|   \\  /    A nd           | Website:  www.openfoam.com                      |
|    \\/     M anipulation  |                                                 |
\*---------------------------------------------------------------------------*/
FoamFile
{
    version     2.0;
    format      ascii;
    arch        "LSB;label=32;scalar=64";
    note        "nPoints:3348  nCells:1590  nFaces:6443  nInternalFaces:3097";
    class       labelList;
    location    "constant/polyMesh";
    object      neighbour;
}
// * * * * * * * * * * * * * * * * * * * * * * * * * * * * * * * * * * * * * //


3097
(
1
53
1537
2
54
1538
3
55
1539
4
56
1540
5
57
1541
6
58
1542
7
59
1543
8
60
1544
9
61
1545
10
62
1546
11
63
1547
12
64
1548
13
65
1549
14
66
1550
15
67
1551
16
68
1552
17
69
1553
18
70
1554
19
71
1555
20
72
1556
21
73
1557
22
74
1558
23
75
1559
24
76
1560
25
77
1561
26
78
1562
27
79
1563
28
80
1564
29
81
1565
30
82
1566
31
83
1567
32
84
1568
33
85
1569
34
86
1570
35
87
1571
36
88
1572
37
89
1573
38
90
1574
39
91
1575
40
92
1576
41
93
1577
42
94
1578
43
95
1579
44
96
1580
45
97
1581
46
98
1582
47
99
1583
48
100
1584
49
101
1585
50
102
1586
51
103
1587
52
104
1588
105
1589
54
106
55
107
56
108
57
109
58
110
59
111
60
112
61
113
62
114
63
115
64
116
65
117
66
118
67
119
68
120
69
121
70
122
71
123
72
124
73
125
74
126
75
127
76
128
77
129
78
130
79
131
80
132
81
133
82
134
83
135
84
136
85
137
86
138
87
139
88
140
89
141
90
142
91
143
92
144
93
145
94
146
95
147
96
148
97
149
98
150
99
151
100
152
101
153
102
154
103
155
104
156
105
157
158
107
159
108
160
109
161
110
162
111
163
112
164
113
165
114
166
115
167
116
168
117
169
118
170
119
171
120
172
121
173
122
174
123
175
124
176
125
177
126
178
127
179
128
180
129
181
130
182
131
183
132
184
133
185
134
186
135
187
136
188
137
189
138
190
139
191
140
192
141
193
142
194
143
195
144
196
145
197
146
198
147
199
148
200
149
201
150
202
151
203
152
204
153
205
154
206
155
207
156
208
157
209
158
210
211
160
212
161
213
162
214
163
215
164
216
165
217
166
218
167
219
168
220
169
221
170
222
171
223
172
224
173
225
174
226
175
227
176
228
177
229
178
230
179
231
180
232
181
233
182
234
183
235
184
236
185
237
186
238
187
239
188
240
189
241
190
242
191
243
192
244
193
245
194
246
195
247
196
248
197
249
198
250
199
251
200
252
201
253
202
254
203
255
204
256
205
257
206
258
207
259
208
260
209
261
210
262
211
263
264
213
265
214
266
215
267
216
268
217
269
218
270
219
271
220
272
221
273
222
274
223
275
224
276
225
277
226
278
227
279
228
280
229
281
230
282
231
283
232
284
233
285
234
286
235
287
236
288
237
289
238
290
239
291
240
292
241
293
242
294
243
295
244
296
245
297
246
298
247
299
248
300
249
301
250
302
251
303
252
304
253
305
254
306
255
307
256
308
257
309
258
310
259
311
260
312
261
313
262
314
263
315
264
316
317
266
318
267
319
268
320
269
321
270
322
271
323
272
324
273
325
274
326
275
327
276
328
277
329
278
330
279
331
280
332
281
333
282
334
283
335
284
336
285
337
286
338
287
339
288
340
289
341
290
342
291
343
292
344
293
345
294
346
295
347
296
348
297
349
298
350
299
351
300
352
301
353
302
354
303
355
304
356
305
357
306
358
307
359
308
360
309
361
310
362
311
363
312
364
313
365
314
366
315
367
316
368
317
369
370
319
371
320
372
321
373
322
374
323
375
324
376
325
377
326
378
327
379
328
380
329
381
330
382
331
383
332
384
333
385
334
386
335
387
336
388
337
389
338
390
339
391
340
392
341
393
342
394
343
395
344
396
345
397
346
398
347
399
348
400
349
401
350
402
351
403
352
404
353
405
354
406
355
407
356
408
357
409
358
410
359
411
360
412
361
413
362
414
363
415
364
416
365
417
366
418
367
419
368
420
369
421
370
422
423
372
424
373
425
374
426
375
427
376
428
377
429
378
430
379
431
380
432
381
433
382
434
383
435
384
436
385
437
386
438
387
439
388
440
389
441
390
442
391
443
392
444
393
445
394
446
395
447
396
448
397
449
398
450
399
451
400
452
401
453
402
454
403
455
404
456
405
457
406
458
407
459
408
460
409
461
410
462
411
463
412
464
413
465
414
466
415
467
416
468
417
469
418
470
419
471
420
472
421
473
422
474
423
475
476
425
477
426
478
427
479
428
480
429
481
430
482
431
483
432
484
433
485
434
486
435
487
436
488
437
489
438
490
439
491
440
492
441
493
442
494
443
495
444
496
445
497
446
498
447
499
448
500
449
501
450
502
451
503
452
504
453
505
454
506
455
507
456
508
457
509
458
510
459
511
460
512
461
513
462
514
463
515
464
516
465
517
466
518
467
519
468
520
469
521
470
522
471
523
472
524
473
525
474
526
475
527
476
528
529
478
530
479
531
480
532
481
533
482
534
483
535
484
536
485
537
486
538
487
539
488
540
489
541
490
542
491
543
492
544
493
545
494
546
495
547
496
548
497
549
498
550
499
551
500
552
501
553
502
554
503
555
504
556
505
557
506
558
507
559
508
560
509
561
510
562
511
563
512
564
513
565
514
566
515
567
516
568
517
569
518
570
519
571
520
572
521
573
522
574
523
575
524
576
525
577
526
578
527
579
528
580
529
581
582
531
583
532
584
533
585
534
586
535
587
536
588
537
589
538
590
539
591
540
592
541
593
542
594
543
595
544
596
545
597
546
598
547
599
548
600
549
601
550
602
551
603
552
604
553
605
554
606
555
607
556
608
557
609
558
610
559
611
560
612
561
613
562
614
563
615
564
616
565
617
566
618
567
619
568
620
569
621
570
622
571
623
572
624
573
625
574
626
575
627
576
628
577
629
578
630
579
631
580
632
581
633
582
634
635
584
636
585
637
586
638
587
639
588
640
589
641
590
642
591
643
592
644
593
645
594
646
595
647
596
648
597
649
598
650
599
651
600
652
601
653
602
654
603
655
604
656
605
657
606
658
607
659
608
660
609
661
610
662
611
663
612
664
613
665
614
666
615
667
616
668
617
669
618
670
619
671
620
672
621
673
622
674
623
675
624
676
625
677
626
678
627
679
628
680
629
681
630
682
631
683
632
684
633
685
634
686
635
687
688
637
689
638
690
639
691
640
692
641
693
642
694
643
695
644
696
645
697
646
698
647
699
648
700
649
701
650
702
651
703
652
704
653
705
654
706
655
707
656
708
657
709
658
710
659
711
660
712
661
713
662
714
663
715
664
716
665
717
666
718
667
719
668
720
669
721
670
722
671
723
672
724
673
725
674
726
675
727
676
728
677
729
678
730
679
731
680
732
681
733
682
734
683
735
684
736
685
737
686
738
687
739
688
740
741
690
742
691
743
692
744
693
745
694
746
695
747
696
748
697
749
698
750
699
751
700
752
701
753
702
754
703
755
704
756
705
757
706
758
707
759
708
760
709
761
710
762
711
763
712
764
713
765
714
766
715
767
716
768
717
769
718
770
719
771
720
772
721
773
722
774
723
775
724
776
725
777
726
778
727
779
728
780
729
781
730
782
731
783
732
784
733
785
734
786
735
787
736
788
737
789
738
790
739
791
740
792
741
793
794
743
795
744
796
745
797
746
798
747
799
748
800
749
801
750
802
751
803
752
804
753
805
754
806
755
807
756
808
757
809
758
810
759
811
760
812
761
813
762
814
763
815
764
816
765
817
766
818
767
819
768
820
769
821
770
822
771
823
772
824
773
825
774
826
775
827
776
828
777
829
778
830
779
831
780
832
781
833
782
834
783
835
784
836
785
837
786
838
787
839
788
840
789
841
790
842
791
843
792
844
793
845
794
846
847
796
848
797
849
798
850
799
851
800
852
801
853
802
854
803
855
804
856
805
857
806
858
807
859
808
860
809
861
810
862
811
863
812
864
813
865
814
866
815
867
816
868
817
869
818
870
819
871
820
872
821
873
822
874
823
875
824
876
825
877
826
878
827
879
828
880
829
881
830
882
831
883
832
884
833
885
834
886
835
887
836
888
837
889
838
890
839
891
840
892
841
893
842
894
843
895
844
896
845
897
846
898
847
899
900
849
901
850
902
851
903
852
904
853
905
854
906
855
907
856
908
857
909
858
910
859
911
860
912
861
913
862
914
863
915
864
916
865
917
866
918
867
919
868
920
869
921
870
922
871
923
872
924
873
925
874
926
875
927
876
928
877
929
878
930
879
931
880
932
881
933
882
934
883
935
884
936
885
937
886
938
887
939
888
940
889
941
890
942
891
943
892
944
893
945
894
946
895
947
896
948
897
949
898
950
899
951
900
952
953
902
954
903
955
904
956
905
957
906
958
907
959
908
960
909
961
910
962
911
963
912
964
913
965
914
966
915
967
916
968
917
969
918
970
919
971
920
972
921
973
922
974
923
975
924
976
925
977
926
978
927
979
928
980
929
981
930
982
931
983
932
984
933
985
934
986
935
987
936
988
937
989
938
990
939
991
940
992
941
993
942
994
943
995
944
996
945
997
946
998
947
999
948
1000
949
1001
950
1002
951
1003
952
1004
953
1005
1006
955
1007
956
1008
957
1009
958
1010
959
1011
960
1012
961
1013
962
1014
963
1015
964
1016
965
1017
966
1018
967
1019
968
1020
969
1021
970
1022
971
1023
972
1024
973
1025
974
1026
975
1027
976
1028
977
1029
978
1030
979
1031
980
1032
981
1033
982
1034
983
1035
984
1036
985
1037
986
1038
987
1039
988
1040
989
1041
990
1042
991
1043
992
1044
993
1045
994
1046
995
1047
996
1048
997
1049
998
1050
999
1051
1000
1052
1001
1053
1002
1054
1003
1055
1004
1056
1005
1057
1006
1058
1059
1008
1060
1009
1061
1010
1062
1011
1063
1012
1064
1013
1065
1014
1066
1015
1067
1016
1068
1017
1069
1018
1070
1019
1071
1020
1072
1021
1073
1022
1074
1023
1075
1024
1076
1025
1077
1026
1078
1027
1079
1028
1080
1029
1081
1030
1082
1031
1083
1032
1084
1033
1085
1034
1086
1035
1087
1036
1088
1037
1089
1038
1090
1039
1091
1040
1092
1041
1093
1042
1094
1043
1095
1044
1096
1045
1097
1046
1098
1047
1099
1048
1100
1049
1101
1050
1102
1051
1103
1052
1104
1053
1105
1054
1106
1055
1107
1056
1108
1057
1109
1058
1110
1059
1111
1112
1061
1113
1062
1114
1063
1115
1064
1116
1065
1117
1066
1118
1067
1119
1068
1120
1069
1121
1070
1122
1071
1123
1072
1124
1073
1125
1074
1126
1075
1127
1076
1128
1077
1129
1078
1130
1079
1131
1080
1132
1081
1133
1082
1134
1083
1135
1084
1136
1085
1137
1086
1138
1087
1139
1088
1140
1089
1141
1090
1142
1091
1143
1092
1144
1093
1145
1094
1146
1095
1147
1096
1148
1097
1149
1098
1150
1099
1151
1100
1152
1101
1153
1102
1154
1103
1155
1104
1156
1105
1157
1106
1158
1107
1159
1108
1160
1109
1161
1110
1162
1111
1163
1112
1164
1165
1114
1115
1116
1117
1118
1119
1120
1121
1122
1123
1124
1125
1126
1127
1128
1129
1130
1131
1132
1133
1134
1135
1136
1137
1138
1139
1140
1141
1142
1143
1144
1145
1146
1147
1148
1149
1150
1151
1152
1153
1154
1155
1156
1157
1158
1159
1160
1161
1162
1163
1164
1165
1167
1219
1168
1220
1169
1221
1170
1222
1171
1223
1172
1224
1173
1225
1174
1226
1175
1227
1176
1228
1177
1229
1178
1230
1179
1231
1180
1232
1181
1233
1182
1234
1183
1235
1184
1236
1185
1237
1186
1238
1187
1239
1188
1240
1189
1241
1190
1242
1191
1243
1192
1244
1193
1245
1194
1246
1195
1247
1196
1248
1197
1249
1198
1250
1199
1251
1200
1252
1201
1253
1202
1254
1203
1255
1204
1256
1205
1257
1206
1258
1207
1259
1208
1260
1209
1261
1210
1262
1211
1263
1212
1264
1213
1265
1214
1266
1215
1267
1216
1268
1217
1269
1218
1270
1271
1220
1272
1221
1273
1222
1274
1223
1275
1224
1276
1225
1277
1226
1278
1227
1279
1228
1280
1229
1281
1230
1282
1231
1283
1232
1284
1233
1285
1234
1286
1235
1287
1236
1288
1237
1289
1238
1290
1239
1291
1240
1292
1241
1293
1242
1294
1243
1295
1244
1296
1245
1297
1246
1298
1247
1299
1248
1300
1249
1301
1250
1302
1251
1303
1252
1304
1253
1305
1254
1306
1255
1307
1256
1308
1257
1309
1258
1310
1259
1311
1260
1312
1261
1313
1262
1314
1263
1315
1264
1316
1265
1317
1266
1318
1267
1319
1268
1320
1269
1321
1270
1322
1271
1323
1324
1273
1325
1274
1326
1275
1327
1276
1328
1277
1329
1278
1330
1279
1331
1280
1332
1281
1333
1282
1334
1283
1335
1284
1336
1285
1337
1286
1338
1287
1339
1288
1340
1289
1341
1290
1342
1291
1343
1292
1344
1293
1345
1294
1346
1295
1347
1296
1348
1297
1349
1298
1350
1299
1351
1300
1352
1301
1353
1302
1354
1303
1355
1304
1356
1305
1357
1306
1358
1307
1359
1308
1360
1309
1361
1310
1362
1311
1363
1312
1364
1313
1365
1314
1366
1315
1367
1316
1368
1317
1369
1318
1370
1319
1371
1320
1372
1321
1373
1322
1374
1323
1375
1324
1376
1377
1326
1378
1327
1379
1328
1380
1329
1381
1330
1382
1331
1383
1332
1384
1333
1385
1334
1386
1335
1387
1336
1388
1337
1389
1338
1390
1339
1391
1340
1392
1341
1393
1342
1394
1343
1395
1344
1396
1345
1397
1346
1398
1347
1399
1348
1400
1349
1401
1350
1402
1351
1403
1352
1404
1353
1405
1354
1406
1355
1407
1356
1408
1357
1409
1358
1410
1359
1411
1360
1412
1361
1413
1362
1414
1363
1415
1364
1416
1365
1417
1366
1418
1367
1419
1368
1420
1369
1421
1370
1422
1371
1423
1372
1424
1373
1425
1374
1426
1375
1427
1376
1428
1377
1429
1430
1379
1431
1380
1432
1381
1433
1382
1434
1383
1435
1384
1436
1385
1437
1386
1438
1387
1439
1388
1440
1389
1441
1390
1442
1391
1443
1392
1444
1393
1445
1394
1446
1395
1447
1396
1448
1397
1449
1398
1450
1399
1451
1400
1452
1401
1453
1402
1454
1403
1455
1404
1456
1405
1457
1406
1458
1407
1459
1408
1460
1409
1461
1410
1462
1411
1463
1412
1464
1413
1465
1414
1466
1415
1467
1416
1468
1417
1469
1418
1470
1419
1471
1420
1472
1421
1473
1422
1474
1423
1475
1424
1476
1425
1477
1426
1478
1427
1479
1428
1480
1429
1481
1430
1482
1483
1432
1484
1433
1485
1434
1486
1435
1487
1436
1488
1437
1489
1438
1490
1439
1491
1440
1492
1441
1493
1442
1494
1443
1495
1444
1496
1445
1497
1446
1498
1447
1499
1448
1500
1449
1501
1450
1502
1451
1503
1452
1504
1453
1505
1454
1506
1455
1507
1456
1508
1457
1509
1458
1510
1459
1511
1460
1512
1461
1513
1462
1514
1463
1515
1464
1516
1465
1517
1466
1518
1467
1519
1468
1520
1469
1521
1470
1522
1471
1523
1472
1524
1473
1525
1474
1526
1475
1527
1476
1528
1477
1529
1478
1530
1479
1531
1480
1532
1481
1533
1482
1534
1483
1535
1536
1485
1537
1486
1538
1487
1539
1488
1540
1489
1541
1490
1542
1491
1543
1492
1544
1493
1545
1494
1546
1495
1547
1496
1548
1497
1549
1498
1550
1499
1551
1500
1552
1501
1553
1502
1554
1503
1555
1504
1556
1505
1557
1506
1558
1507
1559
1508
1560
1509
1561
1510
1562
1511
1563
1512
1564
1513
1565
1514
1566
1515
1567
1516
1568
1517
1569
1518
1570
1519
1571
1520
1572
1521
1573
1522
1574
1523
1575
1524
1576
1525
1577
1526
1578
1527
1579
1528
1580
1529
1581
1530
1582
1531
1583
1532
1584
1533
1585
1534
1586
1535
1587
1536
1588
1589
1538
1539
1540
1541
1542
1543
1544
1545
1546
1547
1548
1549
1550
1551
1552
1553
1554
1555
1556
1557
1558
1559
1560
1561
1562
1563
1564
1565
1566
1567
1568
1569
1570
1571
1572
1573
1574
1575
1576
1577
1578
1579
1580
1581
1582
1583
1584
1585
1586
1587
1588
1589
)


// ************************************************************************* //
