/*--------------------------------*- C++ -*----------------------------------*\
| =========                 |                                                 |
| \\      /  F ield         | OpenFOAM: The Open Source CFD Toolbox           |
|  \\    /   O peration     | Version:  2406                                  |
|   \\  /    A nd           | Website:  www.openfoam.com                      |
|    \\/     M anipulation  |                                                 |
\*---------------------------------------------------------------------------*/
FoamFile
{
    version     2.0;
    format      ascii;
    arch        "LSB;label=32;scalar=64";
    class       vectorField;
    location    "constant/polyMesh";
    object      points;
}
// * * * * * * * * * * * * * * * * * * * * * * * * * * * * * * * * * * * * * //


3348
(
(0.3 0 0.17988542)
(0.27588529 0 0.17776825)
(0.3 0 0.18788256)
(0.27569125 0 0.18564013)
(0.3 0 0.19626197)
(0.27548904 0 0.19388956)
(0.3 0 0.20504194)
(0.27527837 0 0.20253471)
(0.3 0 0.21424161)
(0.27505895 0 0.21159463)
(0.3 0 0.22388104)
(0.2748305 0 0.22108929)
(0.3 0 0.23398126)
(0.27459273 0 0.23103965)
(0.3 0 0.24456429)
(0.27434535 0 0.24146765)
(0.3 0 0.25565321)
(0.27408808 0 0.25239633)
(0.3 0 0.2672722)
(0.27382062 0 0.26384984)
(0.3 0 0.2794466)
(0.27354269 0 0.2758535)
(0.3 0 0.29220297)
(0.27325404 0 0.28843388)
(0.3 0 0.30556911)
(0.27295438 0 0.30161881)
(0.3 0 0.31957418)
(0.27264348 0 0.31543752)
(0.3 0 0.33424873)
(0.27232109 0 0.32992065)
(0.3 0 0.34962475)
(0.27198699 0 0.34510033)
(0.3 0 0.36573577)
(0.271641 0 0.36101027)
(0.3 0 0.38261693)
(0.27128293 0 0.37768583)
(0.3 0 0.40030505)
(0.27091264 0 0.39516412)
(0.3 0 0.4188387)
(0.27053005 0 0.41348405)
(0.3 0 0.43825829)
(0.27013507 0 0.43268646)
(0.3 0 0.45860617)
(0.2697277 0 0.45281418)
(0.3 0 0.47992673)
(0.26930799 0 0.47391218)
(0.3 0 0.50226646)
(0.26887603 0 0.49602764)
(0.3 0 0.52567406)
(0.26843202 0 0.51921006)
(0.3 0 0.5502006)
(0.26797621 0 0.54351141)
(0.3 0 0.57589956)
(0.26750896 0 0.56898623)
(0.3 0 0.60282698)
(0.26703074 0 0.59569177)
(0.3 0 0.63104159)
(0.26654214 0 0.62368812)
(0.3 0 0.66060491)
(0.26604388 0 0.65303839)
(0.3 0 0.69158142)
(0.26553685 0 0.68380883)
(0.3 0 0.72403868)
(0.26502209 0 0.716069)
(0.3 0 0.75804745)
(0.26450085 0 0.74989196)
(0.3 0 0.79368191)
(0.26397461 0 0.78535444)
(0.3 0 0.83101977)
(0.26344505 0 0.82253704)
(0.3 0 0.87014246)
(0.26291418 0 0.86152442)
(0.3 0 0.91113529)
(0.26238427 0 0.90240553)
(0.3 0 0.95408767)
(0.26185794 0 0.94527385)
(0.3 0 0.99909325)
(0.26133821 0 0.99022759)
(0.3 0 1.0462502)
(0.26082849 0 1.03737)
(0.3 0 1.0956613)
(0.26033267 0 1.0868096)
(0.3 0 1.1474344)
(0.25985516 0 1.1386604)
(0.3 0 1.2016824)
(0.25940096 0 1.1930424)
(0.3 0 1.2585235)
(0.25897568 0 1.2500818)
(0.3 0 1.3180817)
(0.25858568 0 1.3099113)
(0.3 0 1.380487)
(0.25823808 0 1.3726704)
(0.3 0 1.4458753)
(0.25794088 0 1.438506)
(0.3 0 1.5143894)
(0.25770305 0 1.5075726)
(0.3 0 1.5861785)
(0.25753464 0 1.5800329)
(0.3 0 1.6613993)
(0.25744687 0 1.6560582)
(0.3 0 1.7402159)
(0.25745227 0 1.7358288)
(0.3 0 1.8228)
(0.25756483 0 1.8195346)
(0.3 0 1.9093318)
(0.25780014 0 1.9073756)
(0.3 0 2)
(0.25817555 0 1.9995626)
(0.25283711 0 0.17556845)
(0.25244345 0 0.183322)
(0.25203308 0 0.19144859)
(0.25160542 0 0.1999663)
(0.25115985 0 0.20889407)
(0.25069578 0 0.21825179)
(0.2502126 0 0.22806034)
(0.24970968 0 0.23834159)
(0.24918642 0 0.24911853)
(0.24864221 0 0.26041526)
(0.24807644 0 0.27225709)
(0.24748851 0 0.28467056)
(0.24687786 0 0.29768355)
(0.24624391 0 0.31132532)
(0.24558613 0 0.32562658)
(0.24490402 0 0.34061958)
(0.2441971 0 0.35633819)
(0.24346496 0 0.37281795)
(0.24270724 0 0.39009622)
(0.24192362 0 0.40821221)
(0.24111387 0 0.42720712)
(0.24027788 0 0.44712423)
(0.23941558 0 0.46800902)
(0.23852708 0 0.48990927)
(0.23761257 0 0.51287519)
(0.23667244 0 0.53695957)
(0.23570722 0 0.5622179)
(0.23471767 0 0.58870851)
(0.23370475 0 0.61649273)
(0.23266969 0 0.64563509)
(0.231614 0 0.67620344)
(0.23053953 0 0.70826916)
(0.22944846 0 0.74190738)
(0.22834343 0 0.77719714)
(0.22722749 0 0.81422166)
(0.22610422 0 0.85306854)
(0.22497779 0 0.89383005)
(0.22385298 0 0.93660334)
(0.22273531 0 0.98149078)
(0.22163107 0 1.0286002)
(0.22054746 0 1.0780454)
(0.21949265 0 1.1299461)
(0.21847589 0 1.1844287)
(0.21750768 0 1.2416266)
(0.21659985 0 1.3016804)
(0.21576571 0 1.3647385)
(0.21502026 0 1.4309576)
(0.21438031 0 1.5005032)
(0.21386474 0 1.57355)
(0.21349465 0 1.6502828)
(0.21329364 0 1.7308967)
(0.2132881 0 1.8155982)
(0.21350743 0 1.9046054)
(0.21398442 0 1.9981495)
(0.23078795 0 0.17328387)
(0.23018858 0 0.1809249)
(0.22956358 0 0.18893466)
(0.22891204 0 0.19733109)
(0.22823302 0 0.20613307)
(0.22752555 0 0.21536038)
(0.22678868 0 0.22503381)
(0.22602142 0 0.23517518)
(0.2252228 0 0.24580739)
(0.22439184 0 0.2569545)
(0.22352756 0 0.26864177)
(0.222629 0 0.28089575)
(0.22169522 0 0.2937443)
(0.22072527 0 0.30721671)
(0.21971827 0 0.32134376)
(0.21867334 0 0.33615777)
(0.21758969 0 0.35169272)
(0.21646656 0 0.36798433)
(0.21530326 0 0.38507015)
(0.2140992 0 0.40298965)
(0.21285388 0 0.42178433)
(0.21156693 0 0.44149787)
(0.21023811 0 0.46217617)
(0.20886735 0 0.48386755)
(0.20745473 0 0.50662286)
(0.2060006 0 0.53049558)
(0.2045055 0 0.55554205)
(0.20297027 0 0.58182156)
(0.20139607 0 0.60939654)
(0.19978439 0 0.63833278)
(0.19813715 0 0.66869955)
(0.19645669 0 0.70056989)
(0.19474591 0 0.73402074)
(0.19300823 0 0.76913325)
(0.19124774 0 0.80599297)
(0.18946926 0 0.84469016)
(0.18767839 0 0.88532004)
(0.18588166 0 0.92798311)
(0.1840866 0 0.97278548)
(0.18230185 0 1.0198392)
(0.18053731 0 1.0692626)
(0.17880428 0 1.1211807)
(0.17711561 0 1.1757258)
(0.17548587 0 1.2330376)
(0.17393155 0 1.2932641)
(0.17247126 0 1.3565615)
(0.17112598 0 1.4230956)
(0.16991929 0 1.4930417)
(0.16887768 0 1.5665856)
(0.16803084 0 1.6439242)
(0.16741203 0 1.7252661)
(0.16705844 0 1.8108327)
(0.16701159 0 1.9008589)
(0.16731783 0 1.995594)
(0.20967372 0 0.17091042)
(0.20886203 0 0.17844361)
(0.20801542 0 0.18634131)
(0.2071326 0 0.1946214)
(0.20621224 0 0.20330263)
(0.20525302 0 0.21240468)
(0.20425357 0 0.22194826)
(0.20321253 0 0.2319551)
(0.20212851 0 0.24244802)
(0.20100012 0 0.25345103)
(0.19982597 0 0.26498934)
(0.19860467 0 0.27708945)
(0.19733485 0 0.28977922)
(0.19601516 0 0.30308794)
(0.19464427 0 0.3170464)
(0.19322089 0 0.331687)
(0.19174379 0 0.34704379)
(0.19021181 0 0.36315261)
(0.18862387 0 0.38005118)
(0.18697897 0 0.39777915)
(0.18527625 0 0.41637832)
(0.18351499 0 0.43589263)
(0.18169462 0 0.45636839)
(0.17981478 0 0.47785436)
(0.17787531 0 0.50040191)
(0.17587632 0 0.52406516)
(0.17381823 0 0.54890116)
(0.17170176 0 0.57497002)
(0.16952806 0 0.60233517)
(0.16729867 0 0.63106346)
(0.16501567 0 0.66122544)
(0.16268167 0 0.69289558)
(0.16029993 0 0.72615244)
(0.1578744 0 0.76107902)
(0.15540987 0 0.79776295)
(0.15291198 0 0.83629684)
(0.15038742 0 0.87677854)
(0.147844 0 0.91931153)
(0.14529076 0 0.96400525)
(0.14273819 0 1.0109754)
(0.14019833 0 1.0603447)
(0.13768498 0 1.1122426)
(0.13521388 0 1.1668068)
(0.13280295 0 1.2241826)
(0.13047251 0 1.2845245)
(0.12824559 0 1.3479962)
(0.12614815 0 1.4147711)
(0.1242095 0 1.4850337)
(0.12246257 0 1.5589795)
(0.12094438 0 1.6368163)
(0.11969641 0 1.7187652)
(0.11876514 0 1.8050608)
(0.11820256 0 1.8959531)
(0.11806673 0 1.9917079)
(0.18943381 0 0.16844247)
(0.18840276 0 0.17587126)
(0.18732705 0 0.18366044)
(0.18620501 0 0.19182777)
(0.18503492 0 0.20039189)
(0.18381503 0 0.20937238)
(0.18254356 0 0.21878985)
(0.18121869 0 0.22866592)
(0.17983861 0 0.23902334)
(0.17840147 0 0.24988604)
(0.17690541 0 0.26127916)
(0.17534857 0 0.27322914)
(0.17372909 0 0.28576381)
(0.17204515 0 0.29891243)
(0.17029492 0 0.3127058)
(0.16847662 0 0.32717632)
(0.16658854 0 0.34235811)
(0.164629 0 0.35828708)
(0.16259644 0 0.37500104)
(0.16048938 0 0.39253982)
(0.15830648 0 0.4109454)
(0.15604655 0 0.43026197)
(0.15370859 0 0.45053615)
(0.1512918 0 0.47181704)
(0.14879564 0 0.49415647)
(0.14621985 0 0.51760906)
(0.14356451 0 0.54223247)
(0.14083007 0 0.56808752)
(0.13801746 0 0.59523844)
(0.13512807 0 0.62375303)
(0.13216387 0 0.65370294)
(0.12912748 0 0.68516384)
(0.12602227 0 0.71821572)
(0.12285241 0 0.75294316)
(0.11962301 0 0.78943562)
(0.11634024 0 0.82778775)
(0.11301142 0 0.86809972)
(0.1096452 0 0.9104776)
(0.10625173 0 0.95503375)
(0.10284277 0 1.0018872)
(0.099431955 0 1.0511642)
(0.096034959 0 1.1029986)
(0.092669759 0 1.1575323)
(0.089356882 0 1.2149162)
(0.086119698 0 1.2753102)
(0.082984737 0 1.3388845)
(0.079982038 0 1.4058196)
(0.077145542 0 1.4763079)
(0.074513513 0 1.5505537)
(0.072129013 0 1.6287746)
(0.07004042 0 1.7112024)
(0.068302004 0 1.798084)
(0.066974556 0 1.8896826)
(0.066126083 0 1.9862787)
(0.17001104 0 0.1658723)
(0.16875312 0 0.17319884)
(0.16744039 0 0.18088166)
(0.16607073 0 0.1889384)
(0.16464201 0 0.19738757)
(0.16315202 0 0.20624865)
(0.16159853 0 0.21554211)
(0.15997924 0 0.2252895)
(0.15829186 0 0.23551344)
(0.15653403 0 0.24623776)
(0.15470339 0 0.25748753)
(0.15279755 0 0.26928911)
(0.15081412 0 0.28167025)
(0.14875072 0 0.29466017)
(0.14660497 0 0.30828962)
(0.14437455 0 0.32259101)
(0.14205714 0 0.33759844)
(0.13965051 0 0.35334785)
(0.13715252 0 0.36987714)
(0.1345611 0 0.38722622)
(0.13187434 0 0.40543717)
(0.12909047 0 0.4245544)
(0.12620792 0 0.44462471)
(0.12322533 0 0.46569752)
(0.12014163 0 0.48782495)
(0.11695602 0 0.51106205)
(0.11366811 0 0.53546696)
(0.11027789 0 0.56110107)
(0.10678583 0 0.58802928)
(0.10319297 0 0.61632017)
(0.099500957 0 0.64604626)
(0.095712163 0 0.67728428)
(0.091829761 0 0.71011539)
(0.087857843 0 0.74462554)
(0.083801533 0 0.7809057)
(0.079667124 0 0.81905228)
(0.075462215 0 0.85916742)
(0.071195884 0 0.90135943)
(0.066878856 0 0.94574319)
(0.06252371 0 0.99244057)
(0.058145092 0 1.041581)
(0.053759963 0 1.0933018)
(0.049387861 0 1.1477491)
(0.045051205 0 1.205078)
(0.040775618 0 1.2654536)
(0.036590287 0 1.3290516)
(0.032528371 0 1.3960587)
(0.028627434 0 1.4666743)
(0.024929935 0 1.5411104)
(0.021483769 0 1.6195931)
(0.018342853 0 1.7023639)
(0.015567785 0 1.7896801)
(0.013226564 0 1.8818167)
(0.011395382 0 1.9790673)
(0.15135161 0 0.16318953)
(0.14985893 0 0.17041458)
(0.14830082 0 0.17799176)
(0.14667473 0 0.18593855)
(0.14497803 0 0.19427335)
(0.14320805 0 0.2030155)
(0.14136205 0 0.21218535)
(0.13943725 0 0.2218043)
(0.1374308 0 0.23189488)
(0.13533981 0 0.24248079)
(0.13316134 0 0.25358697)
(0.13089245 0 0.26523969)
(0.12853015 0 0.27746661)
(0.12607145 0 0.29029686)
(0.12351336 0 0.30376111)
(0.1208529 0 0.31789172)
(0.11808713 0 0.33272274)
(0.11521315 0 0.34829011)
(0.11222814 0 0.36463171)
(0.10912938 0 0.38178749)
(0.10591426 0 0.3997996)
(0.10258033 0 0.41871252)
(0.099125318 0 0.43857322)
(0.095547186 0 0.45943127)
(0.091844166 0 0.48133905)
(0.088014805 0 0.50435189)
(0.084058024 0 0.52852827)
(0.079973177 0 0.55393003)
(0.075760122 0 0.58062257)
(0.071419294 0 0.60867509)
(0.066951792 0 0.6381608)
(0.062359472 0 0.66915726)
(0.057645054 0 0.70174659)
(0.052812239 0 0.73601582)
(0.047865837 0 0.7720572)
(0.042811915 0 0.80996856)
(0.037657952 0 0.84985369)
(0.032413023 0 0.89182275)
(0.027087992 0 0.93599272)
(0.021695731 0 0.98248787)
(0.016251363 0 1.0314403)
(0.010772527 0 1.0829903)
(0.0052796795 0 1.1372875)
(-0.00020358538 0 1.1944908)
(-0.0056501683 0 1.2547694)
(-0.011029067 0 1.3183039)
(-0.016304935 0 1.3852864)
(-0.021437592 0 1.455922)
(-0.026381485 0 1.5304296)
(-0.031085097 0 1.6090427)
(-0.035490286 0 1.6920108)
(-0.039531565 0 1.7796005)
(-0.043135303 0 1.872097)
(-0.046218844 0 1.9698052)
(0.13340516 0 0.16038181)
(0.1316695 0 0.16750465)
(0.12985731 0 0.17497533)
(0.12796557 0 0.18281119)
(0.12599117 0 0.19103049)
(0.1239309 0 0.19965241)
(0.12178151 0 0.20869715)
(0.11953966 0 0.21818598)
(0.11720191 0 0.22814127)
(0.1147648 0 0.23858657)
(0.1122248 0 0.2495467)
(0.1095783 0 0.26104778)
(0.10682168 0 0.27311734)
(0.10395129 0 0.28578439)
(0.10096344 0 0.29907949)
(0.097854457 0 0.31303487)
(0.09462067 0 0.32768452)
(0.091258445 0 0.34306429)
(0.087764201 0 0.359212)
(0.084134438 0 0.37616757)
(0.080365762 0 0.39397313)
(0.07645492 0 0.41267317)
(0.072398834 0 0.43231471)
(0.068194643 0 0.4529474)
(0.06383975 0 0.47462373)
(0.05933187 0 0.49739922)
(0.054669093 0 0.52133256)
(0.049849947 0 0.54648588)
(0.044873466 0 0.57292492)
(0.03973928 0 0.6007193)
(0.034447699 0 0.62994276)
(0.028999816 0 0.66067346)
(0.023397619 0 0.69299423)
(0.017644121 0 0.72699294)
(0.01174349 0 0.76276281)
(0.0057012141 0 0.80040279)
(-0.0004757327 0 0.84001797)
(-0.0067786971 0 0.88171997)
(-0.013197135 0 0.92562748)
(-0.019718376 0 0.97186666)
(-0.026327365 0 1.0205718)
(-0.03300637 0 1.0718857)
(-0.039734667 0 1.1259607)
(-0.046488184 0 1.1829587)
(-0.053239112 0 1.2430528)
(-0.059955471 0 1.3064272)
(-0.066600636 0 1.3732787)
(-0.073132807 0 1.4438172)
(-0.079504427 0 1.5182672)
(-0.085661538 0 1.5968684)
(-0.091543074 0 1.6798772)
(-0.097080075 0 1.7675681)
(-0.10219482 0 1.8602346)
(-0.10679989 0 1.9581915)
(0.11612497 0 0.15743398)
(0.11413782 0 0.16445227)
(0.11206257 0 0.17181393)
(0.10989569 0 0.17953612)
(0.10763354 0 0.18763693)
(0.10527238 0 0.19613539)
(0.10280837 0 0.20505153)
(0.10023758 0 0.21440643)
(0.097555966 0 0.22422229)
(0.094759425 0 0.2345225)
(0.091843759 0 0.24533169)
(0.088804698 0 0.25667581)
(0.085637908 0 0.26858223)
(0.082339 0 0.28107978)
(0.078903544 0 0.29419887)
(0.075327083 0 0.30797158)
(0.071605149 0 0.32243174)
(0.067733284 0 0.33761505)
(0.06370706 0 0.35355922)
(0.059522105 0 0.37030405)
(0.055174135 0 0.38789158)
(0.050658981 0 0.40636622)
(0.045972632 0 0.42577493)
(0.041111275 0 0.44616735)
(0.03607134 0 0.46759596)
(0.030849559 0 0.49011632)
(0.025443021 0 0.51378721)
(0.019849243 0 0.53867087)
(0.014066245 0 0.56483323)
(0.0080926349 0 0.59234414)
(0.0019277013 0 0.62127767)
(-0.0044284772 0 0.65171233)
(-0.010974916 0 0.68373144)
(-0.017709591 0 0.71742344)
(-0.024629294 0 0.75288221)
(-0.031729469 0 0.7902075)
(-0.03900403 0 0.82950533)
(-0.046445159 0 0.87088843)
(-0.054043083 0 0.91447671)
(-0.061785828 0 0.9603978)
(-0.069658939 0 1.0087876)
(-0.077645179 0 1.0597909)
(-0.085724189 0 1.1135621)
(-0.093872116 0 1.1702657)
(-0.10206119 0 1.2300774)
(-0.11025929 0 1.2931846)
(-0.11842941 0 1.3597876)
(-0.1265291 0 1.4301004)
(-0.13450989 0 1.5043519)
(-0.14231653 0 1.5827868)
(-0.14988632 0 1.6656672)
(-0.15714822 0 1.7532737)
(-0.16402196 0 1.8459072)
(-0.17041699 0 1.9438899)
(0.099468027 0 0.15432783)
(0.097220698 0 0.16123751)
(0.094873218 0 0.16848579)
(0.092421514 0 0.17608966)
(0.089861383 0 0.18406703)
(0.087188503 0 0.19243672)
(0.084398425 0 0.20121857)
(0.081486584 0 0.21043345)
(0.078448293 0 0.22010336)
(0.075278756 0 0.23025148)
(0.071973069 0 0.24090223)
(0.068526228 0 0.25208135)
(0.064933134 0 0.26381598)
(0.061188611 0 0.27613475)
(0.057287408 0 0.28906785)
(0.05322422 0 0.30264714)
(0.048993704 0 0.31690624)
(0.044590493 0 0.33188066)
(0.040009223 0 0.34760789)
(0.035244557 0 0.36412753)
(0.030291212 0 0.38148145)
(0.025143995 0 0.39971388)
(0.019797838 0 0.41887162)
(0.014247844 0 0.43900416)
(0.0084893315 0 0.46016388)
(0.0025178906 0 0.48240621)
(-0.0036705542 0 0.50578988)
(-0.010079676 0 0.53037709)
(-0.016712669 0 0.55623376)
(-0.023572158 0 0.58342979)
(-0.030660104 0 0.61203933)
(-0.037977693 0 0.64214105)
(-0.045525217 0 0.67381847)
(-0.053301932 0 0.70716031)
(-0.061305914 0 0.74226084)
(-0.069533883 0 0.77922025)
(-0.07798102 0 0.81814513)
(-0.086640753 0 0.85914888)
(-0.09550453 0 0.90235224)
(-0.10456156 0 0.9478838)
(-0.11379851 0 0.9958806)
(-0.12319923 0 1.0464887)
(-0.13274434 0 1.0998641)
(-0.1424109 0 1.156173)
(-0.15217194 0 1.215593)
(-0.16199598 0 1.2783141)
(-0.17184653 0 1.344539)
(-0.18168149 0 1.4144847)
(-0.19145249 0 1.4883834)
(-0.20110419 0 1.5664839)
(-0.21057348 0 1.6490523)
(-0.21978864 0 1.7363742)
(-0.22866831 0 1.8287559)
(-0.23712052 0 1.9265258)
(0.083395442 0 0.15104216)
(0.080879187 0 0.15783728)
(0.078250238 0 0.16496587)
(0.075503949 0 0.17244474)
(0.072635527 0 0.18029154)
(0.06964003 0 0.1885249)
(0.066512364 0 0.1971644)
(0.063247292 0 0.2062307)
(0.059839429 0 0.21574556)
(0.056283252 0 0.22573189)
(0.052573097 0 0.23621386)
(0.048703173 0 0.24721696)
(0.044667563 0 0.25876806)
(0.040460237 0 0.27089551)
(0.036075061 0 0.28362923)
(0.031505812 0 0.2970008)
(0.02674619 0 0.31104357)
(0.021789841 0 0.32579275)
(0.016630377 0 0.34128555)
(0.011261395 0 0.3575613)
(0.0056765159 0 0.37466156)
(-0.00013059332 0 0.39263031)
(-0.0061661759 0 0.41151405)
(-0.012436345 0 0.43136201)
(-0.018947036 0 0.4522263)
(-0.02570395 0 0.47416213)
(-0.032712495 0 0.49722798)
(-0.039977714 0 0.52148583)
(-0.047504205 0 0.54700142)
(-0.055296039 0 0.57384448)
(-0.063356654 0 0.60208901)
(-0.07168875 0 0.63181359)
(-0.080294161 0 0.66310168)
(-0.089173717 0 0.696042)
(-0.098327092 0 0.73072883)
(-0.10775263 0 0.7672625)
(-0.11744715 0 0.80574977)
(-0.12740574 0 0.8463043)
(-0.1376215 0 0.88904719)
(-0.1480853 0 0.93410749)
(-0.15878548 0 0.98162281)
(-0.16970751 0 1.03174)
(-0.18083365 0 1.0846158)
(-0.19214253 0 1.1404175)
(-0.2036087 0 1.1993241)
(-0.21520216 0 1.2615267)
(-0.22688781 0 1.32723)
(-0.23862482 0 1.3966529)
(-0.25036601 0 1.4700299)
(-0.26205705 0 1.5476121)
(-0.27363571 0 1.6296689)
(-0.28503089 0 1.7164892)
(-0.2961617 0 1.808383)
(-0.30693628 0 1.9056832)
(0.06787262 0 0.14755227)
(0.065078765 0 0.15422485)
(0.062159186 0 0.16122533)
(0.059108639 0 0.16857025)
(0.055921704 0 0.17627704)
(0.052592786 0 0.18436406)
(0.049116112 0 0.19285062)
(0.045485732 0 0.20175711)
(0.04169552 0 0.211105)
(0.037739178 0 0.2209169)
(0.033610239 0 0.23121669)
(0.029302068 0 0.24202953)
(0.024807874 0 0.25338198)
(0.020120715 0 0.26530205)
(0.015233507 0 0.27781932)
(0.010139037 0 0.29096502)
(0.0048299769 0 0.30477213)
(-0.00070109773 0 0.3192755)
(-0.0064616901 0 0.33451197)
(-0.012459357 0 0.35052047)
(-0.018701683 0 0.36734218)
(-0.025196248 0 0.38502068)
(-0.031950591 0 0.40360208)
(-0.03897217 0 0.4231352)
(-0.046268312 0 0.44367175)
(-0.053846163 0 0.46526651)
(-0.061712624 0 0.48797757)
(-0.069874286 0 0.5118665)
(-0.078337345 0 0.53699866)
(-0.087107523 0 0.56344336)
(-0.096189963 0 0.59127425)
(-0.10558912 0 0.62056954)
(-0.11530864 0 0.65141234)
(-0.12535121 0 0.68389104)
(-0.13571841 0 0.71809964)
(-0.14641056 0 0.7541382)
(-0.15742649 0 0.79211326)
(-0.16876332 0 0.83213831)
(-0.18041628 0 0.87433432)
(-0.19237836 0 0.91883029)
(-0.20464007 0 0.96576386)
(-0.21718911 0 1.015282)
(-0.23000994 0 1.0675415)
(-0.24308344 0 1.1227102)
(-0.25638645 0 1.1809673)
(-0.26989121 0 1.2425047)
(-0.28356488 0 1.3075277)
(-0.29736886 0 1.376256)
(-0.31125817 0 1.4489254)
(-0.32518064 0 1.5257883)
(-0.3390761 0 1.6071158)
(-0.35287548 0 1.6931985)
(-0.36649976 0 1.7843487)
(-0.37985885 0 1.8809019)
(0.052869813 0 0.14383014)
(0.04978993 0 0.15037002)
(0.04657082 0 0.15723165)
(0.043206613 0 0.1644313)
(0.039691231 0 0.17198611)
(0.036018392 0 0.17991413)
(0.032181606 0 0.1882344)
(0.028174172 0 0.19696694)
(0.023989183 0 0.20613291)
(0.019619522 0 0.21575458)
(0.015057868 0 0.22585545)
(0.010296694 0 0.23646033)
(0.005328279 0 0.24759536)
(0.00014470806 0 0.25928816)
(-0.0052621163 0 0.2715679)
(-0.010900465 0 0.28446538)
(-0.016778768 0 0.29801312)
(-0.022905602 0 0.31224552)
(-0.029289669 0 0.32719894)
(-0.035939776 0 0.34291181)
(-0.04286481 0 0.35942481)
(-0.050073708 0 0.376781)
(-0.057575422 0 0.39502594)
(-0.06537888 0 0.41420791)
(-0.07349294 0 0.43437804)
(-0.08192634 0 0.45559056)
(-0.090687637 0 0.47790293)
(-0.09978514 0 0.50137614)
(-0.10922683 0 0.52607491)
(-0.1190203 0 0.55206795)
(-0.12917259 0 0.57942825)
(-0.13969018 0 0.60823339)
(-0.15057877 0 0.63856584)
(-0.1618432 0 0.67051331)
(-0.17348727 0 0.70416918)
(-0.18551359 0 0.73963285)
(-0.19792336 0 0.77701021)
(-0.21071616 0 0.81641412)
(-0.22388975 0 0.85796495)
(-0.23743973 0 0.90179109)
(-0.25135929 0 0.9480296)
(-0.26563888 0 0.99682687)
(-0.28026581 0 1.0483393)
(-0.29522387 0 1.1027342)
(-0.31049287 0 1.1601904)
(-0.3260481 0 1.2208994)
(-0.34185982 0 1.2850663)
(-0.35789261 0 1.3529108)
(-0.3741047 0 1.4246683)
(-0.39044717 0 1.5005916)
(-0.40686318 0 1.5809517)
(-0.42328695 0 1.6660399)
(-0.4396428 0 1.7561688)
(-0.45584399 0 1.8516749)
(0.038362549 0 0.13984387)
(0.034988662 0 0.14623851)
(0.031461597 0 0.15294807)
(0.027774826 0 0.15998851)
(0.023921585 0 0.16737665)
(0.019894873 0 0.17513018)
(0.015687445 0 0.18326779)
(0.011291817 0 0.19180913)
(0.0067002565 0 0.20077496)
(0.0019047865 0 0.21018715)
(-0.0031028155 0 0.22006878)
(-0.0083310159 0 0.23044419)
(-0.013788522 0 0.2413391)
(-0.019484276 0 0.25278062)
(-0.025427453 0 0.26479744)
(-0.031627448 0 0.2774198)
(-0.038093866 0 0.29067972)
(-0.044836512 0 0.30461102)
(-0.05186537 0 0.31924945)
(-0.05919059 0 0.33463286)
(-0.066822458 0 0.35080128)
(-0.074771373 0 0.3677971)
(-0.083047814 0 0.38566521)
(-0.091662303 0 0.40445316)
(-0.10062536 0 0.42421136)
(-0.10994747 0 0.44499324)
(-0.11963899 0 0.4668555)
(-0.12971012 0 0.4898583)
(-0.14017083 0 0.51406549)
(-0.15103073 0 0.53954491)
(-0.16229905 0 0.56636865)
(-0.17398447 0 0.59461332)
(-0.18609502 0 0.62436043)
(-0.19863797 0 0.65569671)
(-0.21161965 0 0.6887145)
(-0.22504527 0 0.72351213)
(-0.23891879 0 0.76019441)
(-0.25324261 0 0.79887311)
(-0.26801744 0 0.83966742)
(-0.28324196 0 0.88270458)
(-0.29891254 0 0.92812047)
(-0.31502294 0 0.97606027)
(-0.3315639 0 1.0266792)
(-0.34852277 0 1.0801432)
(-0.36588302 0 1.1366299)
(-0.3836238 0 1.1963296)
(-0.40171929 0 1.2594461)
(-0.42013817 0 1.3261977)
(-0.43884287 0 1.3968187)
(-0.45778885 0 1.4715606)
(-0.47692374 0 1.5506933)
(-0.4961864 0 1.6345066)
(-0.51550591 0 1.7233123)
(-0.53480043 0 1.8174455)
(0.024332113 0 0.1355576)
(0.020656942 0 0.14179191)
(0.016814226 0 0.14833351)
(0.012796751 0 0.15519801)
(0.0085970399 0 0.16240184)
(0.0042073399 0 0.16996231)
(-0.00038037657 0 0.17789768)
(-0.0051744181 0 0.18622718)
(-0.010183377 0 0.1949711)
(-0.015416133 0 0.20415086)
(-0.020881851 0 0.21378902)
(-0.026589987 0 0.22390943)
(-0.032550284 0 0.23453723)
(-0.038772769 0 0.245699)
(-0.04526775 0 0.25742279)
(-0.052045811 0 0.26973827)
(-0.059117803 0 0.28267678)
(-0.066494831 0 0.29627145)
(-0.074188244 0 0.31055734)
(-0.082209619 0 0.32557155)
(-0.090570735 0 0.34135333)
(-0.099283557 0 0.35794426)
(-0.1083602 0 0.37538837)
(-0.1178129 0 0.39373234)
(-0.12765398 0 0.41302563)
(-0.13789577 0 0.43332072)
(-0.14855062 0 0.45467329)
(-0.15963079 0 0.47714242)
(-0.17114837 0 0.50079088)
(-0.18311525 0 0.52568535)
(-0.19554298 0 0.55189671)
(-0.20844273 0 0.57950031)
(-0.2218251 0 0.60857635)
(-0.23570005 0 0.63921019)
(-0.25007671 0 0.67149272)
(-0.26496326 0 0.7055208)
(-0.28036672 0 0.74139769)
(-0.29629273 0 0.77923351)
(-0.31274534 0 0.81914577)
(-0.32972677 0 0.86125997)
(-0.34723705 0 0.90571012)
(-0.36527378 0 0.95263951)
(-0.38383173 0 1.0022013)
(-0.40290243 0 1.0545595)
(-0.42247375 0 1.1098895)
(-0.44252938 0 1.1683794)
(-0.46304831 0 1.2302305)
(-0.48400418 0 1.295659)
(-0.50536465 0 1.3648965)
(-0.52709059 0 1.4381918)
(-0.54913531 0 1.5158122)
(-0.57144358 0 1.5980447)
(-0.59395064 0 1.6851983)
(-0.61658108 0 1.7776049)
(0.010766304 0 0.13093101)
(0.0067835429 0 0.13698713)
(0.0026184994 0 0.143342)
(-0.0017367472 0 0.15001079)
(-0.0062904183 0 0.15700951)
(-0.011051043 0 0.16435502)
(-0.016027465 0 0.17206508)
(-0.021228848 0 0.18015845)
(-0.026664679 0 0.18865489)
(-0.032344778 0 0.19757526)
(-0.038279296 0 0.20694155)
(-0.044478721 0 0.216777)
(-0.050953877 0 0.22710612)
(-0.057715928 0 0.23795482)
(-0.064776373 0 0.24935046)
(-0.072147043 0 0.26132197)
(-0.079840097 0 0.27389992)
(-0.087868015 0 0.28711665)
(-0.096243584 0 0.30100635)
(-0.10497989 0 0.31560524)
(-0.1140903 0 0.33095164)
(-0.12358843 0 0.34708615)
(-0.13348814 0 0.36405177)
(-0.1438035 0 0.38189409)
(-0.15454873 0 0.40066146)
(-0.1657382 0 0.42040515)
(-0.17738635 0 0.44117959)
(-0.18950764 0 0.46304256)
(-0.2021165 0 0.48605545)
(-0.21522725 0 0.51028347)
(-0.22885401 0 0.53579599)
(-0.24301061 0 0.56266676)
(-0.25771047 0 0.5909743)
(-0.2729665 0 0.6208022)
(-0.28879095 0 0.65223949)
(-0.30519524 0 0.68538108)
(-0.3221898 0 0.72032816)
(-0.33978387 0 0.75718871)
(-0.35798527 0 0.79607796)
(-0.37680015 0 0.83711899)
(-0.39623272 0 0.88044334)
(-0.41628493 0 0.92619162)
(-0.43695614 0 0.97451423)
(-0.45824269 0 1.0255722)
(-0.4801375 0 1.0795379)
(-0.50262958 0 1.136596)
(-0.52570351 0 1.1969446)
(-0.54933881 0 1.260796)
(-0.57350928 0 1.3283783)
(-0.59818231 0 1.3999361)
(-0.623318 0 1.4757325)
(-0.64886833 0 1.5560501)
(-0.67477607 0 1.641193)
(-0.70097373 0 1.7314883)
(-0.0023385714 0 0.12591995)
(-0.0066338311 0 0.13177714)
(-0.011126414 0 0.13792344)
(-0.01582497 0 0.14437356)
(-0.020738485 0 0.15114302)
(-0.02587629 0 0.15824815)
(-0.031248072 0 0.16570619)
(-0.036863877 0 0.17353529)
(-0.04273412 0 0.18175462)
(-0.048869594 0 0.19038441)
(-0.055281471 0 0.19944599)
(-0.061981312 0 0.20896188)
(-0.068981066 0 0.21895588)
(-0.076293078 0 0.22945311)
(-0.083930088 0 0.24048013)
(-0.091905228 0 0.25206499)
(-0.10023203 0 0.26423738)
(-0.1089244 0 0.27702868)
(-0.11799664 0 0.2904721)
(-0.12746343 0 0.30460281)
(-0.13733978 0 0.31945801)
(-0.14764108 0 0.33507715)
(-0.15838302 0 0.35150202)
(-0.16958159 0 0.3687769)
(-0.18125305 0 0.38694879)
(-0.19341391 0 0.40606754)
(-0.20608084 0 0.42618606)
(-0.21927068 0 0.44736055)
(-0.23300033 0 0.46965071)
(-0.24728672 0 0.49312001)
(-0.26214672 0 0.51783593)
(-0.27759704 0 0.54387028)
(-0.29365416 0 0.57129949)
(-0.31033419 0 0.60020494)
(-0.32765274 0 0.63067337)
(-0.34562478 0 0.66279724)
(-0.3642645 0 0.69667515)
(-0.38358505 0 0.73241234)
(-0.40359843 0 0.77012116)
(-0.42431515 0 0.80992163)
(-0.44574404 0 0.85194204)
(-0.46789192 0 0.89631958)
(-0.49076326 0 0.94320104)
(-0.51435984 0 0.99274355)
(-0.53868028 0 1.0451154)
(-0.56371964 0 1.1004971)
(-0.58946885 0 1.1590819)
(-0.61591416 0 1.2210775)
(-0.6430365 0 1.2867066)
(-0.67081077 0 1.3562085)
(-0.69920503 0 1.4298403)
(-0.72817964 0 1.5078784)
(-0.75768629 0 1.5906204)
(-0.78766692 0 1.6783863)
(-0.014976529 0 0.12047656)
(-0.019587331 0 0.126111)
(-0.024410711 0 0.13202371)
(-0.029456065 0 0.13822886)
(-0.034733161 0 0.14474141)
(-0.040252156 0 0.15157708)
(-0.046023596 0 0.1587525)
(-0.052058438 0 0.16628516)
(-0.058368049 0 0.17419354)
(-0.064964222 0 0.18249713)
(-0.071859183 0 0.19121651)
(-0.079065596 0 0.20037339)
(-0.086596574 0 0.20999072)
(-0.094465682 0 0.22009273)
(-0.10268694 0 0.23070503)
(-0.11127484 0 0.2418547)
(-0.12024432 0 0.25357037)
(-0.12961079 0 0.26588233)
(-0.13939012 0 0.27882262)
(-0.14959862 0 0.29242519)
(-0.16025308 0 0.30672596)
(-0.17137068 0 0.32176301)
(-0.18296904 0 0.3375767)
(-0.1950662 0 0.3542098)
(-0.20768055 0 0.3717077)
(-0.22083082 0 0.39011857)
(-0.23453608 0 0.40949353)
(-0.24881564 0 0.4298869)
(-0.26368905 0 0.45135639)
(-0.27917601 0 0.47396336)
(-0.2952963 0 0.49777305)
(-0.31206974 0 0.52285492)
(-0.32951604 0 0.54928289)
(-0.34765475 0 0.57713572)
(-0.36650511 0 0.60649733)
(-0.38608592 0 0.6374572)
(-0.40641541 0 0.6701108)
(-0.42751101 0 0.70456002)
(-0.44938922 0 0.74091366)
(-0.47206534 0 0.77928798)
(-0.49555326 0 0.81980728)
(-0.51986512 0 0.86260448)
(-0.54501107 0 0.90782187)
(-0.57099887 0 0.95561177)
(-0.59783349 0 1.0061374)
(-0.62551671 0 1.0595737)
(-0.65404659 0 1.1161083)
(-0.68341694 0 1.1759425)
(-0.71361672 0 1.2392926)
(-0.74462934 0 1.3063908)
(-0.7764319 0 1.3774868)
(-0.80899437 0 1.4528488)
(-0.84227865 0 1.532766)
(-0.87623753 0 1.6175492)
(-0.02713257 0 0.11454805)
(-0.032059664 0 0.11993269)
(-0.037214697 0 0.12558339)
(-0.04260782 0 0.13151371)
(-0.048249601 0 0.13773795)
(-0.05415103 0 0.14427118)
(-0.060323536 0 0.15112929)
(-0.066778999 0 0.15832904)
(-0.073529758 0 0.16588812)
(-0.08058863 0 0.17382519)
(-0.087968915 0 0.18215994)
(-0.09568441 0 0.19091317)
(-0.10374942 0 0.20010685)
(-0.11217875 0 0.2097642)
(-0.12098776 0 0.21990974)
(-0.13019231 0 0.23056941)
(-0.1398088 0 0.24177065)
(-0.1498542 0 0.25354246)
(-0.16034597 0 0.26591557)
(-0.17130216 0 0.2789225)
(-0.18274132 0 0.29259769)
(-0.19468257 0 0.30697764)
(-0.20714551 0 0.32210103)
(-0.22015027 0 0.33800889)
(-0.23371749 0 0.35474473)
(-0.24786824 0 0.37235477)
(-0.26262407 0 0.39088804)
(-0.27800691 0 0.41039664)
(-0.29403906 0 0.43093596)
(-0.31074313 0 0.45256488)
(-0.32814202 0 0.47534602)
(-0.34625877 0 0.49934605)
(-0.36511656 0 0.52463594)
(-0.38473859 0 0.55129133)
(-0.40514794 0 0.57939281)
(-0.42636752 0 0.60902633)
(-0.44841985 0 0.64028361)
(-0.47132699 0 0.67326255)
(-0.49511026 0 0.7080677)
(-0.51979013 0 0.74481083)
(-0.54538594 0 0.78361142)
(-0.57191564 0 0.82459727)
(-0.59939552 0 0.86790522)
(-0.62783988 0 0.91368178)
(-0.65726065 0 0.96208395)
(-0.68766698 0 1.0132801)
(-0.71906479 0 1.0674507)
(-0.75145624 0 1.1247896)
(-0.78483919 0 1.185505)
(-0.81920652 0 1.2498203)
(-0.85454543 0 1.3179761)
(-0.89083666 0 1.3902309)
(-0.92805359 0 1.4668628)
(-0.96616128 0 1.5481717)
(-0.038779989 0 0.10807684)
(-0.044021275 0 0.11318125)
(-0.04950583 0 0.11853796)
(-0.055244569 0 0.12415986)
(-0.06124886 0 0.1300605)
(-0.067530539 0 0.13625419)
(-0.074101923 0 0.14275602)
(-0.080975826 0 0.14958189)
(-0.088165572 0 0.1567486)
(-0.095685012 0 0.16427386)
(-0.10354854 0 0.17217636)
(-0.11177109 0 0.18047587)
(-0.12036818 0 0.18919324)
(-0.12935591 0 0.19835051)
(-0.13875095 0 0.20797099)
(-0.14857059 0 0.2180793)
(-0.15883273 0 0.22870151)
(-0.16955589 0 0.23986519)
(-0.18075922 0 0.25159951)
(-0.19246249 0 0.26393538)
(-0.20468611 0 0.27690553)
(-0.21745115 0 0.29054465)
(-0.23077927 0 0.3048895)
(-0.24469278 0 0.31997908)
(-0.2592146 0 0.33585478)
(-0.27436826 0 0.35256051)
(-0.29017785 0 0.37014291)
(-0.30666802 0 0.38865154)
(-0.32386397 0 0.40813906)
(-0.34179133 0 0.42866149)
(-0.36047623 0 0.45027841)
(-0.37994512 0 0.47305325)
(-0.40022481 0 0.49705356)
(-0.42134231 0 0.5223513)
(-0.44332479 0 0.5490232)
(-0.46619946 0 0.57715108)
(-0.48999344 0 0.60682226)
(-0.51473363 0 0.63812998)
(-0.54044654 0 0.6711738)
(-0.56715813 0 0.70606018)
(-0.59489356 0 0.74290294)
(-0.62367703 0 0.78182385)
(-0.65353142 0 0.8229533)
(-0.68447809 0 0.86643091)
(-0.71653646 0 0.91240634)
(-0.7497237 0 0.96104006)
(-0.78405426 0 1.0125042)
(-0.81953942 0 1.0669836)
(-0.85618675 0 1.1246767)
(-0.89399952 0 1.1857969)
(-0.93297605 0 1.2505733)
(-0.97310894 0 1.3192528)
(-1.0143843 0 1.3921008)
(-1.0567807 0 1.4694033)
(-0.04987786 0 0.10100094)
(-0.0554277 0 0.10579119)
(-0.061235939 0 0.11081829)
(-0.067314253 0 0.11609434)
(-0.073674812 0 0.12163207)
(-0.080330294 0 0.12744494)
(-0.087293904 0 0.1335471)
(-0.094579391 0 0.13995351)
(-0.10220106 0 0.14667994)
(-0.11017381 0 0.15374304)
(-0.11851311 0 0.16116037)
(-0.12723508 0 0.16895051)
(-0.13635642 0 0.17713305)
(-0.14589452 0 0.18572871)
(-0.15586742 0 0.1947594)
(-0.16629383 0 0.20424826)
(-0.17719314 0 0.2142198)
(-0.18858549 0 0.22469994)
(-0.20049169 0 0.23571611)
(-0.21293329 0 0.24729736)
(-0.2259326 0 0.25947449)
(-0.23951264 0 0.2722801)
(-0.2536972 0 0.28574879)
(-0.2685108 0 0.29991724)
(-0.28397871 0 0.31482437)
(-0.30012695 0 0.33051151)
(-0.31698226 0 0.34702253)
(-0.33457207 0 0.36440407)
(-0.35292455 0 0.38270569)
(-0.37206848 0 0.40198011)
(-0.3920333 0 0.42228341)
(-0.41284903 0 0.44367532)
(-0.43454622 0 0.4662194)
(-0.45715588 0 0.48998345)
(-0.48070943 0 0.51503969)
(-0.50523857 0 0.5414652)
(-0.53077525 0 0.56934221)
(-0.55735146 0 0.59875855)
(-0.58499916 0 0.62980803)
(-0.6137501 0 0.66259095)
(-0.64363564 0 0.69721456)
(-0.67468656 0 0.73379362)
(-0.70693277 0 0.77245103)
(-0.74040315 0 0.81331841)
(-0.77512515 0 0.85653684)
(-0.81112449 0 0.90225762)
(-0.84842481 0 0.9506431)
(-0.88704718 0 1.0018675)
(-0.92700969 0 1.0561182)
(-0.96832686 0 1.1135962)
(-1.011009 0 1.1745178)
(-1.0550618 0 1.239116)
(-1.100485 0 1.3076412)
(-1.1472723 0 1.3803633)
(-0.060365007 0 0.09325788)
(-0.066213221 0 0.097696789)
(-0.072334551 0 0.10235524)
(-0.07874142 0 0.10724444)
(-0.085446787 0 0.11237622)
(-0.092464159 0 0.11776304)
(-0.099807618 0 0.12341803)
(-0.10749183 0 0.12935507)
(-0.11553209 0 0.13558879)
(-0.1239443 0 0.14213463)
(-0.13274504 0 0.14900888)
(-0.14195154 0 0.15622878)
(-0.15158173 0 0.16381251)
(-0.16165428 0 0.17177929)
(-0.17218856 0 0.18014944)
(-0.18320472 0 0.18894445)
(-0.19472365 0 0.19818706)
(-0.20676707 0 0.20790131)
(-0.21935748 0 0.21811269)
(-0.23251823 0 0.22884815)
(-0.2462735 0 0.24013626)
(-0.26064831 0 0.25200732)
(-0.27566856 0 0.26449343)
(-0.29136102 0 0.27762865)
(-0.30775336 0 0.29144912)
(-0.32487409 0 0.30599321)
(-0.34275264 0 0.32130169)
(-0.3614193 0 0.33741785)
(-0.38090523 0 0.35438774)
(-0.40124246 0 0.37226032)
(-0.42246381 0 0.39108771)
(-0.44460294 0 0.41092538)
(-0.46769426 0 0.43183241)
(-0.49177289 0 0.45387178)
(-0.51687464 0 0.47711063)
(-0.54303589 0 0.50162058)
(-0.57029353 0 0.52747809)
(-0.59868489 0 0.55476478)
(-0.6282476 0 0.58356789)
(-0.65901945 0 0.61398065)
(-0.69103828 0 0.64610281)
(-0.72434177 0 0.6800411)
(-0.75896726 0 0.7159098)
(-0.7949515 0 0.75383134)
(-0.83233045 0 0.79393698)
(-0.87113891 0 0.83636746)
(-0.91141024 0 0.88127383)
(-0.95317598 0 0.92881825)
(-0.99646541 0 0.97917495)
(-1.0413051 0 1.0325312)
(-1.0877183 0 1.0890883)
(-1.1357244 0 1.1490629)
(-1.1853384 0 1.2126884)
(-1.2365699 0 1.280216)
(0.48730736 0 0.17392102)
(0.48730455 0 0.18194437)
(0.4873016 0 0.19035124)
(0.48729851 0 0.19915998)
(0.48729527 0 0.2083898)
(0.48729188 0 0.21806082)
(0.48728832 0 0.22819413)
(0.48728459 0 0.23881184)
(0.48728069 0 0.2499371)
(0.4872766 0 0.26159416)
(0.48727232 0 0.27380846)
(0.48726783 0 0.28660663)
(0.48726312 0 0.30001657)
(0.48725819 0 0.31406754)
(0.48725302 0 0.32879017)
(0.48724761 0 0.34421658)
(0.48724194 0 0.3603804)
(0.487236 0 0.37731688)
(0.48722977 0 0.39506296)
(0.48722325 0 0.41365734)
(0.48721641 0 0.43314056)
(0.48720925 0 0.45355513)
(0.48720174 0 0.47494555)
(0.48719388 0 0.49735848)
(0.48718564 0 0.5208428)
(0.48717701 0 0.54544971)
(0.48716796 0 0.57123288)
(0.48715848 0 0.59824854)
(0.48714855 0 0.62655561)
(0.48713814 0 0.65621581)
(0.48712724 0 0.68729382)
(0.48711582 0 0.71985743)
(0.48710384 0 0.75397765)
(0.4870913 0 0.78972889)
(0.48707816 0 0.8271891)
(0.48706439 0 0.86643999)
(0.48704996 0 0.90756716)
(0.48703484 0 0.95066028)
(0.48701899 0 0.99581335)
(0.48700239 0 1.0431248)
(0.486985 0 1.0926979)
(0.48696678 0 1.1446406)
(0.48694768 0 1.1990664)
(0.48692767 0 1.2560937)
(0.48690671 0 1.3158471)
(0.48688474 0 1.3784569)
(0.48686172 0 1.4440595)
(0.48683761 0 1.5127981)
(0.48681234 0 1.5848225)
(0.48678586 0 1.6602898)
(0.48675811 0 1.7393646)
(0.48672904 0 1.8222193)
(0.48669858 0 1.9090347)
(0.48666667 0 2)
(0.46391506 0 0.17519639)
(0.4639125 0 0.18321413)
(0.46390982 0 0.19161513)
(0.46390702 0 0.20041772)
(0.46390408 0 0.20964109)
(0.463901 0 0.21930536)
(0.46389777 0 0.2294316)
(0.46389438 0 0.24004189)
(0.46389084 0 0.25115938)
(0.46388713 0 0.2628083)
(0.46388324 0 0.27501407)
(0.46387916 0 0.28780329)
(0.46387489 0 0.30120387)
(0.46387041 0 0.31524503)
(0.46386572 0 0.32995738)
(0.46386081 0 0.34537301)
(0.46385566 0 0.36152554)
(0.46385026 0 0.37845019)
(0.46384461 0 0.39618387)
(0.46383869 0 0.41476527)
(0.46383248 0 0.43423489)
(0.46382598 0 0.4546352)
(0.46381916 0 0.47601068)
(0.46381202 0 0.49840796)
(0.46380454 0 0.52187587)
(0.4637967 0 0.54646559)
(0.46378849 0 0.57223076)
(0.46377988 0 0.59922755)
(0.46377086 0 0.62751485)
(0.46376141 0 0.65715433)
(0.46375151 0 0.68821064)
(0.46374114 0 0.72075151)
(0.46373027 0 0.7548479)
(0.46371888 0 0.79057416)
(0.46370695 0 0.82800822)
(0.46369444 0 0.86723169)
(0.46368134 0 0.90833013)
(0.46366762 0 0.95139316)
(0.46365323 0 0.99651469)
(0.46363816 0 1.0437931)
(0.46362237 0 1.0933316)
(0.46360582 0 1.145238)
(0.46358848 0 1.1996257)
(0.46357032 0 1.2566133)
(0.46355128 0 1.316325)
(0.46353133 0 1.378891)
(0.46351044 0 1.4444478)
(0.46348854 0 1.5131383)
(0.46346559 0 1.5851124)
(0.46344155 0 1.660527)
(0.46341636 0 1.7395466)
(0.46338997 0 1.8223435)
(0.46336231 0 1.9090982)
(0.46333333 0 2)
(0.44051572 0 0.17634432)
(0.44051345 0 0.18435702)
(0.44051108 0 0.19275274)
(0.44050859 0 0.20154979)
(0.44050598 0 0.21076736)
(0.44050325 0 0.22042554)
(0.44050039 0 0.23054541)
(0.44049739 0 0.24114903)
(0.44049425 0 0.25225952)
(0.44049096 0 0.26390112)
(0.44048751 0 0.27609921)
(0.44048389 0 0.28888039)
(0.44048011 0 0.30227254)
(0.44047614 0 0.31630486)
(0.44047198 0 0.33100796)
(0.44046762 0 0.34641389)
(0.44046306 0 0.36255626)
(0.44045828 0 0.37947026)
(0.44045326 0 0.39719279)
(0.44044801 0 0.41576249)
(0.44044251 0 0.43521987)
(0.44043674 0 0.45560734)
(0.4404307 0 0.47696938)
(0.44042437 0 0.49935257)
(0.44041774 0 0.52280571)
(0.44041079 0 0.54737997)
(0.44040351 0 0.57312893)
(0.44039588 0 0.60010874)
(0.44038789 0 0.62837824)
(0.44037951 0 0.65799908)
(0.44037073 0 0.68903585)
(0.44036154 0 0.72155625)
(0.4403519 0 0.75563119)
(0.4403418 0 0.79133498)
(0.44033122 0 0.82874548)
(0.44032014 0 0.86794429)
(0.44030852 0 0.90901687)
(0.44029635 0 0.95205281)
(0.4402836 0 0.99714596)
(0.44027024 0 1.0443946)
(0.44025624 0 1.0939019)
(0.44024157 0 1.1457757)
(0.4402262 0 1.2001292)
(0.44021009 0 1.2570809)
(0.44019322 0 1.3167551)
(0.44017554 0 1.3792817)
(0.44015701 0 1.4447973)
(0.44013759 0 1.5134446)
(0.44011725 0 1.5853734)
(0.44009594 0 1.6607406)
(0.44007361 0 1.7397105)
(0.44005021 0 1.8224552)
(0.44002569 0 1.9091554)
(0.44 0 2)
(0.41710962 0 0.17735465)
(0.41710767 0 0.18536291)
(0.41710563 0 0.19375398)
(0.4171035 0 0.20254616)
(0.41710126 0 0.21175862)
(0.41709891 0 0.22141145)
(0.41709645 0 0.23152571)
(0.41709388 0 0.24212346)
(0.41709118 0 0.25322779)
(0.41708835 0 0.26486294)
(0.41708539 0 0.27705427)
(0.41708228 0 0.28982837)
(0.41707903 0 0.3032131)
(0.41707562 0 0.31723765)
(0.41707205 0 0.3319326)
(0.41706831 0 0.34733)
(0.41706439 0 0.36346342)
(0.41706028 0 0.38036806)
(0.41705598 0 0.39808077)
(0.41705147 0 0.41664018)
(0.41704674 0 0.43608678)
(0.41704179 0 0.45646296)
(0.4170366 0 0.47781316)
(0.41703116 0 0.50018394)
(0.41702547 0 0.5236241)
(0.4170195 0 0.54818474)
(0.41701324 0 0.57391943)
(0.41700669 0 0.6008843)
(0.41699982 0 0.62913813)
(0.41699263 0 0.65874256)
(0.41698509 0 0.68976214)
(0.41697719 0 0.72226453)
(0.41696891 0 0.75632059)
(0.41696024 0 0.7920046)
(0.41695116 0 0.82939437)
(0.41694163 0 0.86857146)
(0.41693166 0 0.90962129)
(0.4169212 0 0.95263339)
(0.41691025 0 0.99770155)
(0.41689878 0 1.0449241)
(0.41688675 0 1.0944039)
(0.41687415 0 1.146249)
(0.41686095 0 1.2005724)
(0.41684712 0 1.2574925)
(0.41683262 0 1.3171336)
(0.41681743 0 1.3796256)
(0.41680152 0 1.4451049)
(0.41678485 0 1.5137142)
(0.41676738 0 1.5856031)
(0.41674907 0 1.6609285)
(0.41672989 0 1.7398547)
(0.41670979 0 1.8225536)
(0.41668873 0 1.9092057)
(0.41666667 0 2)
(0.39369717 0 0.17821599)
(0.39369557 0 0.18622046)
(0.3936939 0 0.19460756)
(0.39369214 0 0.20339558)
(0.3936903 0 0.21260369)
(0.39368838 0 0.22225197)
(0.39368636 0 0.23236145)
(0.39368424 0 0.24295418)
(0.39368202 0 0.25405327)
(0.3936797 0 0.26568292)
(0.39367727 0 0.27786849)
(0.39367472 0 0.29063656)
(0.39367205 0 0.30401496)
(0.39366925 0 0.31803288)
(0.39366631 0 0.33272088)
(0.39366324 0 0.348111)
(0.39366002 0 0.36423681)
(0.39365665 0 0.38113345)
(0.39365311 0 0.39883779)
(0.3936494 0 0.41738844)
(0.39364552 0 0.43682584)
(0.39364145 0 0.45719239)
(0.39363719 0 0.4785325)
(0.39363273 0 0.50089272)
(0.39362805 0 0.5243218)
(0.39362315 0 0.54887083)
(0.39361801 0 0.57459336)
(0.39361263 0 0.60154548)
(0.39360699 0 0.62978597)
(0.39360108 0 0.65937641)
(0.39359488 0 0.69038133)
(0.3935884 0 0.72286835)
(0.3935816 0 0.75690832)
(0.39357447 0 0.79257546)
(0.39356701 0 0.82994757)
(0.39355919 0 0.86910614)
(0.393551 0 0.91013657)
(0.39354241 0 0.95312834)
(0.39353341 0 0.99817521)
(0.39352399 0 1.0453754)
(0.39351411 0 1.0948319)
(0.39350376 0 1.1466525)
(0.39349292 0 1.2009502)
(0.39348155 0 1.2578434)
(0.39346965 0 1.3174563)
(0.39345717 0 1.3799188)
(0.3934441 0 1.4453671)
(0.39343041 0 1.513944)
(0.39341606 0 1.585799)
(0.39340102 0 1.6610888)
(0.39338526 0 1.7399776)
(0.39336876 0 1.8226375)
(0.39335146 0 1.9092486)
(0.39333333 0 2)
(0.37027897 0 0.17891529)
(0.37027774 0 0.18691669)
(0.37027646 0 0.19530058)
(0.37027511 0 0.20408522)
(0.3702737 0 0.2132898)
(0.37027223 0 0.22293437)
(0.37027068 0 0.23303997)
(0.37026906 0 0.24362864)
(0.37026736 0 0.25472347)
(0.37026558 0 0.26634865)
(0.37026371 0 0.27852954)
(0.37026175 0 0.29129271)
(0.37025971 0 0.30466598)
(0.37025756 0 0.31867851)
(0.37025531 0 0.33336088)
(0.37025295 0 0.34874509)
(0.37025048 0 0.36486471)
(0.3702479 0 0.38175487)
(0.37024519 0 0.39945241)
(0.37024234 0 0.41799593)
(0.37023937 0 0.43742588)
(0.37023625 0 0.45778461)
(0.37023298 0 0.47911653)
(0.37022956 0 0.50146816)
(0.37022597 0 0.52488825)
(0.37022221 0 0.54942786)
(0.37021827 0 0.57514052)
(0.37021414 0 0.60208229)
(0.37020982 0 0.63031193)
(0.37020529 0 0.65989101)
(0.37020054 0 0.69088404)
(0.37019557 0 0.72335859)
(0.37019035 0 0.75738549)
(0.37018489 0 0.79303894)
(0.37017917 0 0.8303967)
(0.37017317 0 0.86954025)
(0.37016689 0 0.91055493)
(0.37016031 0 0.95353019)
(0.37015341 0 0.99855977)
(0.37014618 0 1.0457418)
(0.37013861 0 1.0951793)
(0.37013067 0 1.14698)
(0.37012236 0 1.2012569)
(0.37011365 0 1.2581283)
(0.37010452 0 1.3177183)
(0.37009495 0 1.3801568)
(0.37008493 0 1.44558)
(0.37007443 0 1.5141305)
(0.37006343 0 1.585958)
(0.3700519 0 1.6612189)
(0.37003982 0 1.7400774)
(0.37002716 0 1.8227055)
(0.3700139 0 1.9092835)
(0.37 0 2)
(0.34685586 0 0.1794381)
(0.34685503 0 0.1874372)
(0.34685416 0 0.19581868)
(0.34685325 0 0.2046008)
(0.34685229 0 0.21380273)
(0.34685129 0 0.22344454)
(0.34685024 0 0.23354723)
(0.34684914 0 0.24413286)
(0.34684799 0 0.25522451)
(0.34684678 0 0.26684635)
(0.34684551 0 0.27902375)
(0.34684419 0 0.29178325)
(0.3468428 0 0.30515268)
(0.34684134 0 0.3191612)
(0.34683982 0 0.33383935)
(0.34683822 0 0.34921914)
(0.34683654 0 0.36533413)
(0.34683479 0 0.38221944)
(0.34683295 0 0.3999119)
(0.34683102 0 0.4184501)
(0.346829 0 0.43787447)
(0.34682689 0 0.45822735)
(0.34682467 0 0.47955315)
(0.34682235 0 0.50189837)
(0.34681992 0 0.52531173)
(0.34681737 0 0.54984429)
(0.3468147 0 0.57554957)
(0.3468119 0 0.60248361)
(0.34680897 0 0.63070515)
(0.34680589 0 0.66027574)
(0.34680267 0 0.69125986)
(0.3467993 0 0.72372509)
(0.34679576 0 0.75774222)
(0.34679206 0 0.79338544)
(0.34678818 0 0.83073248)
(0.34678411 0 0.86986478)
(0.34677985 0 0.91086769)
(0.34677539 0 0.95383062)
(0.34677071 0 0.99884726)
(0.34676581 0 1.0460158)
(0.34676067 0 1.0954391)
(0.34675529 0 1.1472249)
(0.34674965 0 1.2014862)
(0.34674374 0 1.2583413)
(0.34673755 0 1.3179142)
(0.34673106 0 1.3803347)
(0.34672427 0 1.4457392)
(0.34671714 0 1.51427)
(0.34670968 0 1.5860768)
(0.34670186 0 1.6613161)
(0.34669367 0 1.740152)
(0.34668509 0 1.8227564)
(0.34667609 0 1.9093095)
(0.34666667 0 2)
(0.32342901 0 0.17976776)
(0.32342859 0 0.18776542)
(0.32342815 0 0.19614537)
(0.32342769 0 0.20492591)
(0.3234272 0 0.21412617)
(0.3234267 0 0.22376623)
(0.32342617 0 0.2338671)
(0.32342561 0 0.24445081)
(0.32342503 0 0.25554045)
(0.32342442 0 0.26716019)
(0.32342378 0 0.27933538)
(0.3234231 0 0.29209257)
(0.3234224 0 0.30545958)
(0.32342167 0 0.31946556)
(0.32342089 0 0.33414105)
(0.32342009 0 0.34951806)
(0.32341924 0 0.36563013)
(0.32341835 0 0.38251238)
(0.32341742 0 0.40020164)
(0.32341645 0 0.41873649)
(0.32341543 0 0.43815733)
(0.32341436 0 0.45850654)
(0.32341324 0 0.47982847)
(0.32341206 0 0.50216964)
(0.32341083 0 0.52557876)
(0.32340954 0 0.55010689)
(0.32340819 0 0.57580751)
(0.32340678 0 0.60273667)
(0.32340529 0 0.6309531)
(0.32340374 0 0.66051833)
(0.32340211 0 0.69149685)
(0.32340041 0 0.72395619)
(0.32339862 0 0.75796717)
(0.32339674 0 0.79360393)
(0.32339478 0 0.83094421)
(0.32339273 0 0.87006942)
(0.32339057 0 0.91106491)
(0.32338831 0 0.95402006)
(0.32338595 0 0.99902855)
(0.32338347 0 1.0461885)
(0.32338087 0 1.0956029)
(0.32337815 0 1.1473793)
(0.3233753 0 1.2016308)
(0.32337231 0 1.2584756)
(0.32336918 0 1.3180377)
(0.3233659 0 1.3804469)
(0.32336246 0 1.4458395)
(0.32335886 0 1.514358)
(0.32335509 0 1.5861518)
(0.32335113 0 1.6613775)
(0.32334699 0 1.7401991)
(0.32334265 0 1.8227885)
(0.3233381 0 1.9093259)
(0.32333333 0 2)
(0.3 -0.1 0.17988542)
(0.27588529 -0.1 0.17776825)
(0.3 -0.1 0.18788256)
(0.27569125 -0.1 0.18564013)
(0.3 -0.1 0.19626197)
(0.27548904 -0.1 0.19388956)
(0.3 -0.1 0.20504194)
(0.27527837 -0.1 0.20253471)
(0.3 -0.1 0.21424161)
(0.27505895 -0.1 0.21159463)
(0.3 -0.1 0.22388104)
(0.2748305 -0.1 0.22108929)
(0.3 -0.1 0.23398126)
(0.27459273 -0.1 0.23103965)
(0.3 -0.1 0.24456429)
(0.27434535 -0.1 0.24146765)
(0.3 -0.1 0.25565321)
(0.27408808 -0.1 0.25239633)
(0.3 -0.1 0.2672722)
(0.27382062 -0.1 0.26384984)
(0.3 -0.1 0.2794466)
(0.27354269 -0.1 0.2758535)
(0.3 -0.1 0.29220297)
(0.27325404 -0.1 0.28843388)
(0.3 -0.1 0.30556911)
(0.27295438 -0.1 0.30161881)
(0.3 -0.1 0.31957418)
(0.27264348 -0.1 0.31543752)
(0.3 -0.1 0.33424873)
(0.27232109 -0.1 0.32992065)
(0.3 -0.1 0.34962475)
(0.27198699 -0.1 0.34510033)
(0.3 -0.1 0.36573577)
(0.271641 -0.1 0.36101027)
(0.3 -0.1 0.38261693)
(0.27128293 -0.1 0.37768583)
(0.3 -0.1 0.40030505)
(0.27091264 -0.1 0.39516412)
(0.3 -0.1 0.4188387)
(0.27053005 -0.1 0.41348405)
(0.3 -0.1 0.43825829)
(0.27013507 -0.1 0.43268646)
(0.3 -0.1 0.45860617)
(0.2697277 -0.1 0.45281418)
(0.3 -0.1 0.47992673)
(0.26930799 -0.1 0.47391218)
(0.3 -0.1 0.50226646)
(0.26887603 -0.1 0.49602764)
(0.3 -0.1 0.52567406)
(0.26843202 -0.1 0.51921006)
(0.3 -0.1 0.5502006)
(0.26797621 -0.1 0.54351141)
(0.3 -0.1 0.57589956)
(0.26750896 -0.1 0.56898623)
(0.3 -0.1 0.60282698)
(0.26703074 -0.1 0.59569177)
(0.3 -0.1 0.63104159)
(0.26654214 -0.1 0.62368812)
(0.3 -0.1 0.66060491)
(0.26604388 -0.1 0.65303839)
(0.3 -0.1 0.69158142)
(0.26553685 -0.1 0.68380883)
(0.3 -0.1 0.72403868)
(0.26502209 -0.1 0.716069)
(0.3 -0.1 0.75804745)
(0.26450085 -0.1 0.74989196)
(0.3 -0.1 0.79368191)
(0.26397461 -0.1 0.78535444)
(0.3 -0.1 0.83101977)
(0.26344505 -0.1 0.82253704)
(0.3 -0.1 0.87014246)
(0.26291418 -0.1 0.86152442)
(0.3 -0.1 0.91113529)
(0.26238427 -0.1 0.90240553)
(0.3 -0.1 0.95408767)
(0.26185794 -0.1 0.94527385)
(0.3 -0.1 0.99909325)
(0.26133821 -0.1 0.99022759)
(0.3 -0.1 1.0462502)
(0.26082849 -0.1 1.03737)
(0.3 -0.1 1.0956613)
(0.26033267 -0.1 1.0868096)
(0.3 -0.1 1.1474344)
(0.25985516 -0.1 1.1386604)
(0.3 -0.1 1.2016824)
(0.25940096 -0.1 1.1930424)
(0.3 -0.1 1.2585235)
(0.25897568 -0.1 1.2500818)
(0.3 -0.1 1.3180817)
(0.25858568 -0.1 1.3099113)
(0.3 -0.1 1.380487)
(0.25823808 -0.1 1.3726704)
(0.3 -0.1 1.4458753)
(0.25794088 -0.1 1.438506)
(0.3 -0.1 1.5143894)
(0.25770305 -0.1 1.5075726)
(0.3 -0.1 1.5861785)
(0.25753464 -0.1 1.5800329)
(0.3 -0.1 1.6613993)
(0.25744687 -0.1 1.6560582)
(0.3 -0.1 1.7402159)
(0.25745227 -0.1 1.7358288)
(0.3 -0.1 1.8228)
(0.25756483 -0.1 1.8195346)
(0.3 -0.1 1.9093318)
(0.25780014 -0.1 1.9073756)
(0.3 -0.1 2)
(0.25817555 -0.1 1.9995626)
(0.25283711 -0.1 0.17556845)
(0.25244345 -0.1 0.183322)
(0.25203308 -0.1 0.19144859)
(0.25160542 -0.1 0.1999663)
(0.25115985 -0.1 0.20889407)
(0.25069578 -0.1 0.21825179)
(0.2502126 -0.1 0.22806034)
(0.24970968 -0.1 0.23834159)
(0.24918642 -0.1 0.24911853)
(0.24864221 -0.1 0.26041526)
(0.24807644 -0.1 0.27225709)
(0.24748851 -0.1 0.28467056)
(0.24687786 -0.1 0.29768355)
(0.24624391 -0.1 0.31132532)
(0.24558613 -0.1 0.32562658)
(0.24490402 -0.1 0.34061958)
(0.2441971 -0.1 0.35633819)
(0.24346496 -0.1 0.37281795)
(0.24270724 -0.1 0.39009622)
(0.24192362 -0.1 0.40821221)
(0.24111387 -0.1 0.42720712)
(0.24027788 -0.1 0.44712423)
(0.23941558 -0.1 0.46800902)
(0.23852708 -0.1 0.48990927)
(0.23761257 -0.1 0.51287519)
(0.23667244 -0.1 0.53695957)
(0.23570722 -0.1 0.5622179)
(0.23471767 -0.1 0.58870851)
(0.23370475 -0.1 0.61649273)
(0.23266969 -0.1 0.64563509)
(0.231614 -0.1 0.67620344)
(0.23053953 -0.1 0.70826916)
(0.22944846 -0.1 0.74190738)
(0.22834343 -0.1 0.77719714)
(0.22722749 -0.1 0.81422166)
(0.22610422 -0.1 0.85306854)
(0.22497779 -0.1 0.89383005)
(0.22385298 -0.1 0.93660334)
(0.22273531 -0.1 0.98149078)
(0.22163107 -0.1 1.0286002)
(0.22054746 -0.1 1.0780454)
(0.21949265 -0.1 1.1299461)
(0.21847589 -0.1 1.1844287)
(0.21750768 -0.1 1.2416266)
(0.21659985 -0.1 1.3016804)
(0.21576571 -0.1 1.3647385)
(0.21502026 -0.1 1.4309576)
(0.21438031 -0.1 1.5005032)
(0.21386474 -0.1 1.57355)
(0.21349465 -0.1 1.6502828)
(0.21329364 -0.1 1.7308967)
(0.2132881 -0.1 1.8155982)
(0.21350743 -0.1 1.9046054)
(0.21398442 -0.1 1.9981495)
(0.23078795 -0.1 0.17328387)
(0.23018858 -0.1 0.1809249)
(0.22956358 -0.1 0.18893466)
(0.22891204 -0.1 0.19733109)
(0.22823302 -0.1 0.20613307)
(0.22752555 -0.1 0.21536038)
(0.22678868 -0.1 0.22503381)
(0.22602142 -0.1 0.23517518)
(0.2252228 -0.1 0.24580739)
(0.22439184 -0.1 0.2569545)
(0.22352756 -0.1 0.26864177)
(0.222629 -0.1 0.28089575)
(0.22169522 -0.1 0.2937443)
(0.22072527 -0.1 0.30721671)
(0.21971827 -0.1 0.32134376)
(0.21867334 -0.1 0.33615777)
(0.21758969 -0.1 0.35169272)
(0.21646656 -0.1 0.36798433)
(0.21530326 -0.1 0.38507015)
(0.2140992 -0.1 0.40298965)
(0.21285388 -0.1 0.42178433)
(0.21156693 -0.1 0.44149787)
(0.21023811 -0.1 0.46217617)
(0.20886735 -0.1 0.48386755)
(0.20745473 -0.1 0.50662286)
(0.2060006 -0.1 0.53049558)
(0.2045055 -0.1 0.55554205)
(0.20297027 -0.1 0.58182156)
(0.20139607 -0.1 0.60939654)
(0.19978439 -0.1 0.63833278)
(0.19813715 -0.1 0.66869955)
(0.19645669 -0.1 0.70056989)
(0.19474591 -0.1 0.73402074)
(0.19300823 -0.1 0.76913325)
(0.19124774 -0.1 0.80599297)
(0.18946926 -0.1 0.84469016)
(0.18767839 -0.1 0.88532004)
(0.18588166 -0.1 0.92798311)
(0.1840866 -0.1 0.97278548)
(0.18230185 -0.1 1.0198392)
(0.18053731 -0.1 1.0692626)
(0.17880428 -0.1 1.1211807)
(0.17711561 -0.1 1.1757258)
(0.17548587 -0.1 1.2330376)
(0.17393155 -0.1 1.2932641)
(0.17247126 -0.1 1.3565615)
(0.17112598 -0.1 1.4230956)
(0.16991929 -0.1 1.4930417)
(0.16887768 -0.1 1.5665856)
(0.16803084 -0.1 1.6439242)
(0.16741203 -0.1 1.7252661)
(0.16705844 -0.1 1.8108327)
(0.16701159 -0.1 1.9008589)
(0.16731783 -0.1 1.995594)
(0.20967372 -0.1 0.17091042)
(0.20886203 -0.1 0.17844361)
(0.20801542 -0.1 0.18634131)
(0.2071326 -0.1 0.1946214)
(0.20621224 -0.1 0.20330263)
(0.20525302 -0.1 0.21240468)
(0.20425357 -0.1 0.22194826)
(0.20321253 -0.1 0.2319551)
(0.20212851 -0.1 0.24244802)
(0.20100012 -0.1 0.25345103)
(0.19982597 -0.1 0.26498934)
(0.19860467 -0.1 0.27708945)
(0.19733485 -0.1 0.28977922)
(0.19601516 -0.1 0.30308794)
(0.19464427 -0.1 0.3170464)
(0.19322089 -0.1 0.331687)
(0.19174379 -0.1 0.34704379)
(0.19021181 -0.1 0.36315261)
(0.18862387 -0.1 0.38005118)
(0.18697897 -0.1 0.39777915)
(0.18527625 -0.1 0.41637832)
(0.18351499 -0.1 0.43589263)
(0.18169462 -0.1 0.45636839)
(0.17981478 -0.1 0.47785436)
(0.17787531 -0.1 0.50040191)
(0.17587632 -0.1 0.52406516)
(0.17381823 -0.1 0.54890116)
(0.17170176 -0.1 0.57497002)
(0.16952806 -0.1 0.60233517)
(0.16729867 -0.1 0.63106346)
(0.16501567 -0.1 0.66122544)
(0.16268167 -0.1 0.69289558)
(0.16029993 -0.1 0.72615244)
(0.1578744 -0.1 0.76107902)
(0.15540987 -0.1 0.79776295)
(0.15291198 -0.1 0.83629684)
(0.15038742 -0.1 0.87677854)
(0.147844 -0.1 0.91931153)
(0.14529076 -0.1 0.96400525)
(0.14273819 -0.1 1.0109754)
(0.14019833 -0.1 1.0603447)
(0.13768498 -0.1 1.1122426)
(0.13521388 -0.1 1.1668068)
(0.13280295 -0.1 1.2241826)
(0.13047251 -0.1 1.2845245)
(0.12824559 -0.1 1.3479962)
(0.12614815 -0.1 1.4147711)
(0.1242095 -0.1 1.4850337)
(0.12246257 -0.1 1.5589795)
(0.12094438 -0.1 1.6368163)
(0.11969641 -0.1 1.7187652)
(0.11876514 -0.1 1.8050608)
(0.11820256 -0.1 1.8959531)
(0.11806673 -0.1 1.9917079)
(0.18943381 -0.1 0.16844247)
(0.18840276 -0.1 0.17587126)
(0.18732705 -0.1 0.18366044)
(0.18620501 -0.1 0.19182777)
(0.18503492 -0.1 0.20039189)
(0.18381503 -0.1 0.20937238)
(0.18254356 -0.1 0.21878985)
(0.18121869 -0.1 0.22866592)
(0.17983861 -0.1 0.23902334)
(0.17840147 -0.1 0.24988604)
(0.17690541 -0.1 0.26127916)
(0.17534857 -0.1 0.27322914)
(0.17372909 -0.1 0.28576381)
(0.17204515 -0.1 0.29891243)
(0.17029492 -0.1 0.3127058)
(0.16847662 -0.1 0.32717632)
(0.16658854 -0.1 0.34235811)
(0.164629 -0.1 0.35828708)
(0.16259644 -0.1 0.37500104)
(0.16048938 -0.1 0.39253982)
(0.15830648 -0.1 0.4109454)
(0.15604655 -0.1 0.43026197)
(0.15370859 -0.1 0.45053615)
(0.1512918 -0.1 0.47181704)
(0.14879564 -0.1 0.49415647)
(0.14621985 -0.1 0.51760906)
(0.14356451 -0.1 0.54223247)
(0.14083007 -0.1 0.56808752)
(0.13801746 -0.1 0.59523844)
(0.13512807 -0.1 0.62375303)
(0.13216387 -0.1 0.65370294)
(0.12912748 -0.1 0.68516384)
(0.12602227 -0.1 0.71821572)
(0.12285241 -0.1 0.75294316)
(0.11962301 -0.1 0.78943562)
(0.11634024 -0.1 0.82778775)
(0.11301142 -0.1 0.86809972)
(0.1096452 -0.1 0.9104776)
(0.10625173 -0.1 0.95503375)
(0.10284277 -0.1 1.0018872)
(0.099431955 -0.1 1.0511642)
(0.096034959 -0.1 1.1029986)
(0.092669759 -0.1 1.1575323)
(0.089356882 -0.1 1.2149162)
(0.086119698 -0.1 1.2753102)
(0.082984737 -0.1 1.3388845)
(0.079982038 -0.1 1.4058196)
(0.077145542 -0.1 1.4763079)
(0.074513513 -0.1 1.5505537)
(0.072129013 -0.1 1.6287746)
(0.07004042 -0.1 1.7112024)
(0.068302004 -0.1 1.798084)
(0.066974556 -0.1 1.8896826)
(0.066126083 -0.1 1.9862787)
(0.17001104 -0.1 0.1658723)
(0.16875312 -0.1 0.17319884)
(0.16744039 -0.1 0.18088166)
(0.16607073 -0.1 0.1889384)
(0.16464201 -0.1 0.19738757)
(0.16315202 -0.1 0.20624865)
(0.16159853 -0.1 0.21554211)
(0.15997924 -0.1 0.2252895)
(0.15829186 -0.1 0.23551344)
(0.15653403 -0.1 0.24623776)
(0.15470339 -0.1 0.25748753)
(0.15279755 -0.1 0.26928911)
(0.15081412 -0.1 0.28167025)
(0.14875072 -0.1 0.29466017)
(0.14660497 -0.1 0.30828962)
(0.14437455 -0.1 0.32259101)
(0.14205714 -0.1 0.33759844)
(0.13965051 -0.1 0.35334785)
(0.13715252 -0.1 0.36987714)
(0.1345611 -0.1 0.38722622)
(0.13187434 -0.1 0.40543717)
(0.12909047 -0.1 0.4245544)
(0.12620792 -0.1 0.44462471)
(0.12322533 -0.1 0.46569752)
(0.12014163 -0.1 0.48782495)
(0.11695602 -0.1 0.51106205)
(0.11366811 -0.1 0.53546696)
(0.11027789 -0.1 0.56110107)
(0.10678583 -0.1 0.58802928)
(0.10319297 -0.1 0.61632017)
(0.099500957 -0.1 0.64604626)
(0.095712163 -0.1 0.67728428)
(0.091829761 -0.1 0.71011539)
(0.087857843 -0.1 0.74462554)
(0.083801533 -0.1 0.7809057)
(0.079667124 -0.1 0.81905228)
(0.075462215 -0.1 0.85916742)
(0.071195884 -0.1 0.90135943)
(0.066878856 -0.1 0.94574319)
(0.06252371 -0.1 0.99244057)
(0.058145092 -0.1 1.041581)
(0.053759963 -0.1 1.0933018)
(0.049387861 -0.1 1.1477491)
(0.045051205 -0.1 1.205078)
(0.040775618 -0.1 1.2654536)
(0.036590287 -0.1 1.3290516)
(0.032528371 -0.1 1.3960587)
(0.028627434 -0.1 1.4666743)
(0.024929935 -0.1 1.5411104)
(0.021483769 -0.1 1.6195931)
(0.018342853 -0.1 1.7023639)
(0.015567785 -0.1 1.7896801)
(0.013226564 -0.1 1.8818167)
(0.011395382 -0.1 1.9790673)
(0.15135161 -0.1 0.16318953)
(0.14985893 -0.1 0.17041458)
(0.14830082 -0.1 0.17799176)
(0.14667473 -0.1 0.18593855)
(0.14497803 -0.1 0.19427335)
(0.14320805 -0.1 0.2030155)
(0.14136205 -0.1 0.21218535)
(0.13943725 -0.1 0.2218043)
(0.1374308 -0.1 0.23189488)
(0.13533981 -0.1 0.24248079)
(0.13316134 -0.1 0.25358697)
(0.13089245 -0.1 0.26523969)
(0.12853015 -0.1 0.27746661)
(0.12607145 -0.1 0.29029686)
(0.12351336 -0.1 0.30376111)
(0.1208529 -0.1 0.31789172)
(0.11808713 -0.1 0.33272274)
(0.11521315 -0.1 0.34829011)
(0.11222814 -0.1 0.36463171)
(0.10912938 -0.1 0.38178749)
(0.10591426 -0.1 0.3997996)
(0.10258033 -0.1 0.41871252)
(0.099125318 -0.1 0.43857322)
(0.095547186 -0.1 0.45943127)
(0.091844166 -0.1 0.48133905)
(0.088014805 -0.1 0.50435189)
(0.084058024 -0.1 0.52852827)
(0.079973177 -0.1 0.55393003)
(0.075760122 -0.1 0.58062257)
(0.071419294 -0.1 0.60867509)
(0.066951792 -0.1 0.6381608)
(0.062359472 -0.1 0.66915726)
(0.057645054 -0.1 0.70174659)
(0.052812239 -0.1 0.73601582)
(0.047865837 -0.1 0.7720572)
(0.042811915 -0.1 0.80996856)
(0.037657952 -0.1 0.84985369)
(0.032413023 -0.1 0.89182275)
(0.027087992 -0.1 0.93599272)
(0.021695731 -0.1 0.98248787)
(0.016251363 -0.1 1.0314403)
(0.010772527 -0.1 1.0829903)
(0.0052796795 -0.1 1.1372875)
(-0.00020358538 -0.1 1.1944908)
(-0.0056501683 -0.1 1.2547694)
(-0.011029067 -0.1 1.3183039)
(-0.016304935 -0.1 1.3852864)
(-0.021437592 -0.1 1.455922)
(-0.026381485 -0.1 1.5304296)
(-0.031085097 -0.1 1.6090427)
(-0.035490286 -0.1 1.6920108)
(-0.039531565 -0.1 1.7796005)
(-0.043135303 -0.1 1.872097)
(-0.046218844 -0.1 1.9698052)
(0.13340516 -0.1 0.16038181)
(0.1316695 -0.1 0.16750465)
(0.12985731 -0.1 0.17497533)
(0.12796557 -0.1 0.18281119)
(0.12599117 -0.1 0.19103049)
(0.1239309 -0.1 0.19965241)
(0.12178151 -0.1 0.20869715)
(0.11953966 -0.1 0.21818598)
(0.11720191 -0.1 0.22814127)
(0.1147648 -0.1 0.23858657)
(0.1122248 -0.1 0.2495467)
(0.1095783 -0.1 0.26104778)
(0.10682168 -0.1 0.27311734)
(0.10395129 -0.1 0.28578439)
(0.10096344 -0.1 0.29907949)
(0.097854457 -0.1 0.31303487)
(0.09462067 -0.1 0.32768452)
(0.091258445 -0.1 0.34306429)
(0.087764201 -0.1 0.359212)
(0.084134438 -0.1 0.37616757)
(0.080365762 -0.1 0.39397313)
(0.07645492 -0.1 0.41267317)
(0.072398834 -0.1 0.43231471)
(0.068194643 -0.1 0.4529474)
(0.06383975 -0.1 0.47462373)
(0.05933187 -0.1 0.49739922)
(0.054669093 -0.1 0.52133256)
(0.049849947 -0.1 0.54648588)
(0.044873466 -0.1 0.57292492)
(0.03973928 -0.1 0.6007193)
(0.034447699 -0.1 0.62994276)
(0.028999816 -0.1 0.66067346)
(0.023397619 -0.1 0.69299423)
(0.017644121 -0.1 0.72699294)
(0.01174349 -0.1 0.76276281)
(0.0057012141 -0.1 0.80040279)
(-0.0004757327 -0.1 0.84001797)
(-0.0067786971 -0.1 0.88171997)
(-0.013197135 -0.1 0.92562748)
(-0.019718376 -0.1 0.97186666)
(-0.026327365 -0.1 1.0205718)
(-0.03300637 -0.1 1.0718857)
(-0.039734667 -0.1 1.1259607)
(-0.046488184 -0.1 1.1829587)
(-0.053239112 -0.1 1.2430528)
(-0.059955471 -0.1 1.3064272)
(-0.066600636 -0.1 1.3732787)
(-0.073132807 -0.1 1.4438172)
(-0.079504427 -0.1 1.5182672)
(-0.085661538 -0.1 1.5968684)
(-0.091543074 -0.1 1.6798772)
(-0.097080075 -0.1 1.7675681)
(-0.10219482 -0.1 1.8602346)
(-0.10679989 -0.1 1.9581915)
(0.11612497 -0.1 0.15743398)
(0.11413782 -0.1 0.16445227)
(0.11206257 -0.1 0.17181393)
(0.10989569 -0.1 0.17953612)
(0.10763354 -0.1 0.18763693)
(0.10527238 -0.1 0.19613539)
(0.10280837 -0.1 0.20505153)
(0.10023758 -0.1 0.21440643)
(0.097555966 -0.1 0.22422229)
(0.094759425 -0.1 0.2345225)
(0.091843759 -0.1 0.24533169)
(0.088804698 -0.1 0.25667581)
(0.085637908 -0.1 0.26858223)
(0.082339 -0.1 0.28107978)
(0.078903544 -0.1 0.29419887)
(0.075327083 -0.1 0.30797158)
(0.071605149 -0.1 0.32243174)
(0.067733284 -0.1 0.33761505)
(0.06370706 -0.1 0.35355922)
(0.059522105 -0.1 0.37030405)
(0.055174135 -0.1 0.38789158)
(0.050658981 -0.1 0.40636622)
(0.045972632 -0.1 0.42577493)
(0.041111275 -0.1 0.44616735)
(0.03607134 -0.1 0.46759596)
(0.030849559 -0.1 0.49011632)
(0.025443021 -0.1 0.51378721)
(0.019849243 -0.1 0.53867087)
(0.014066245 -0.1 0.56483323)
(0.0080926349 -0.1 0.59234414)
(0.0019277013 -0.1 0.62127767)
(-0.0044284772 -0.1 0.65171233)
(-0.010974916 -0.1 0.68373144)
(-0.017709591 -0.1 0.71742344)
(-0.024629294 -0.1 0.75288221)
(-0.031729469 -0.1 0.7902075)
(-0.03900403 -0.1 0.82950533)
(-0.046445159 -0.1 0.87088843)
(-0.054043083 -0.1 0.91447671)
(-0.061785828 -0.1 0.9603978)
(-0.069658939 -0.1 1.0087876)
(-0.077645179 -0.1 1.0597909)
(-0.085724189 -0.1 1.1135621)
(-0.093872116 -0.1 1.1702657)
(-0.10206119 -0.1 1.2300774)
(-0.11025929 -0.1 1.2931846)
(-0.11842941 -0.1 1.3597876)
(-0.1265291 -0.1 1.4301004)
(-0.13450989 -0.1 1.5043519)
(-0.14231653 -0.1 1.5827868)
(-0.14988632 -0.1 1.6656672)
(-0.15714822 -0.1 1.7532737)
(-0.16402196 -0.1 1.8459072)
(-0.17041699 -0.1 1.9438899)
(0.099468027 -0.1 0.15432783)
(0.097220698 -0.1 0.16123751)
(0.094873218 -0.1 0.16848579)
(0.092421514 -0.1 0.17608966)
(0.089861383 -0.1 0.18406703)
(0.087188503 -0.1 0.19243672)
(0.084398425 -0.1 0.20121857)
(0.081486584 -0.1 0.21043345)
(0.078448293 -0.1 0.22010336)
(0.075278756 -0.1 0.23025148)
(0.071973069 -0.1 0.24090223)
(0.068526228 -0.1 0.25208135)
(0.064933134 -0.1 0.26381598)
(0.061188611 -0.1 0.27613475)
(0.057287408 -0.1 0.28906785)
(0.05322422 -0.1 0.30264714)
(0.048993704 -0.1 0.31690624)
(0.044590493 -0.1 0.33188066)
(0.040009223 -0.1 0.34760789)
(0.035244557 -0.1 0.36412753)
(0.030291212 -0.1 0.38148145)
(0.025143995 -0.1 0.39971388)
(0.019797838 -0.1 0.41887162)
(0.014247844 -0.1 0.43900416)
(0.0084893315 -0.1 0.46016388)
(0.0025178906 -0.1 0.48240621)
(-0.0036705542 -0.1 0.50578988)
(-0.010079676 -0.1 0.53037709)
(-0.016712669 -0.1 0.55623376)
(-0.023572158 -0.1 0.58342979)
(-0.030660104 -0.1 0.61203933)
(-0.037977693 -0.1 0.64214105)
(-0.045525217 -0.1 0.67381847)
(-0.053301932 -0.1 0.70716031)
(-0.061305914 -0.1 0.74226084)
(-0.069533883 -0.1 0.77922025)
(-0.07798102 -0.1 0.81814513)
(-0.086640753 -0.1 0.85914888)
(-0.09550453 -0.1 0.90235224)
(-0.10456156 -0.1 0.9478838)
(-0.11379851 -0.1 0.9958806)
(-0.12319923 -0.1 1.0464887)
(-0.13274434 -0.1 1.0998641)
(-0.1424109 -0.1 1.156173)
(-0.15217194 -0.1 1.215593)
(-0.16199598 -0.1 1.2783141)
(-0.17184653 -0.1 1.344539)
(-0.18168149 -0.1 1.4144847)
(-0.19145249 -0.1 1.4883834)
(-0.20110419 -0.1 1.5664839)
(-0.21057348 -0.1 1.6490523)
(-0.21978864 -0.1 1.7363742)
(-0.22866831 -0.1 1.8287559)
(-0.23712052 -0.1 1.9265258)
(0.083395442 -0.1 0.15104216)
(0.080879187 -0.1 0.15783728)
(0.078250238 -0.1 0.16496587)
(0.075503949 -0.1 0.17244474)
(0.072635527 -0.1 0.18029154)
(0.06964003 -0.1 0.1885249)
(0.066512364 -0.1 0.1971644)
(0.063247292 -0.1 0.2062307)
(0.059839429 -0.1 0.21574556)
(0.056283252 -0.1 0.22573189)
(0.052573097 -0.1 0.23621386)
(0.048703173 -0.1 0.24721696)
(0.044667563 -0.1 0.25876806)
(0.040460237 -0.1 0.27089551)
(0.036075061 -0.1 0.28362923)
(0.031505812 -0.1 0.2970008)
(0.02674619 -0.1 0.31104357)
(0.021789841 -0.1 0.32579275)
(0.016630377 -0.1 0.34128555)
(0.011261395 -0.1 0.3575613)
(0.0056765159 -0.1 0.37466156)
(-0.00013059332 -0.1 0.39263031)
(-0.0061661759 -0.1 0.41151405)
(-0.012436345 -0.1 0.43136201)
(-0.018947036 -0.1 0.4522263)
(-0.02570395 -0.1 0.47416213)
(-0.032712495 -0.1 0.49722798)
(-0.039977714 -0.1 0.52148583)
(-0.047504205 -0.1 0.54700142)
(-0.055296039 -0.1 0.57384448)
(-0.063356654 -0.1 0.60208901)
(-0.07168875 -0.1 0.63181359)
(-0.080294161 -0.1 0.66310168)
(-0.089173717 -0.1 0.696042)
(-0.098327092 -0.1 0.73072883)
(-0.10775263 -0.1 0.7672625)
(-0.11744715 -0.1 0.80574977)
(-0.12740574 -0.1 0.8463043)
(-0.1376215 -0.1 0.88904719)
(-0.1480853 -0.1 0.93410749)
(-0.15878548 -0.1 0.98162281)
(-0.16970751 -0.1 1.03174)
(-0.18083365 -0.1 1.0846158)
(-0.19214253 -0.1 1.1404175)
(-0.2036087 -0.1 1.1993241)
(-0.21520216 -0.1 1.2615267)
(-0.22688781 -0.1 1.32723)
(-0.23862482 -0.1 1.3966529)
(-0.25036601 -0.1 1.4700299)
(-0.26205705 -0.1 1.5476121)
(-0.27363571 -0.1 1.6296689)
(-0.28503089 -0.1 1.7164892)
(-0.2961617 -0.1 1.808383)
(-0.30693628 -0.1 1.9056832)
(0.06787262 -0.1 0.14755227)
(0.065078765 -0.1 0.15422485)
(0.062159186 -0.1 0.16122533)
(0.059108639 -0.1 0.16857025)
(0.055921704 -0.1 0.17627704)
(0.052592786 -0.1 0.18436406)
(0.049116112 -0.1 0.19285062)
(0.045485732 -0.1 0.20175711)
(0.04169552 -0.1 0.211105)
(0.037739178 -0.1 0.2209169)
(0.033610239 -0.1 0.23121669)
(0.029302068 -0.1 0.24202953)
(0.024807874 -0.1 0.25338198)
(0.020120715 -0.1 0.26530205)
(0.015233507 -0.1 0.27781932)
(0.010139037 -0.1 0.29096502)
(0.0048299769 -0.1 0.30477213)
(-0.00070109773 -0.1 0.3192755)
(-0.0064616901 -0.1 0.33451197)
(-0.012459357 -0.1 0.35052047)
(-0.018701683 -0.1 0.36734218)
(-0.025196248 -0.1 0.38502068)
(-0.031950591 -0.1 0.40360208)
(-0.03897217 -0.1 0.4231352)
(-0.046268312 -0.1 0.44367175)
(-0.053846163 -0.1 0.46526651)
(-0.061712624 -0.1 0.48797757)
(-0.069874286 -0.1 0.5118665)
(-0.078337345 -0.1 0.53699866)
(-0.087107523 -0.1 0.56344336)
(-0.096189963 -0.1 0.59127425)
(-0.10558912 -0.1 0.62056954)
(-0.11530864 -0.1 0.65141234)
(-0.12535121 -0.1 0.68389104)
(-0.13571841 -0.1 0.71809964)
(-0.14641056 -0.1 0.7541382)
(-0.15742649 -0.1 0.79211326)
(-0.16876332 -0.1 0.83213831)
(-0.18041628 -0.1 0.87433432)
(-0.19237836 -0.1 0.91883029)
(-0.20464007 -0.1 0.96576386)
(-0.21718911 -0.1 1.015282)
(-0.23000994 -0.1 1.0675415)
(-0.24308344 -0.1 1.1227102)
(-0.25638645 -0.1 1.1809673)
(-0.26989121 -0.1 1.2425047)
(-0.28356488 -0.1 1.3075277)
(-0.29736886 -0.1 1.376256)
(-0.31125817 -0.1 1.4489254)
(-0.32518064 -0.1 1.5257883)
(-0.3390761 -0.1 1.6071158)
(-0.35287548 -0.1 1.6931985)
(-0.36649976 -0.1 1.7843487)
(-0.37985885 -0.1 1.8809019)
(0.052869813 -0.1 0.14383014)
(0.04978993 -0.1 0.15037002)
(0.04657082 -0.1 0.15723165)
(0.043206613 -0.1 0.1644313)
(0.039691231 -0.1 0.17198611)
(0.036018392 -0.1 0.17991413)
(0.032181606 -0.1 0.1882344)
(0.028174172 -0.1 0.19696694)
(0.023989183 -0.1 0.20613291)
(0.019619522 -0.1 0.21575458)
(0.015057868 -0.1 0.22585545)
(0.010296694 -0.1 0.23646033)
(0.005328279 -0.1 0.24759536)
(0.00014470806 -0.1 0.25928816)
(-0.0052621163 -0.1 0.2715679)
(-0.010900465 -0.1 0.28446538)
(-0.016778768 -0.1 0.29801312)
(-0.022905602 -0.1 0.31224552)
(-0.029289669 -0.1 0.32719894)
(-0.035939776 -0.1 0.34291181)
(-0.04286481 -0.1 0.35942481)
(-0.050073708 -0.1 0.376781)
(-0.057575422 -0.1 0.39502594)
(-0.06537888 -0.1 0.41420791)
(-0.07349294 -0.1 0.43437804)
(-0.08192634 -0.1 0.45559056)
(-0.090687637 -0.1 0.47790293)
(-0.09978514 -0.1 0.50137614)
(-0.10922683 -0.1 0.52607491)
(-0.1190203 -0.1 0.55206795)
(-0.12917259 -0.1 0.57942825)
(-0.13969018 -0.1 0.60823339)
(-0.15057877 -0.1 0.63856584)
(-0.1618432 -0.1 0.67051331)
(-0.17348727 -0.1 0.70416918)
(-0.18551359 -0.1 0.73963285)
(-0.19792336 -0.1 0.77701021)
(-0.21071616 -0.1 0.81641412)
(-0.22388975 -0.1 0.85796495)
(-0.23743973 -0.1 0.90179109)
(-0.25135929 -0.1 0.9480296)
(-0.26563888 -0.1 0.99682687)
(-0.28026581 -0.1 1.0483393)
(-0.29522387 -0.1 1.1027342)
(-0.31049287 -0.1 1.1601904)
(-0.3260481 -0.1 1.2208994)
(-0.34185982 -0.1 1.2850663)
(-0.35789261 -0.1 1.3529108)
(-0.3741047 -0.1 1.4246683)
(-0.39044717 -0.1 1.5005916)
(-0.40686318 -0.1 1.5809517)
(-0.42328695 -0.1 1.6660399)
(-0.4396428 -0.1 1.7561688)
(-0.45584399 -0.1 1.8516749)
(0.038362549 -0.1 0.13984387)
(0.034988662 -0.1 0.14623851)
(0.031461597 -0.1 0.15294807)
(0.027774826 -0.1 0.15998851)
(0.023921585 -0.1 0.16737665)
(0.019894873 -0.1 0.17513018)
(0.015687445 -0.1 0.18326779)
(0.011291817 -0.1 0.19180913)
(0.0067002565 -0.1 0.20077496)
(0.0019047865 -0.1 0.21018715)
(-0.0031028155 -0.1 0.22006878)
(-0.0083310159 -0.1 0.23044419)
(-0.013788522 -0.1 0.2413391)
(-0.019484276 -0.1 0.25278062)
(-0.025427453 -0.1 0.26479744)
(-0.031627448 -0.1 0.2774198)
(-0.038093866 -0.1 0.29067972)
(-0.044836512 -0.1 0.30461102)
(-0.05186537 -0.1 0.31924945)
(-0.05919059 -0.1 0.33463286)
(-0.066822458 -0.1 0.35080128)
(-0.074771373 -0.1 0.3677971)
(-0.083047814 -0.1 0.38566521)
(-0.091662303 -0.1 0.40445316)
(-0.10062536 -0.1 0.42421136)
(-0.10994747 -0.1 0.44499324)
(-0.11963899 -0.1 0.4668555)
(-0.12971012 -0.1 0.4898583)
(-0.14017083 -0.1 0.51406549)
(-0.15103073 -0.1 0.53954491)
(-0.16229905 -0.1 0.56636865)
(-0.17398447 -0.1 0.59461332)
(-0.18609502 -0.1 0.62436043)
(-0.19863797 -0.1 0.65569671)
(-0.21161965 -0.1 0.6887145)
(-0.22504527 -0.1 0.72351213)
(-0.23891879 -0.1 0.76019441)
(-0.25324261 -0.1 0.79887311)
(-0.26801744 -0.1 0.83966742)
(-0.28324196 -0.1 0.88270458)
(-0.29891254 -0.1 0.92812047)
(-0.31502294 -0.1 0.97606027)
(-0.3315639 -0.1 1.0266792)
(-0.34852277 -0.1 1.0801432)
(-0.36588302 -0.1 1.1366299)
(-0.3836238 -0.1 1.1963296)
(-0.40171929 -0.1 1.2594461)
(-0.42013817 -0.1 1.3261977)
(-0.43884287 -0.1 1.3968187)
(-0.45778885 -0.1 1.4715606)
(-0.47692374 -0.1 1.5506933)
(-0.4961864 -0.1 1.6345066)
(-0.51550591 -0.1 1.7233123)
(-0.53480043 -0.1 1.8174455)
(0.024332113 -0.1 0.1355576)
(0.020656942 -0.1 0.14179191)
(0.016814226 -0.1 0.14833351)
(0.012796751 -0.1 0.15519801)
(0.0085970399 -0.1 0.16240184)
(0.0042073399 -0.1 0.16996231)
(-0.00038037657 -0.1 0.17789768)
(-0.0051744181 -0.1 0.18622718)
(-0.010183377 -0.1 0.1949711)
(-0.015416133 -0.1 0.20415086)
(-0.020881851 -0.1 0.21378902)
(-0.026589987 -0.1 0.22390943)
(-0.032550284 -0.1 0.23453723)
(-0.038772769 -0.1 0.245699)
(-0.04526775 -0.1 0.25742279)
(-0.052045811 -0.1 0.26973827)
(-0.059117803 -0.1 0.28267678)
(-0.066494831 -0.1 0.29627145)
(-0.074188244 -0.1 0.31055734)
(-0.082209619 -0.1 0.32557155)
(-0.090570735 -0.1 0.34135333)
(-0.099283557 -0.1 0.35794426)
(-0.1083602 -0.1 0.37538837)
(-0.1178129 -0.1 0.39373234)
(-0.12765398 -0.1 0.41302563)
(-0.13789577 -0.1 0.43332072)
(-0.14855062 -0.1 0.45467329)
(-0.15963079 -0.1 0.47714242)
(-0.17114837 -0.1 0.50079088)
(-0.18311525 -0.1 0.52568535)
(-0.19554298 -0.1 0.55189671)
(-0.20844273 -0.1 0.57950031)
(-0.2218251 -0.1 0.60857635)
(-0.23570005 -0.1 0.63921019)
(-0.25007671 -0.1 0.67149272)
(-0.26496326 -0.1 0.7055208)
(-0.28036672 -0.1 0.74139769)
(-0.29629273 -0.1 0.77923351)
(-0.31274534 -0.1 0.81914577)
(-0.32972677 -0.1 0.86125997)
(-0.34723705 -0.1 0.90571012)
(-0.36527378 -0.1 0.95263951)
(-0.38383173 -0.1 1.0022013)
(-0.40290243 -0.1 1.0545595)
(-0.42247375 -0.1 1.1098895)
(-0.44252938 -0.1 1.1683794)
(-0.46304831 -0.1 1.2302305)
(-0.48400418 -0.1 1.295659)
(-0.50536465 -0.1 1.3648965)
(-0.52709059 -0.1 1.4381918)
(-0.54913531 -0.1 1.5158122)
(-0.57144358 -0.1 1.5980447)
(-0.59395064 -0.1 1.6851983)
(-0.61658108 -0.1 1.7776049)
(0.010766304 -0.1 0.13093101)
(0.0067835429 -0.1 0.13698713)
(0.0026184994 -0.1 0.143342)
(-0.0017367472 -0.1 0.15001079)
(-0.0062904183 -0.1 0.15700951)
(-0.011051043 -0.1 0.16435502)
(-0.016027465 -0.1 0.17206508)
(-0.021228848 -0.1 0.18015845)
(-0.026664679 -0.1 0.18865489)
(-0.032344778 -0.1 0.19757526)
(-0.038279296 -0.1 0.20694155)
(-0.044478721 -0.1 0.216777)
(-0.050953877 -0.1 0.22710612)
(-0.057715928 -0.1 0.23795482)
(-0.064776373 -0.1 0.24935046)
(-0.072147043 -0.1 0.26132197)
(-0.079840097 -0.1 0.27389992)
(-0.087868015 -0.1 0.28711665)
(-0.096243584 -0.1 0.30100635)
(-0.10497989 -0.1 0.31560524)
(-0.1140903 -0.1 0.33095164)
(-0.12358843 -0.1 0.34708615)
(-0.13348814 -0.1 0.36405177)
(-0.1438035 -0.1 0.38189409)
(-0.15454873 -0.1 0.40066146)
(-0.1657382 -0.1 0.42040515)
(-0.17738635 -0.1 0.44117959)
(-0.18950764 -0.1 0.46304256)
(-0.2021165 -0.1 0.48605545)
(-0.21522725 -0.1 0.51028347)
(-0.22885401 -0.1 0.53579599)
(-0.24301061 -0.1 0.56266676)
(-0.25771047 -0.1 0.5909743)
(-0.2729665 -0.1 0.6208022)
(-0.28879095 -0.1 0.65223949)
(-0.30519524 -0.1 0.68538108)
(-0.3221898 -0.1 0.72032816)
(-0.33978387 -0.1 0.75718871)
(-0.35798527 -0.1 0.79607796)
(-0.37680015 -0.1 0.83711899)
(-0.39623272 -0.1 0.88044334)
(-0.41628493 -0.1 0.92619162)
(-0.43695614 -0.1 0.97451423)
(-0.45824269 -0.1 1.0255722)
(-0.4801375 -0.1 1.0795379)
(-0.50262958 -0.1 1.136596)
(-0.52570351 -0.1 1.1969446)
(-0.54933881 -0.1 1.260796)
(-0.57350928 -0.1 1.3283783)
(-0.59818231 -0.1 1.3999361)
(-0.623318 -0.1 1.4757325)
(-0.64886833 -0.1 1.5560501)
(-0.67477607 -0.1 1.641193)
(-0.70097373 -0.1 1.7314883)
(-0.0023385714 -0.1 0.12591995)
(-0.0066338311 -0.1 0.13177714)
(-0.011126414 -0.1 0.13792344)
(-0.01582497 -0.1 0.14437356)
(-0.020738485 -0.1 0.15114302)
(-0.02587629 -0.1 0.15824815)
(-0.031248072 -0.1 0.16570619)
(-0.036863877 -0.1 0.17353529)
(-0.04273412 -0.1 0.18175462)
(-0.048869594 -0.1 0.19038441)
(-0.055281471 -0.1 0.19944599)
(-0.061981312 -0.1 0.20896188)
(-0.068981066 -0.1 0.21895588)
(-0.076293078 -0.1 0.22945311)
(-0.083930088 -0.1 0.24048013)
(-0.091905228 -0.1 0.25206499)
(-0.10023203 -0.1 0.26423738)
(-0.1089244 -0.1 0.27702868)
(-0.11799664 -0.1 0.2904721)
(-0.12746343 -0.1 0.30460281)
(-0.13733978 -0.1 0.31945801)
(-0.14764108 -0.1 0.33507715)
(-0.15838302 -0.1 0.35150202)
(-0.16958159 -0.1 0.3687769)
(-0.18125305 -0.1 0.38694879)
(-0.19341391 -0.1 0.40606754)
(-0.20608084 -0.1 0.42618606)
(-0.21927068 -0.1 0.44736055)
(-0.23300033 -0.1 0.46965071)
(-0.24728672 -0.1 0.49312001)
(-0.26214672 -0.1 0.51783593)
(-0.27759704 -0.1 0.54387028)
(-0.29365416 -0.1 0.57129949)
(-0.31033419 -0.1 0.60020494)
(-0.32765274 -0.1 0.63067337)
(-0.34562478 -0.1 0.66279724)
(-0.3642645 -0.1 0.69667515)
(-0.38358505 -0.1 0.73241234)
(-0.40359843 -0.1 0.77012116)
(-0.42431515 -0.1 0.80992163)
(-0.44574404 -0.1 0.85194204)
(-0.46789192 -0.1 0.89631958)
(-0.49076326 -0.1 0.94320104)
(-0.51435984 -0.1 0.99274355)
(-0.53868028 -0.1 1.0451154)
(-0.56371964 -0.1 1.1004971)
(-0.58946885 -0.1 1.1590819)
(-0.61591416 -0.1 1.2210775)
(-0.6430365 -0.1 1.2867066)
(-0.67081077 -0.1 1.3562085)
(-0.69920503 -0.1 1.4298403)
(-0.72817964 -0.1 1.5078784)
(-0.75768629 -0.1 1.5906204)
(-0.78766692 -0.1 1.6783863)
(-0.014976529 -0.1 0.12047656)
(-0.019587331 -0.1 0.126111)
(-0.024410711 -0.1 0.13202371)
(-0.029456065 -0.1 0.13822886)
(-0.034733161 -0.1 0.14474141)
(-0.040252156 -0.1 0.15157708)
(-0.046023596 -0.1 0.1587525)
(-0.052058438 -0.1 0.16628516)
(-0.058368049 -0.1 0.17419354)
(-0.064964222 -0.1 0.18249713)
(-0.071859183 -0.1 0.19121651)
(-0.079065596 -0.1 0.20037339)
(-0.086596574 -0.1 0.20999072)
(-0.094465682 -0.1 0.22009273)
(-0.10268694 -0.1 0.23070503)
(-0.11127484 -0.1 0.2418547)
(-0.12024432 -0.1 0.25357037)
(-0.12961079 -0.1 0.26588233)
(-0.13939012 -0.1 0.27882262)
(-0.14959862 -0.1 0.29242519)
(-0.16025308 -0.1 0.30672596)
(-0.17137068 -0.1 0.32176301)
(-0.18296904 -0.1 0.3375767)
(-0.1950662 -0.1 0.3542098)
(-0.20768055 -0.1 0.3717077)
(-0.22083082 -0.1 0.39011857)
(-0.23453608 -0.1 0.40949353)
(-0.24881564 -0.1 0.4298869)
(-0.26368905 -0.1 0.45135639)
(-0.27917601 -0.1 0.47396336)
(-0.2952963 -0.1 0.49777305)
(-0.31206974 -0.1 0.52285492)
(-0.32951604 -0.1 0.54928289)
(-0.34765475 -0.1 0.57713572)
(-0.36650511 -0.1 0.60649733)
(-0.38608592 -0.1 0.6374572)
(-0.40641541 -0.1 0.6701108)
(-0.42751101 -0.1 0.70456002)
(-0.44938922 -0.1 0.74091366)
(-0.47206534 -0.1 0.77928798)
(-0.49555326 -0.1 0.81980728)
(-0.51986512 -0.1 0.86260448)
(-0.54501107 -0.1 0.90782187)
(-0.57099887 -0.1 0.95561177)
(-0.59783349 -0.1 1.0061374)
(-0.62551671 -0.1 1.0595737)
(-0.65404659 -0.1 1.1161083)
(-0.68341694 -0.1 1.1759425)
(-0.71361672 -0.1 1.2392926)
(-0.74462934 -0.1 1.3063908)
(-0.7764319 -0.1 1.3774868)
(-0.80899437 -0.1 1.4528488)
(-0.84227865 -0.1 1.532766)
(-0.87623753 -0.1 1.6175492)
(-0.02713257 -0.1 0.11454805)
(-0.032059664 -0.1 0.11993269)
(-0.037214697 -0.1 0.12558339)
(-0.04260782 -0.1 0.13151371)
(-0.048249601 -0.1 0.13773795)
(-0.05415103 -0.1 0.14427118)
(-0.060323536 -0.1 0.15112929)
(-0.066778999 -0.1 0.15832904)
(-0.073529758 -0.1 0.16588812)
(-0.08058863 -0.1 0.17382519)
(-0.087968915 -0.1 0.18215994)
(-0.09568441 -0.1 0.19091317)
(-0.10374942 -0.1 0.20010685)
(-0.11217875 -0.1 0.2097642)
(-0.12098776 -0.1 0.21990974)
(-0.13019231 -0.1 0.23056941)
(-0.1398088 -0.1 0.24177065)
(-0.1498542 -0.1 0.25354246)
(-0.16034597 -0.1 0.26591557)
(-0.17130216 -0.1 0.2789225)
(-0.18274132 -0.1 0.29259769)
(-0.19468257 -0.1 0.30697764)
(-0.20714551 -0.1 0.32210103)
(-0.22015027 -0.1 0.33800889)
(-0.23371749 -0.1 0.35474473)
(-0.24786824 -0.1 0.37235477)
(-0.26262407 -0.1 0.39088804)
(-0.27800691 -0.1 0.41039664)
(-0.29403906 -0.1 0.43093596)
(-0.31074313 -0.1 0.45256488)
(-0.32814202 -0.1 0.47534602)
(-0.34625877 -0.1 0.49934605)
(-0.36511656 -0.1 0.52463594)
(-0.38473859 -0.1 0.55129133)
(-0.40514794 -0.1 0.57939281)
(-0.42636752 -0.1 0.60902633)
(-0.44841985 -0.1 0.64028361)
(-0.47132699 -0.1 0.67326255)
(-0.49511026 -0.1 0.7080677)
(-0.51979013 -0.1 0.74481083)
(-0.54538594 -0.1 0.78361142)
(-0.57191564 -0.1 0.82459727)
(-0.59939552 -0.1 0.86790522)
(-0.62783988 -0.1 0.91368178)
(-0.65726065 -0.1 0.96208395)
(-0.68766698 -0.1 1.0132801)
(-0.71906479 -0.1 1.0674507)
(-0.75145624 -0.1 1.1247896)
(-0.78483919 -0.1 1.185505)
(-0.81920652 -0.1 1.2498203)
(-0.85454543 -0.1 1.3179761)
(-0.89083666 -0.1 1.3902309)
(-0.92805359 -0.1 1.4668628)
(-0.96616128 -0.1 1.5481717)
(-0.038779989 -0.1 0.10807684)
(-0.044021275 -0.1 0.11318125)
(-0.04950583 -0.1 0.11853796)
(-0.055244569 -0.1 0.12415986)
(-0.06124886 -0.1 0.1300605)
(-0.067530539 -0.1 0.13625419)
(-0.074101923 -0.1 0.14275602)
(-0.080975826 -0.1 0.14958189)
(-0.088165572 -0.1 0.1567486)
(-0.095685012 -0.1 0.16427386)
(-0.10354854 -0.1 0.17217636)
(-0.11177109 -0.1 0.18047587)
(-0.12036818 -0.1 0.18919324)
(-0.12935591 -0.1 0.19835051)
(-0.13875095 -0.1 0.20797099)
(-0.14857059 -0.1 0.2180793)
(-0.15883273 -0.1 0.22870151)
(-0.16955589 -0.1 0.23986519)
(-0.18075922 -0.1 0.25159951)
(-0.19246249 -0.1 0.26393538)
(-0.20468611 -0.1 0.27690553)
(-0.21745115 -0.1 0.29054465)
(-0.23077927 -0.1 0.3048895)
(-0.24469278 -0.1 0.31997908)
(-0.2592146 -0.1 0.33585478)
(-0.27436826 -0.1 0.35256051)
(-0.29017785 -0.1 0.37014291)
(-0.30666802 -0.1 0.38865154)
(-0.32386397 -0.1 0.40813906)
(-0.34179133 -0.1 0.42866149)
(-0.36047623 -0.1 0.45027841)
(-0.37994512 -0.1 0.47305325)
(-0.40022481 -0.1 0.49705356)
(-0.42134231 -0.1 0.5223513)
(-0.44332479 -0.1 0.5490232)
(-0.46619946 -0.1 0.57715108)
(-0.48999344 -0.1 0.60682226)
(-0.51473363 -0.1 0.63812998)
(-0.54044654 -0.1 0.6711738)
(-0.56715813 -0.1 0.70606018)
(-0.59489356 -0.1 0.74290294)
(-0.62367703 -0.1 0.78182385)
(-0.65353142 -0.1 0.8229533)
(-0.68447809 -0.1 0.86643091)
(-0.71653646 -0.1 0.91240634)
(-0.7497237 -0.1 0.96104006)
(-0.78405426 -0.1 1.0125042)
(-0.81953942 -0.1 1.0669836)
(-0.85618675 -0.1 1.1246767)
(-0.89399952 -0.1 1.1857969)
(-0.93297605 -0.1 1.2505733)
(-0.97310894 -0.1 1.3192528)
(-1.0143843 -0.1 1.3921008)
(-1.0567807 -0.1 1.4694033)
(-0.04987786 -0.1 0.10100094)
(-0.0554277 -0.1 0.10579119)
(-0.061235939 -0.1 0.11081829)
(-0.067314253 -0.1 0.11609434)
(-0.073674812 -0.1 0.12163207)
(-0.080330294 -0.1 0.12744494)
(-0.087293904 -0.1 0.1335471)
(-0.094579391 -0.1 0.13995351)
(-0.10220106 -0.1 0.14667994)
(-0.11017381 -0.1 0.15374304)
(-0.11851311 -0.1 0.16116037)
(-0.12723508 -0.1 0.16895051)
(-0.13635642 -0.1 0.17713305)
(-0.14589452 -0.1 0.18572871)
(-0.15586742 -0.1 0.1947594)
(-0.16629383 -0.1 0.20424826)
(-0.17719314 -0.1 0.2142198)
(-0.18858549 -0.1 0.22469994)
(-0.20049169 -0.1 0.23571611)
(-0.21293329 -0.1 0.24729736)
(-0.2259326 -0.1 0.25947449)
(-0.23951264 -0.1 0.2722801)
(-0.2536972 -0.1 0.28574879)
(-0.2685108 -0.1 0.29991724)
(-0.28397871 -0.1 0.31482437)
(-0.30012695 -0.1 0.33051151)
(-0.31698226 -0.1 0.34702253)
(-0.33457207 -0.1 0.36440407)
(-0.35292455 -0.1 0.38270569)
(-0.37206848 -0.1 0.40198011)
(-0.3920333 -0.1 0.42228341)
(-0.41284903 -0.1 0.44367532)
(-0.43454622 -0.1 0.4662194)
(-0.45715588 -0.1 0.48998345)
(-0.48070943 -0.1 0.51503969)
(-0.50523857 -0.1 0.5414652)
(-0.53077525 -0.1 0.56934221)
(-0.55735146 -0.1 0.59875855)
(-0.58499916 -0.1 0.62980803)
(-0.6137501 -0.1 0.66259095)
(-0.64363564 -0.1 0.69721456)
(-0.67468656 -0.1 0.73379362)
(-0.70693277 -0.1 0.77245103)
(-0.74040315 -0.1 0.81331841)
(-0.77512515 -0.1 0.85653684)
(-0.81112449 -0.1 0.90225762)
(-0.84842481 -0.1 0.9506431)
(-0.88704718 -0.1 1.0018675)
(-0.92700969 -0.1 1.0561182)
(-0.96832686 -0.1 1.1135962)
(-1.011009 -0.1 1.1745178)
(-1.0550618 -0.1 1.239116)
(-1.100485 -0.1 1.3076412)
(-1.1472723 -0.1 1.3803633)
(-0.060365007 -0.1 0.09325788)
(-0.066213221 -0.1 0.097696789)
(-0.072334551 -0.1 0.10235524)
(-0.07874142 -0.1 0.10724444)
(-0.085446787 -0.1 0.11237622)
(-0.092464159 -0.1 0.11776304)
(-0.099807618 -0.1 0.12341803)
(-0.10749183 -0.1 0.12935507)
(-0.11553209 -0.1 0.13558879)
(-0.1239443 -0.1 0.14213463)
(-0.13274504 -0.1 0.14900888)
(-0.14195154 -0.1 0.15622878)
(-0.15158173 -0.1 0.16381251)
(-0.16165428 -0.1 0.17177929)
(-0.17218856 -0.1 0.18014944)
(-0.18320472 -0.1 0.18894445)
(-0.19472365 -0.1 0.19818706)
(-0.20676707 -0.1 0.20790131)
(-0.21935748 -0.1 0.21811269)
(-0.23251823 -0.1 0.22884815)
(-0.2462735 -0.1 0.24013626)
(-0.26064831 -0.1 0.25200732)
(-0.27566856 -0.1 0.26449343)
(-0.29136102 -0.1 0.27762865)
(-0.30775336 -0.1 0.29144912)
(-0.32487409 -0.1 0.30599321)
(-0.34275264 -0.1 0.32130169)
(-0.3614193 -0.1 0.33741785)
(-0.38090523 -0.1 0.35438774)
(-0.40124246 -0.1 0.37226032)
(-0.42246381 -0.1 0.39108771)
(-0.44460294 -0.1 0.41092538)
(-0.46769426 -0.1 0.43183241)
(-0.49177289 -0.1 0.45387178)
(-0.51687464 -0.1 0.47711063)
(-0.54303589 -0.1 0.50162058)
(-0.57029353 -0.1 0.52747809)
(-0.59868489 -0.1 0.55476478)
(-0.6282476 -0.1 0.58356789)
(-0.65901945 -0.1 0.61398065)
(-0.69103828 -0.1 0.64610281)
(-0.72434177 -0.1 0.6800411)
(-0.75896726 -0.1 0.7159098)
(-0.7949515 -0.1 0.75383134)
(-0.83233045 -0.1 0.79393698)
(-0.87113891 -0.1 0.83636746)
(-0.91141024 -0.1 0.88127383)
(-0.95317598 -0.1 0.92881825)
(-0.99646541 -0.1 0.97917495)
(-1.0413051 -0.1 1.0325312)
(-1.0877183 -0.1 1.0890883)
(-1.1357244 -0.1 1.1490629)
(-1.1853384 -0.1 1.2126884)
(-1.2365699 -0.1 1.280216)
(0.48730736 -0.1 0.17392102)
(0.48730455 -0.1 0.18194437)
(0.4873016 -0.1 0.19035124)
(0.48729851 -0.1 0.19915998)
(0.48729527 -0.1 0.2083898)
(0.48729188 -0.1 0.21806082)
(0.48728832 -0.1 0.22819413)
(0.48728459 -0.1 0.23881184)
(0.48728069 -0.1 0.2499371)
(0.4872766 -0.1 0.26159416)
(0.48727232 -0.1 0.27380846)
(0.48726783 -0.1 0.28660663)
(0.48726312 -0.1 0.30001657)
(0.48725819 -0.1 0.31406754)
(0.48725302 -0.1 0.32879017)
(0.48724761 -0.1 0.34421658)
(0.48724194 -0.1 0.3603804)
(0.487236 -0.1 0.37731688)
(0.48722977 -0.1 0.39506296)
(0.48722325 -0.1 0.41365734)
(0.48721641 -0.1 0.43314056)
(0.48720925 -0.1 0.45355513)
(0.48720174 -0.1 0.47494555)
(0.48719388 -0.1 0.49735848)
(0.48718564 -0.1 0.5208428)
(0.48717701 -0.1 0.54544971)
(0.48716796 -0.1 0.57123288)
(0.48715848 -0.1 0.59824854)
(0.48714855 -0.1 0.62655561)
(0.48713814 -0.1 0.65621581)
(0.48712724 -0.1 0.68729382)
(0.48711582 -0.1 0.71985743)
(0.48710384 -0.1 0.75397765)
(0.4870913 -0.1 0.78972889)
(0.48707816 -0.1 0.8271891)
(0.48706439 -0.1 0.86643999)
(0.48704996 -0.1 0.90756716)
(0.48703484 -0.1 0.95066028)
(0.48701899 -0.1 0.99581335)
(0.48700239 -0.1 1.0431248)
(0.486985 -0.1 1.0926979)
(0.48696678 -0.1 1.1446406)
(0.48694768 -0.1 1.1990664)
(0.48692767 -0.1 1.2560937)
(0.48690671 -0.1 1.3158471)
(0.48688474 -0.1 1.3784569)
(0.48686172 -0.1 1.4440595)
(0.48683761 -0.1 1.5127981)
(0.48681234 -0.1 1.5848225)
(0.48678586 -0.1 1.6602898)
(0.48675811 -0.1 1.7393646)
(0.48672904 -0.1 1.8222193)
(0.48669858 -0.1 1.9090347)
(0.48666667 -0.1 2)
(0.46391506 -0.1 0.17519639)
(0.4639125 -0.1 0.18321413)
(0.46390982 -0.1 0.19161513)
(0.46390702 -0.1 0.20041772)
(0.46390408 -0.1 0.20964109)
(0.463901 -0.1 0.21930536)
(0.46389777 -0.1 0.2294316)
(0.46389438 -0.1 0.24004189)
(0.46389084 -0.1 0.25115938)
(0.46388713 -0.1 0.2628083)
(0.46388324 -0.1 0.27501407)
(0.46387916 -0.1 0.28780329)
(0.46387489 -0.1 0.30120387)
(0.46387041 -0.1 0.31524503)
(0.46386572 -0.1 0.32995738)
(0.46386081 -0.1 0.34537301)
(0.46385566 -0.1 0.36152554)
(0.46385026 -0.1 0.37845019)
(0.46384461 -0.1 0.39618387)
(0.46383869 -0.1 0.41476527)
(0.46383248 -0.1 0.43423489)
(0.46382598 -0.1 0.4546352)
(0.46381916 -0.1 0.47601068)
(0.46381202 -0.1 0.49840796)
(0.46380454 -0.1 0.52187587)
(0.4637967 -0.1 0.54646559)
(0.46378849 -0.1 0.57223076)
(0.46377988 -0.1 0.59922755)
(0.46377086 -0.1 0.62751485)
(0.46376141 -0.1 0.65715433)
(0.46375151 -0.1 0.68821064)
(0.46374114 -0.1 0.72075151)
(0.46373027 -0.1 0.7548479)
(0.46371888 -0.1 0.79057416)
(0.46370695 -0.1 0.82800822)
(0.46369444 -0.1 0.86723169)
(0.46368134 -0.1 0.90833013)
(0.46366762 -0.1 0.95139316)
(0.46365323 -0.1 0.99651469)
(0.46363816 -0.1 1.0437931)
(0.46362237 -0.1 1.0933316)
(0.46360582 -0.1 1.145238)
(0.46358848 -0.1 1.1996257)
(0.46357032 -0.1 1.2566133)
(0.46355128 -0.1 1.316325)
(0.46353133 -0.1 1.378891)
(0.46351044 -0.1 1.4444478)
(0.46348854 -0.1 1.5131383)
(0.46346559 -0.1 1.5851124)
(0.46344155 -0.1 1.660527)
(0.46341636 -0.1 1.7395466)
(0.46338997 -0.1 1.8223435)
(0.46336231 -0.1 1.9090982)
(0.46333333 -0.1 2)
(0.44051572 -0.1 0.17634432)
(0.44051345 -0.1 0.18435702)
(0.44051108 -0.1 0.19275274)
(0.44050859 -0.1 0.20154979)
(0.44050598 -0.1 0.21076736)
(0.44050325 -0.1 0.22042554)
(0.44050039 -0.1 0.23054541)
(0.44049739 -0.1 0.24114903)
(0.44049425 -0.1 0.25225952)
(0.44049096 -0.1 0.26390112)
(0.44048751 -0.1 0.27609921)
(0.44048389 -0.1 0.28888039)
(0.44048011 -0.1 0.30227254)
(0.44047614 -0.1 0.31630486)
(0.44047198 -0.1 0.33100796)
(0.44046762 -0.1 0.34641389)
(0.44046306 -0.1 0.36255626)
(0.44045828 -0.1 0.37947026)
(0.44045326 -0.1 0.39719279)
(0.44044801 -0.1 0.41576249)
(0.44044251 -0.1 0.43521987)
(0.44043674 -0.1 0.45560734)
(0.4404307 -0.1 0.47696938)
(0.44042437 -0.1 0.49935257)
(0.44041774 -0.1 0.52280571)
(0.44041079 -0.1 0.54737997)
(0.44040351 -0.1 0.57312893)
(0.44039588 -0.1 0.60010874)
(0.44038789 -0.1 0.62837824)
(0.44037951 -0.1 0.65799908)
(0.44037073 -0.1 0.68903585)
(0.44036154 -0.1 0.72155625)
(0.4403519 -0.1 0.75563119)
(0.4403418 -0.1 0.79133498)
(0.44033122 -0.1 0.82874548)
(0.44032014 -0.1 0.86794429)
(0.44030852 -0.1 0.90901687)
(0.44029635 -0.1 0.95205281)
(0.4402836 -0.1 0.99714596)
(0.44027024 -0.1 1.0443946)
(0.44025624 -0.1 1.0939019)
(0.44024157 -0.1 1.1457757)
(0.4402262 -0.1 1.2001292)
(0.44021009 -0.1 1.2570809)
(0.44019322 -0.1 1.3167551)
(0.44017554 -0.1 1.3792817)
(0.44015701 -0.1 1.4447973)
(0.44013759 -0.1 1.5134446)
(0.44011725 -0.1 1.5853734)
(0.44009594 -0.1 1.6607406)
(0.44007361 -0.1 1.7397105)
(0.44005021 -0.1 1.8224552)
(0.44002569 -0.1 1.9091554)
(0.44 -0.1 2)
(0.41710962 -0.1 0.17735465)
(0.41710767 -0.1 0.18536291)
(0.41710563 -0.1 0.19375398)
(0.4171035 -0.1 0.20254616)
(0.41710126 -0.1 0.21175862)
(0.41709891 -0.1 0.22141145)
(0.41709645 -0.1 0.23152571)
(0.41709388 -0.1 0.24212346)
(0.41709118 -0.1 0.25322779)
(0.41708835 -0.1 0.26486294)
(0.41708539 -0.1 0.27705427)
(0.41708228 -0.1 0.28982837)
(0.41707903 -0.1 0.3032131)
(0.41707562 -0.1 0.31723765)
(0.41707205 -0.1 0.3319326)
(0.41706831 -0.1 0.34733)
(0.41706439 -0.1 0.36346342)
(0.41706028 -0.1 0.38036806)
(0.41705598 -0.1 0.39808077)
(0.41705147 -0.1 0.41664018)
(0.41704674 -0.1 0.43608678)
(0.41704179 -0.1 0.45646296)
(0.4170366 -0.1 0.47781316)
(0.41703116 -0.1 0.50018394)
(0.41702547 -0.1 0.5236241)
(0.4170195 -0.1 0.54818474)
(0.41701324 -0.1 0.57391943)
(0.41700669 -0.1 0.6008843)
(0.41699982 -0.1 0.62913813)
(0.41699263 -0.1 0.65874256)
(0.41698509 -0.1 0.68976214)
(0.41697719 -0.1 0.72226453)
(0.41696891 -0.1 0.75632059)
(0.41696024 -0.1 0.7920046)
(0.41695116 -0.1 0.82939437)
(0.41694163 -0.1 0.86857146)
(0.41693166 -0.1 0.90962129)
(0.4169212 -0.1 0.95263339)
(0.41691025 -0.1 0.99770155)
(0.41689878 -0.1 1.0449241)
(0.41688675 -0.1 1.0944039)
(0.41687415 -0.1 1.146249)
(0.41686095 -0.1 1.2005724)
(0.41684712 -0.1 1.2574925)
(0.41683262 -0.1 1.3171336)
(0.41681743 -0.1 1.3796256)
(0.41680152 -0.1 1.4451049)
(0.41678485 -0.1 1.5137142)
(0.41676738 -0.1 1.5856031)
(0.41674907 -0.1 1.6609285)
(0.41672989 -0.1 1.7398547)
(0.41670979 -0.1 1.8225536)
(0.41668873 -0.1 1.9092057)
(0.41666667 -0.1 2)
(0.39369717 -0.1 0.17821599)
(0.39369557 -0.1 0.18622046)
(0.3936939 -0.1 0.19460756)
(0.39369214 -0.1 0.20339558)
(0.3936903 -0.1 0.21260369)
(0.39368838 -0.1 0.22225197)
(0.39368636 -0.1 0.23236145)
(0.39368424 -0.1 0.24295418)
(0.39368202 -0.1 0.25405327)
(0.3936797 -0.1 0.26568292)
(0.39367727 -0.1 0.27786849)
(0.39367472 -0.1 0.29063656)
(0.39367205 -0.1 0.30401496)
(0.39366925 -0.1 0.31803288)
(0.39366631 -0.1 0.33272088)
(0.39366324 -0.1 0.348111)
(0.39366002 -0.1 0.36423681)
(0.39365665 -0.1 0.38113345)
(0.39365311 -0.1 0.39883779)
(0.3936494 -0.1 0.41738844)
(0.39364552 -0.1 0.43682584)
(0.39364145 -0.1 0.45719239)
(0.39363719 -0.1 0.4785325)
(0.39363273 -0.1 0.50089272)
(0.39362805 -0.1 0.5243218)
(0.39362315 -0.1 0.54887083)
(0.39361801 -0.1 0.57459336)
(0.39361263 -0.1 0.60154548)
(0.39360699 -0.1 0.62978597)
(0.39360108 -0.1 0.65937641)
(0.39359488 -0.1 0.69038133)
(0.3935884 -0.1 0.72286835)
(0.3935816 -0.1 0.75690832)
(0.39357447 -0.1 0.79257546)
(0.39356701 -0.1 0.82994757)
(0.39355919 -0.1 0.86910614)
(0.393551 -0.1 0.91013657)
(0.39354241 -0.1 0.95312834)
(0.39353341 -0.1 0.99817521)
(0.39352399 -0.1 1.0453754)
(0.39351411 -0.1 1.0948319)
(0.39350376 -0.1 1.1466525)
(0.39349292 -0.1 1.2009502)
(0.39348155 -0.1 1.2578434)
(0.39346965 -0.1 1.3174563)
(0.39345717 -0.1 1.3799188)
(0.3934441 -0.1 1.4453671)
(0.39343041 -0.1 1.513944)
(0.39341606 -0.1 1.585799)
(0.39340102 -0.1 1.6610888)
(0.39338526 -0.1 1.7399776)
(0.39336876 -0.1 1.8226375)
(0.39335146 -0.1 1.9092486)
(0.39333333 -0.1 2)
(0.37027897 -0.1 0.17891529)
(0.37027774 -0.1 0.18691669)
(0.37027646 -0.1 0.19530058)
(0.37027511 -0.1 0.20408522)
(0.3702737 -0.1 0.2132898)
(0.37027223 -0.1 0.22293437)
(0.37027068 -0.1 0.23303997)
(0.37026906 -0.1 0.24362864)
(0.37026736 -0.1 0.25472347)
(0.37026558 -0.1 0.26634865)
(0.37026371 -0.1 0.27852954)
(0.37026175 -0.1 0.29129271)
(0.37025971 -0.1 0.30466598)
(0.37025756 -0.1 0.31867851)
(0.37025531 -0.1 0.33336088)
(0.37025295 -0.1 0.34874509)
(0.37025048 -0.1 0.36486471)
(0.3702479 -0.1 0.38175487)
(0.37024519 -0.1 0.39945241)
(0.37024234 -0.1 0.41799593)
(0.37023937 -0.1 0.43742588)
(0.37023625 -0.1 0.45778461)
(0.37023298 -0.1 0.47911653)
(0.37022956 -0.1 0.50146816)
(0.37022597 -0.1 0.52488825)
(0.37022221 -0.1 0.54942786)
(0.37021827 -0.1 0.57514052)
(0.37021414 -0.1 0.60208229)
(0.37020982 -0.1 0.63031193)
(0.37020529 -0.1 0.65989101)
(0.37020054 -0.1 0.69088404)
(0.37019557 -0.1 0.72335859)
(0.37019035 -0.1 0.75738549)
(0.37018489 -0.1 0.79303894)
(0.37017917 -0.1 0.8303967)
(0.37017317 -0.1 0.86954025)
(0.37016689 -0.1 0.91055493)
(0.37016031 -0.1 0.95353019)
(0.37015341 -0.1 0.99855977)
(0.37014618 -0.1 1.0457418)
(0.37013861 -0.1 1.0951793)
(0.37013067 -0.1 1.14698)
(0.37012236 -0.1 1.2012569)
(0.37011365 -0.1 1.2581283)
(0.37010452 -0.1 1.3177183)
(0.37009495 -0.1 1.3801568)
(0.37008493 -0.1 1.44558)
(0.37007443 -0.1 1.5141305)
(0.37006343 -0.1 1.585958)
(0.3700519 -0.1 1.6612189)
(0.37003982 -0.1 1.7400774)
(0.37002716 -0.1 1.8227055)
(0.3700139 -0.1 1.9092835)
(0.37 -0.1 2)
(0.34685586 -0.1 0.1794381)
(0.34685503 -0.1 0.1874372)
(0.34685416 -0.1 0.19581868)
(0.34685325 -0.1 0.2046008)
(0.34685229 -0.1 0.21380273)
(0.34685129 -0.1 0.22344454)
(0.34685024 -0.1 0.23354723)
(0.34684914 -0.1 0.24413286)
(0.34684799 -0.1 0.25522451)
(0.34684678 -0.1 0.26684635)
(0.34684551 -0.1 0.27902375)
(0.34684419 -0.1 0.29178325)
(0.3468428 -0.1 0.30515268)
(0.34684134 -0.1 0.3191612)
(0.34683982 -0.1 0.33383935)
(0.34683822 -0.1 0.34921914)
(0.34683654 -0.1 0.36533413)
(0.34683479 -0.1 0.38221944)
(0.34683295 -0.1 0.3999119)
(0.34683102 -0.1 0.4184501)
(0.346829 -0.1 0.43787447)
(0.34682689 -0.1 0.45822735)
(0.34682467 -0.1 0.47955315)
(0.34682235 -0.1 0.50189837)
(0.34681992 -0.1 0.52531173)
(0.34681737 -0.1 0.54984429)
(0.3468147 -0.1 0.57554957)
(0.3468119 -0.1 0.60248361)
(0.34680897 -0.1 0.63070515)
(0.34680589 -0.1 0.66027574)
(0.34680267 -0.1 0.69125986)
(0.3467993 -0.1 0.72372509)
(0.34679576 -0.1 0.75774222)
(0.34679206 -0.1 0.79338544)
(0.34678818 -0.1 0.83073248)
(0.34678411 -0.1 0.86986478)
(0.34677985 -0.1 0.91086769)
(0.34677539 -0.1 0.95383062)
(0.34677071 -0.1 0.99884726)
(0.34676581 -0.1 1.0460158)
(0.34676067 -0.1 1.0954391)
(0.34675529 -0.1 1.1472249)
(0.34674965 -0.1 1.2014862)
(0.34674374 -0.1 1.2583413)
(0.34673755 -0.1 1.3179142)
(0.34673106 -0.1 1.3803347)
(0.34672427 -0.1 1.4457392)
(0.34671714 -0.1 1.51427)
(0.34670968 -0.1 1.5860768)
(0.34670186 -0.1 1.6613161)
(0.34669367 -0.1 1.740152)
(0.34668509 -0.1 1.8227564)
(0.34667609 -0.1 1.9093095)
(0.34666667 -0.1 2)
(0.32342901 -0.1 0.17976776)
(0.32342859 -0.1 0.18776542)
(0.32342815 -0.1 0.19614537)
(0.32342769 -0.1 0.20492591)
(0.3234272 -0.1 0.21412617)
(0.3234267 -0.1 0.22376623)
(0.32342617 -0.1 0.2338671)
(0.32342561 -0.1 0.24445081)
(0.32342503 -0.1 0.25554045)
(0.32342442 -0.1 0.26716019)
(0.32342378 -0.1 0.27933538)
(0.3234231 -0.1 0.29209257)
(0.3234224 -0.1 0.30545958)
(0.32342167 -0.1 0.31946556)
(0.32342089 -0.1 0.33414105)
(0.32342009 -0.1 0.34951806)
(0.32341924 -0.1 0.36563013)
(0.32341835 -0.1 0.38251238)
(0.32341742 -0.1 0.40020164)
(0.32341645 -0.1 0.41873649)
(0.32341543 -0.1 0.43815733)
(0.32341436 -0.1 0.45850654)
(0.32341324 -0.1 0.47982847)
(0.32341206 -0.1 0.50216964)
(0.32341083 -0.1 0.52557876)
(0.32340954 -0.1 0.55010689)
(0.32340819 -0.1 0.57580751)
(0.32340678 -0.1 0.60273667)
(0.32340529 -0.1 0.6309531)
(0.32340374 -0.1 0.66051833)
(0.32340211 -0.1 0.69149685)
(0.32340041 -0.1 0.72395619)
(0.32339862 -0.1 0.75796717)
(0.32339674 -0.1 0.79360393)
(0.32339478 -0.1 0.83094421)
(0.32339273 -0.1 0.87006942)
(0.32339057 -0.1 0.91106491)
(0.32338831 -0.1 0.95402006)
(0.32338595 -0.1 0.99902855)
(0.32338347 -0.1 1.0461885)
(0.32338087 -0.1 1.0956029)
(0.32337815 -0.1 1.1473793)
(0.3233753 -0.1 1.2016308)
(0.32337231 -0.1 1.2584756)
(0.32336918 -0.1 1.3180377)
(0.3233659 -0.1 1.3804469)
(0.32336246 -0.1 1.4458395)
(0.32335886 -0.1 1.514358)
(0.32335509 -0.1 1.5861518)
(0.32335113 -0.1 1.6613775)
(0.32334699 -0.1 1.7401991)
(0.32334265 -0.1 1.8227885)
(0.3233381 -0.1 1.9093259)
(0.32333333 -0.1 2)
)


// ************************************************************************* //
