/*--------------------------------*- C++ -*----------------------------------*\
| =========                 |                                                 |
| \\      /  F ield         | OpenFOAM: The Open Source CFD Toolbox           |
|  \\    /   O peration     | Version:  2406                                  |
|   \\  /    A nd           | Website:  www.openfoam.com                      |
|    \\/     M anipulation  |                                                 |
\*---------------------------------------------------------------------------*/
FoamFile
{
    version     2.0;
    format      ascii;
    arch        "LSB;label=32;scalar=64";
    note        "nPoints:3402  nCells:1613  nFaces:6539  nInternalFaces:3139";
    class       labelList;
    location    "constant/polyMesh";
    object      neighbour;
}
// * * * * * * * * * * * * * * * * * * * * * * * * * * * * * * * * * * * * * //


3139
(
1
27
1377
2
28
1378
3
29
1379
4
30
1380
5
31
1381
6
32
1382
7
33
1383
8
34
1384
9
35
1385
10
36
1386
11
37
1387
12
38
1388
13
39
1389
14
40
1390
15
41
1391
16
42
1392
17
43
1393
18
44
1394
19
45
1395
20
46
1396
21
47
1397
22
48
1398
23
49
1399
24
50
1400
25
51
1401
26
52
1402
53
1403
28
54
29
55
30
56
31
57
32
58
33
59
34
60
35
61
36
62
37
63
38
64
39
65
40
66
41
67
42
68
43
69
44
70
45
71
46
72
47
73
48
74
49
75
50
76
51
77
52
78
53
79
80
55
81
56
82
57
83
58
84
59
85
60
86
61
87
62
88
63
89
64
90
65
91
66
92
67
93
68
94
69
95
70
96
71
97
72
98
73
99
74
100
75
101
76
102
77
103
78
104
79
105
80
106
107
82
108
83
109
84
110
85
111
86
112
87
113
88
114
89
115
90
116
91
117
92
118
93
119
94
120
95
121
96
122
97
123
98
124
99
125
100
126
101
127
102
128
103
129
104
130
105
131
106
132
107
133
134
109
135
110
136
111
137
112
138
113
139
114
140
115
141
116
142
117
143
118
144
119
145
120
146
121
147
122
148
123
149
124
150
125
151
126
152
127
153
128
154
129
155
130
156
131
157
132
158
133
159
134
160
161
136
162
137
163
138
164
139
165
140
166
141
167
142
168
143
169
144
170
145
171
146
172
147
173
148
174
149
175
150
176
151
177
152
178
153
179
154
180
155
181
156
182
157
183
158
184
159
185
160
186
161
187
188
163
189
164
190
165
191
166
192
167
193
168
194
169
195
170
196
171
197
172
198
173
199
174
200
175
201
176
202
177
203
178
204
179
205
180
206
181
207
182
208
183
209
184
210
185
211
186
212
187
213
188
214
215
190
216
191
217
192
218
193
219
194
220
195
221
196
222
197
223
198
224
199
225
200
226
201
227
202
228
203
229
204
230
205
231
206
232
207
233
208
234
209
235
210
236
211
237
212
238
213
239
214
240
215
241
242
217
243
218
244
219
245
220
246
221
247
222
248
223
249
224
250
225
251
226
252
227
253
228
254
229
255
230
256
231
257
232
258
233
259
234
260
235
261
236
262
237
263
238
264
239
265
240
266
241
267
242
268
269
244
270
245
271
246
272
247
273
248
274
249
275
250
276
251
277
252
278
253
279
254
280
255
281
256
282
257
283
258
284
259
285
260
286
261
287
262
288
263
289
264
290
265
291
266
292
267
293
268
294
269
295
296
271
297
272
298
273
299
274
300
275
301
276
302
277
303
278
304
279
305
280
306
281
307
282
308
283
309
284
310
285
311
286
312
287
313
288
314
289
315
290
316
291
317
292
318
293
319
294
320
295
321
296
322
323
298
324
299
325
300
326
301
327
302
328
303
329
304
330
305
331
306
332
307
333
308
334
309
335
310
336
311
337
312
338
313
339
314
340
315
341
316
342
317
343
318
344
319
345
320
346
321
347
322
348
323
349
350
325
351
326
352
327
353
328
354
329
355
330
356
331
357
332
358
333
359
334
360
335
361
336
362
337
363
338
364
339
365
340
366
341
367
342
368
343
369
344
370
345
371
346
372
347
373
348
374
349
375
350
376
377
352
378
353
379
354
380
355
381
356
382
357
383
358
384
359
385
360
386
361
387
362
388
363
389
364
390
365
391
366
392
367
393
368
394
369
395
370
396
371
397
372
398
373
399
374
400
375
401
376
402
377
403
404
379
405
380
406
381
407
382
408
383
409
384
410
385
411
386
412
387
413
388
414
389
415
390
416
391
417
392
418
393
419
394
420
395
421
396
422
397
423
398
424
399
425
400
426
401
427
402
428
403
429
404
430
431
406
432
407
433
408
434
409
435
410
436
411
437
412
438
413
439
414
440
415
441
416
442
417
443
418
444
419
445
420
446
421
447
422
448
423
449
424
450
425
451
426
452
427
453
428
454
429
455
430
456
431
457
458
433
459
434
460
435
461
436
462
437
463
438
464
439
465
440
466
441
467
442
468
443
469
444
470
445
471
446
472
447
473
448
474
449
475
450
476
451
477
452
478
453
479
454
480
455
481
456
482
457
483
458
484
485
460
486
461
487
462
488
463
489
464
490
465
491
466
492
467
493
468
494
469
495
470
496
471
497
472
498
473
499
474
500
475
501
476
502
477
503
478
504
479
505
480
506
481
507
482
508
483
509
484
510
485
511
512
487
513
488
514
489
515
490
516
491
517
492
518
493
519
494
520
495
521
496
522
497
523
498
524
499
525
500
526
501
527
502
528
503
529
504
530
505
531
506
532
507
533
508
534
509
535
510
536
511
537
512
538
539
514
540
515
541
516
542
517
543
518
544
519
545
520
546
521
547
522
548
523
549
524
550
525
551
526
552
527
553
528
554
529
555
530
556
531
557
532
558
533
559
534
560
535
561
536
562
537
563
538
564
539
565
566
541
567
542
568
543
569
544
570
545
571
546
572
547
573
548
574
549
575
550
576
551
577
552
578
553
579
554
580
555
581
556
582
557
583
558
584
559
585
560
586
561
587
562
588
563
589
564
590
565
591
566
592
593
568
569
570
571
572
573
574
575
576
577
578
579
580
581
582
583
584
585
586
587
588
589
590
591
592
593
595
621
1404
596
622
1405
597
623
1406
598
624
1407
599
625
1408
600
626
1409
601
627
1410
602
628
1411
603
629
1412
604
630
1413
605
631
1414
606
632
1415
607
633
1416
608
634
1417
609
635
1418
610
636
1419
611
637
1420
612
638
1421
613
639
1422
614
640
1423
615
641
1424
616
642
1425
617
643
1426
618
644
1427
619
645
1428
620
646
1429
647
1430
622
648
623
649
624
650
625
651
626
652
627
653
628
654
629
655
630
656
631
657
632
658
633
659
634
660
635
661
636
662
637
663
638
664
639
665
640
666
641
667
642
668
643
669
644
670
645
671
646
672
647
673
674
649
675
650
676
651
677
652
678
653
679
654
680
655
681
656
682
657
683
658
684
659
685
660
686
661
687
662
688
663
689
664
690
665
691
666
692
667
693
668
694
669
695
670
696
671
697
672
698
673
699
674
700
701
676
702
677
703
678
704
679
705
680
706
681
707
682
708
683
709
684
710
685
711
686
712
687
713
688
714
689
715
690
716
691
717
692
718
693
719
694
720
695
721
696
722
697
723
698
724
699
725
700
726
701
727
728
703
729
704
730
705
731
706
732
707
733
708
734
709
735
710
736
711
737
712
738
713
739
714
740
715
741
716
742
717
743
718
744
719
745
720
746
721
747
722
748
723
749
724
750
725
751
726
752
727
753
728
754
755
730
756
731
757
732
758
733
759
734
760
735
761
736
762
737
763
738
764
739
765
740
766
741
767
742
768
743
769
744
770
745
771
746
772
747
773
748
774
749
775
750
776
751
777
752
778
753
779
754
780
755
781
782
757
783
758
784
759
785
760
786
761
787
762
788
763
789
764
790
765
791
766
792
767
793
768
794
769
795
770
796
771
797
772
798
773
799
774
800
775
801
776
802
777
803
778
804
779
805
780
806
781
807
782
808
809
784
810
785
811
786
812
787
813
788
814
789
815
790
816
791
817
792
818
793
819
794
820
795
821
796
822
797
823
798
824
799
825
800
826
801
827
802
828
803
829
804
830
805
831
806
832
807
833
808
834
809
835
836
811
837
812
838
813
839
814
840
815
841
816
842
817
843
818
844
819
845
820
846
821
847
822
848
823
849
824
850
825
851
826
852
827
853
828
854
829
855
830
856
831
857
832
858
833
859
834
860
835
861
836
862
863
838
864
839
865
840
866
841
867
842
868
843
869
844
870
845
871
846
872
847
873
848
874
849
875
850
876
851
877
852
878
853
879
854
880
855
881
856
882
857
883
858
884
859
885
860
886
861
887
862
888
863
889
890
865
891
866
892
867
893
868
894
869
895
870
896
871
897
872
898
873
899
874
900
875
901
876
902
877
903
878
904
879
905
880
906
881
907
882
908
883
909
884
910
885
911
886
912
887
913
888
914
889
915
890
916
917
892
918
893
919
894
920
895
921
896
922
897
923
898
924
899
925
900
926
901
927
902
928
903
929
904
930
905
931
906
932
907
933
908
934
909
935
910
936
911
937
912
938
913
939
914
940
915
941
916
942
917
943
944
919
945
920
946
921
947
922
948
923
949
924
950
925
951
926
952
927
953
928
954
929
955
930
956
931
957
932
958
933
959
934
960
935
961
936
962
937
963
938
964
939
965
940
966
941
967
942
968
943
969
944
970
971
946
972
947
973
948
974
949
975
950
976
951
977
952
978
953
979
954
980
955
981
956
982
957
983
958
984
959
985
960
986
961
987
962
988
963
989
964
990
965
991
966
992
967
993
968
994
969
995
970
996
971
997
998
973
999
974
1000
975
1001
976
1002
977
1003
978
1004
979
1005
980
1006
981
1007
982
1008
983
1009
984
1010
985
1011
986
1012
987
1013
988
1014
989
1015
990
1016
991
1017
992
1018
993
1019
994
1020
995
1021
996
1022
997
1023
998
1024
1025
1000
1026
1001
1027
1002
1028
1003
1029
1004
1030
1005
1031
1006
1032
1007
1033
1008
1034
1009
1035
1010
1036
1011
1037
1012
1038
1013
1039
1014
1040
1015
1041
1016
1042
1017
1043
1018
1044
1019
1045
1020
1046
1021
1047
1022
1048
1023
1049
1024
1050
1025
1051
1052
1027
1053
1028
1054
1029
1055
1030
1056
1031
1057
1032
1058
1033
1059
1034
1060
1035
1061
1036
1062
1037
1063
1038
1064
1039
1065
1040
1066
1041
1067
1042
1068
1043
1069
1044
1070
1045
1071
1046
1072
1047
1073
1048
1074
1049
1075
1050
1076
1051
1077
1052
1078
1079
1054
1080
1055
1081
1056
1082
1057
1083
1058
1084
1059
1085
1060
1086
1061
1087
1062
1088
1063
1089
1064
1090
1065
1091
1066
1092
1067
1093
1068
1094
1069
1095
1070
1096
1071
1097
1072
1098
1073
1099
1074
1100
1075
1101
1076
1102
1077
1103
1078
1104
1079
1105
1106
1081
1107
1082
1108
1083
1109
1084
1110
1085
1111
1086
1112
1087
1113
1088
1114
1089
1115
1090
1116
1091
1117
1092
1118
1093
1119
1094
1120
1095
1121
1096
1122
1097
1123
1098
1124
1099
1125
1100
1126
1101
1127
1102
1128
1103
1129
1104
1130
1105
1131
1106
1132
1133
1108
1134
1109
1135
1110
1136
1111
1137
1112
1138
1113
1139
1114
1140
1115
1141
1116
1142
1117
1143
1118
1144
1119
1145
1120
1146
1121
1147
1122
1148
1123
1149
1124
1150
1125
1151
1126
1152
1127
1153
1128
1154
1129
1155
1130
1156
1131
1157
1132
1158
1133
1159
1160
1135
1161
1136
1162
1137
1163
1138
1164
1139
1165
1140
1166
1141
1167
1142
1168
1143
1169
1144
1170
1145
1171
1146
1172
1147
1173
1148
1174
1149
1175
1150
1176
1151
1177
1152
1178
1153
1179
1154
1180
1155
1181
1156
1182
1157
1183
1158
1184
1159
1185
1160
1186
1187
1162
1188
1163
1189
1164
1190
1165
1191
1166
1192
1167
1193
1168
1194
1169
1195
1170
1196
1171
1197
1172
1198
1173
1199
1174
1200
1175
1201
1176
1202
1177
1203
1178
1204
1179
1205
1180
1206
1181
1207
1182
1208
1183
1209
1184
1210
1185
1211
1186
1212
1187
1213
1214
1189
1215
1190
1216
1191
1217
1192
1218
1193
1219
1194
1220
1195
1221
1196
1222
1197
1223
1198
1224
1199
1225
1200
1226
1201
1227
1202
1228
1203
1229
1204
1230
1205
1231
1206
1232
1207
1233
1208
1234
1209
1235
1210
1236
1211
1237
1212
1238
1213
1239
1214
1240
1241
1216
1242
1217
1243
1218
1244
1219
1245
1220
1246
1221
1247
1222
1248
1223
1249
1224
1250
1225
1251
1226
1252
1227
1253
1228
1254
1229
1255
1230
1256
1231
1257
1232
1258
1233
1259
1234
1260
1235
1261
1236
1262
1237
1263
1238
1264
1239
1265
1240
1266
1241
1267
1268
1243
1269
1244
1270
1245
1271
1246
1272
1247
1273
1248
1274
1249
1275
1250
1276
1251
1277
1252
1278
1253
1279
1254
1280
1255
1281
1256
1282
1257
1283
1258
1284
1259
1285
1260
1286
1261
1287
1262
1288
1263
1289
1264
1290
1265
1291
1266
1292
1267
1293
1268
1294
1295
1270
1296
1271
1297
1272
1298
1273
1299
1274
1300
1275
1301
1276
1302
1277
1303
1278
1304
1279
1305
1280
1306
1281
1307
1282
1308
1283
1309
1284
1310
1285
1311
1286
1312
1287
1313
1288
1314
1289
1315
1290
1316
1291
1317
1292
1318
1293
1319
1294
1320
1295
1321
1322
1297
1323
1298
1324
1299
1325
1300
1326
1301
1327
1302
1328
1303
1329
1304
1330
1305
1331
1306
1332
1307
1333
1308
1334
1309
1335
1310
1336
1311
1337
1312
1338
1313
1339
1314
1340
1315
1341
1316
1342
1317
1343
1318
1344
1319
1345
1320
1346
1321
1347
1322
1348
1349
1324
1350
1325
1351
1326
1352
1327
1353
1328
1354
1329
1355
1330
1356
1331
1357
1332
1358
1333
1359
1334
1360
1335
1361
1336
1362
1337
1363
1338
1364
1339
1365
1340
1366
1341
1367
1342
1368
1343
1369
1344
1370
1345
1371
1346
1372
1347
1373
1348
1374
1349
1375
1376
1351
1377
1352
1378
1353
1379
1354
1380
1355
1381
1356
1382
1357
1383
1358
1384
1359
1385
1360
1386
1361
1387
1362
1388
1363
1389
1364
1390
1365
1391
1366
1392
1367
1393
1368
1394
1369
1395
1370
1396
1371
1397
1372
1398
1373
1399
1374
1400
1375
1401
1376
1402
1403
1378
1379
1380
1381
1382
1383
1384
1385
1386
1387
1388
1389
1390
1391
1392
1393
1394
1395
1396
1397
1398
1399
1400
1401
1402
1403
1405
1431
1406
1432
1407
1433
1408
1434
1409
1435
1410
1436
1411
1437
1412
1438
1413
1439
1414
1440
1415
1441
1416
1442
1417
1443
1418
1444
1419
1445
1420
1446
1421
1447
1422
1448
1423
1449
1424
1450
1425
1451
1426
1452
1427
1453
1428
1454
1429
1455
1430
1456
1457
1432
1458
1433
1459
1434
1460
1435
1461
1436
1462
1437
1463
1438
1464
1439
1465
1440
1466
1441
1467
1442
1468
1443
1469
1444
1470
1445
1471
1446
1472
1447
1473
1448
1474
1449
1475
1450
1476
1451
1477
1452
1478
1453
1479
1454
1480
1455
1481
1456
1482
1457
1483
1484
1459
1485
1460
1486
1461
1487
1462
1488
1463
1489
1464
1490
1465
1491
1466
1492
1467
1493
1468
1494
1469
1495
1470
1496
1471
1497
1472
1498
1473
1499
1474
1500
1475
1501
1476
1502
1477
1503
1478
1504
1479
1505
1480
1506
1481
1507
1482
1508
1483
1509
1484
1510
1511
1486
1512
1487
1513
1488
1514
1489
1515
1490
1516
1491
1517
1492
1518
1493
1519
1494
1520
1495
1521
1496
1522
1497
1523
1498
1524
1499
1525
1500
1526
1501
1527
1502
1528
1503
1529
1504
1530
1505
1531
1506
1532
1507
1533
1508
1534
1509
1535
1510
1536
1511
1537
1538
1513
1514
1539
1515
1540
1516
1541
1517
1542
1518
1543
1519
1544
1520
1545
1521
1546
1522
1547
1523
1548
1524
1549
1525
1550
1526
1551
1527
1552
1528
1553
1529
1554
1530
1555
1531
1556
1532
1557
1533
1558
1534
1559
1535
1560
1536
1561
1537
1562
1538
1563
1564
1540
1541
1542
1565
1543
1566
1544
1567
1545
1568
1546
1569
1547
1570
1548
1571
1549
1572
1550
1573
1551
1574
1552
1575
1553
1576
1554
1577
1555
1578
1556
1579
1557
1580
1558
1581
1559
1582
1560
1583
1561
1584
1562
1585
1563
1586
1564
1587
1588
1566
1589
1567
1590
1568
1591
1569
1592
1570
1593
1571
1594
1572
1595
1573
1596
1574
1597
1575
1598
1576
1599
1577
1600
1578
1601
1579
1602
1580
1603
1581
1604
1582
1605
1583
1606
1584
1607
1585
1608
1586
1609
1587
1610
1588
1611
1612
1590
1591
1592
1593
1594
1595
1596
1597
1598
1599
1600
1601
1602
1603
1604
1605
1606
1607
1608
1609
1610
1611
1612
)


// ************************************************************************* //
