/*--------------------------------*- C++ -*----------------------------------*\
| =========                 |                                                 |
| \\      /  F ield         | OpenFOAM: The Open Source CFD Toolbox           |
|  \\    /   O peration     | Version:  2406                                  |
|   \\  /    A nd           | Website:  www.openfoam.com                      |
|    \\/     M anipulation  |                                                 |
\*---------------------------------------------------------------------------*/
FoamFile
{
    version     2.0;
    format      ascii;
    arch        "LSB;label=32;scalar=64";
    class       vectorField;
    location    "constant/polyMesh";
    object      points;
}
// * * * * * * * * * * * * * * * * * * * * * * * * * * * * * * * * * * * * * //


3402
(
(1 0 -1.66533e-17)
(1.0189895 0 -1.6547887e-17)
(1.039134 0 -1.6436063e-17)
(1.0605036 0 -1.6317438e-17)
(1.0831729 0 -1.6191599e-17)
(1.1072209 0 -1.6058106e-17)
(0.3 0 0.060007035)
(0.3 0 0.06227374)
(0.27885745 0 0.062133863)
(0.27891692 0 0.059907753)
(0.3 0 0.064648798)
(0.27879524 0 0.064466487)
(0.3 0 0.067137389)
(0.27873015 0 0.066910725)
(0.3 0 0.06974494)
(0.27866205 0 0.069471925)
(0.3 0 0.072477137)
(0.27859081 0 0.072155689)
(0.3 0 0.075339938)
(0.2785163 0 0.074967889)
(0.3 0 0.078339587)
(0.27843837 0 0.077914679)
(0.3 0 0.081482626)
(0.27835687 0 0.081002508)
(0.3 0 0.084775908)
(0.27827164 0 0.084238136)
(0.3 0 0.088226616)
(0.27818252 0 0.087628646)
(0.3 0 0.091842274)
(0.27808935 0 0.091181464)
(0.3 0 0.095630769)
(0.27799195 0 0.09490437)
(0.3 0 0.099600361)
(0.27789014 0 0.09880552)
(0.3 0 0.10375971)
(0.27778373 0 0.10289346)
(0.3 0 0.10811788)
(0.27767254 0 0.10717716)
(0.3 0 0.11268438)
(0.27755636 0 0.111666)
(0.3 0 0.11746917)
(0.27743498 0 0.11636982)
(0.3 0 0.12248268)
(0.2773082 0 0.12129894)
(0.3 0 0.12773585)
(0.27717578 0 0.12646418)
(0.3 0 0.13324013)
(0.27703751 0 0.13187687)
(0.3 0 0.13900753)
(0.27689316 0 0.1375489)
(0.3 0 0.14505062)
(0.27674247 0 0.14349271)
(0.3 0 0.15138258)
(0.27658522 0 0.14972136)
(0.3 0 0.15801723)
(0.27642113 0 0.15624854)
(0.3 0 0.16496902)
(0.27624996 0 0.16308861)
(0.3 0 0.17225312)
(0.27607143 0 0.17025659)
(0.3 0 0.17988542)
(0.27588529 0 0.17776825)
(0.25885387 0 0.061798555)
(0.25897401 0 0.059610662)
(0.25872815 0 0.064091227)
(0.25859662 0 0.066493706)
(0.258459 0 0.069011261)
(0.25831502 0 0.071649417)
(0.25816441 0 0.074413964)
(0.25800688 0 0.07731097)
(0.2578421 0 0.080346798)
(0.25766978 0 0.083528116)
(0.25748958 0 0.086861917)
(0.25730116 0 0.090355529)
(0.25710416 0 0.094016636)
(0.25689822 0 0.097853291)
(0.25668295 0 0.10187394)
(0.25645796 0 0.10608744)
(0.25622285 0 0.11050306)
(0.25597719 0 0.11513055)
(0.25572054 0 0.1199801)
(0.25545245 0 0.12506242)
(0.25517246 0 0.13038872)
(0.25488008 0 0.13597077)
(0.25457482 0 0.14182091)
(0.25425618 0 0.14795207)
(0.25392363 0 0.15437783)
(0.25357664 0 0.1611124)
(0.25321465 0 0.16817073)
(0.25283711 0 0.17556845)
(0.23992956 0 0.061282182)
(0.24011175 0 0.059130455)
(0.2397389 0 0.063537044)
(0.23953939 0 0.065899998)
(0.23933064 0 0.068376242)
(0.23911224 0 0.070971224)
(0.23888375 0 0.073690655)
(0.23864473 0 0.076540525)
(0.2383947 0 0.079527112)
(0.2381332 0 0.082656998)
(0.23785971 0 0.085937087)
(0.23757371 0 0.089374615)
(0.23727466 0 0.092977173)
(0.23696199 0 0.096752717)
(0.23663513 0 0.10070959)
(0.23629346 0 0.10485655)
(0.23593637 0 0.10920277)
(0.23556319 0 0.11375788)
(0.23517326 0 0.11853198)
(0.23476588 0 0.12353564)
(0.23434034 0 0.12877999)
(0.2338959 0 0.13427666)
(0.23343179 0 0.14003789)
(0.23294722 0 0.1460765)
(0.2324414 0 0.15240593)
(0.23191348 0 0.15904031)
(0.23136262 0 0.16599444)
(0.23078795 0 0.17328387)
(0.22202806 0 0.06059796)
(0.22227384 0 0.058480687)
(0.22177085 0 0.062816798)
(0.22150169 0 0.065142092)
(0.22122003 0 0.067578967)
(0.22092532 0 0.0701328)
(0.22061697 0 0.072809228)
(0.22029439 0 0.075614161)
(0.21995692 0 0.078553797)
(0.21960393 0 0.081634638)
(0.21923471 0 0.084863498)
(0.21884857 0 0.088247528)
(0.21844477 0 0.091794225)
(0.21802253 0 0.095511454)
(0.21758106 0 0.099407464)
(0.21711953 0 0.10349091)
(0.2166371 0 0.10777086)
(0.21613287 0 0.11225684)
(0.21560592 0 0.11695885)
(0.2150553 0 0.12188736)
(0.21448003 0 0.12705337)
(0.21387911 0 0.13246843)
(0.21325147 0 0.13814463)
(0.21259604 0 0.14409469)
(0.21191171 0 0.15033195)
(0.21119733 0 0.1568704)
(0.21045174 0 0.16372475)
(0.20967372 0 0.17091042)
(0.20509597 0 0.059758526)
(0.20540699 0 0.057674352)
(0.20477044 0 0.061942752)
(0.20442977 0 0.064231855)
(0.20407326 0 0.066630893)
(0.2037002 0 0.069145173)
(0.20330984 0 0.071780258)
(0.20290142 0 0.074541982)
(0.20247413 0 0.077436466)
(0.20202713 0 0.08047013)
(0.20155955 0 0.083649705)
(0.20107048 0 0.086982255)
(0.20055898 0 0.090475188)
(0.20002406 0 0.094136277)
(0.19946472 0 0.097973676)
(0.1988799 0 0.10199594)
(0.19826849 0 0.10621205)
(0.19762937 0 0.11063142)
(0.19696135 0 0.11526394)
(0.19626323 0 0.12011998)
(0.19553373 0 0.12521043)
(0.19477155 0 0.13054671)
(0.19397535 0 0.13614084)
(0.19314374 0 0.14200539)
(0.19227527 0 0.14815359)
(0.19136849 0 0.15459933)
(0.19042185 0 0.16135719)
(0.18943381 0 0.16844247)
(0.18908274 0 0.058775535)
(0.18946082 0 0.056723486)
(0.18868701 0 0.060926164)
(0.18827283 0 0.063180131)
(0.18783937 0 0.06554243)
(0.18738575 0 0.068018296)
(0.18691107 0 0.070613222)
(0.18641437 0 0.073332966)
(0.18589469 0 0.076183573)
(0.18535098 0 0.079171382)
(0.18478218 0 0.082303041)
(0.18418718 0 0.085585529)
(0.18356482 0 0.089026166)
(0.18291391 0 0.092632633)
(0.18223319 0 0.09641299)
(0.18152137 0 0.1003757)
(0.1807771 0 0.10452963)
(0.17999898 0 0.1088841)
(0.17918557 0 0.1134489)
(0.17833536 0 0.11823428)
(0.17744681 0 0.12325104)
(0.17651829 0 0.12851047)
(0.17554816 0 0.13402448)
(0.17453468 0 0.13980552)
(0.17347609 0 0.14586671)
(0.17237055 0 0.15222181)
(0.17121618 0 0.15888527)
(0.17001104 0 0.1658723)
(0.17394064 0 0.057659259)
(0.1743877 0 0.055638761)
(0.17347268 0 0.059776883)
(0.17298287 0 0.061996329)
(0.17247022 0 0.064322522)
(0.17193369 0 0.06676063)
(0.17137221 0 0.069316073)
(0.17078464 0 0.071994535)
(0.17016982 0 0.074801983)
(0.16952653 0 0.077744676)
(0.16885348 0 0.08082918)
(0.16814937 0 0.084062386)
(0.1674128 0 0.087451525)
(0.16664236 0 0.091004187)
(0.16583654 0 0.094728337)
(0.1649938 0 0.098632334)
(0.16411253 0 0.10272496)
(0.16319107 0 0.10701541)
(0.16222767 0 0.11151338)
(0.16122055 0 0.11622901)
(0.16016784 0 0.12117297)
(0.15906761 0 0.12635646)
(0.15791785 0 0.13179124)
(0.15671652 0 0.13748966)
(0.15546147 0 0.14346472)
(0.15415049 0 0.14973004)
(0.15278132 0 0.15629996)
(0.15135161 0 0.16318953)
(0.15962451 0 0.056419508)
(0.16014259 0 0.054430421)
(0.15908219 0 0.058504269)
(0.15851451 0 0.060689334)
(0.15792032 0 0.062979561)
(0.15729841 0 0.065380047)
(0.15664752 0 0.067896139)
(0.15596635 0 0.070533448)
(0.15525352 0 0.07329786)
(0.15450761 0 0.076195551)
(0.15372714 0 0.079233005)
(0.15291055 0 0.082417024)
(0.15205625 0 0.085754749)
(0.15116256 0 0.089253672)
(0.15022774 0 0.092921663)
(0.14924997 0 0.09676698)
(0.14822737 0 0.10079829)
(0.14715799 0 0.10502471)
(0.14603981 0 0.10945579)
(0.1448707 0 0.11410157)
(0.14364848 0 0.1189726)
(0.14237089 0 0.12407996)
(0.14103558 0 0.12943529)
(0.13964012 0 0.13505081)
(0.13818199 0 0.14093936)
(0.13665859 0 0.14711447)
(0.13506724 0 0.15359031)
(0.13340516 0 0.16038181)
(0.14609178 0 0.055064947)
(0.14668298 0 0.053107591)
(0.14547288 0 0.0571165)
(0.144825 0 0.059266816)
(0.14414682 0 0.061520684)
(0.14343695 0 0.063883128)
(0.14269395 0 0.066359419)
(0.14191632 0 0.068955091)
(0.14110249 0 0.071675949)
(0.14025082 0 0.074528084)
(0.13935961 0 0.077517891)
(0.13842708 0 0.080652083)
(0.13745138 0 0.083937703)
(0.13643059 0 0.087382149)
(0.1353627 0 0.090993185)
(0.13424563 0 0.094778965)
(0.13307721 0 0.098748049)
(0.13185519 0 0.10290943)
(0.13057722 0 0.10727255)
(0.12924086 0 0.11184733)
(0.12784361 0 0.11664418)
(0.12638283 0 0.12167407)
(0.1248558 0 0.12694848)
(0.12325972 0 0.13247952)
(0.12159167 0 0.13827988)
(0.11984862 0 0.14436293)
(0.11802747 0 0.15074271)
(0.11612497 0 0.15743398)
(0.13330223 0 0.053603044)
(0.13396872 0 0.051678239)
(0.13260447 0 0.055620526)
(0.13187399 0 0.057735179)
(0.1311093 0 0.059951722)
(0.13030883 0 0.062275102)
(0.12947095 0 0.064710514)
(0.12859394 0 0.067263408)
(0.12767604 0 0.069939504)
(0.12671538 0 0.072744805)
(0.12571004 0 0.075685614)
(0.12465799 0 0.078768545)
(0.12355714 0 0.082000544)
(0.1224053 0 0.085388903)
(0.1212002 0 0.088941278)
(0.11993945 0 0.09266571)
(0.1186206 0 0.096570644)
(0.11724108 0 0.10066495)
(0.11579822 0 0.10495794)
(0.11428925 0 0.10945941)
(0.11271128 0 0.11417965)
(0.11106134 0 0.11912945)
(0.1093363 0 0.12432019)
(0.10753296 0 0.12976379)
(0.10564799 0 0.13547281)
(0.10367791 0 0.14146046)
(0.10161915 0 0.1477406)
(0.099468027 0 0.15432783)
(0.12121809 0 0.052040339)
(0.12196206 0 0.050149442)
(0.12043916 0 0.05402232)
(0.11962367 0 0.056099808)
(0.11876993 0 0.058277442)
(0.11787619 0 0.060560091)
(0.11694061 0 0.062952867)
(0.11596128 0 0.065461132)
(0.11493621 0 0.068090515)
(0.1138633 0 0.070846926)
(0.1127404 0 0.073736567)
(0.11156523 0 0.07676595)
(0.11033544 0 0.079941914)
(0.10904856 0 0.083271639)
(0.10770204 0 0.086762665)
(0.1062932 0 0.090422911)
(0.10481927 0 0.094260695)
(0.10327736 0 0.098284757)
(0.10166445 0 0.10250428)
(0.099977431 0 0.1069289)
(0.098213041 0 0.11156877)
(0.096367903 0 0.11643453)
(0.094438509 0 0.12153739)
(0.092421219 0 0.12688912)
(0.090312255 0 0.1325021)
(0.088107701 0 0.13838935)
(0.085803497 0 0.14456457)
(0.083395442 0 0.15104216)
(0.10980375 0 0.050382083)
(0.11062738 0 0.04852703)
(0.10894138 0 0.052326528)
(0.10803847 0 0.05436471)
(0.10709316 0 0.056501186)
(0.1061035 0 0.05874074)
(0.10506744 0 0.061088391)
(0.10398286 0 0.06354941)
(0.10284754 0 0.066129327)
(0.10165916 0 0.068833949)
(0.10041529 0 0.071669373)
(0.099113424 0 0.074641999)
(0.097750925 0 0.077758548)
(0.096325053 0 0.081026079)
(0.09483295 0 0.084452006)
(0.093271639 0 0.088044116)
(0.091638018 0 0.091810589)
(0.089928859 0 0.095760019)
(0.088140801 0 0.099901438)
(0.086270347 0 0.10424434)
(0.084313859 0 0.10879869)
(0.082267555 0 0.11357498)
(0.080127504 0 0.11858423)
(0.077889625 0 0.12383804)
(0.075549677 0 0.12934859)
(0.073103263 0 0.1351287)
(0.07054582 0 0.14119186)
(0.06787262 0 0.14755227)
(0.099025923 0 0.048632625)
(0.099931319 0 0.046815978)
(0.09807789 0 0.050536844)
(0.097085244 0 0.052532894)
(0.096045923 0 0.054625244)
(0.09495777 0 0.056818582)
(0.093818535 0 0.059117832)
(0.092625867 0 0.06152816)
(0.091377313 0 0.064054992)
(0.090070311 0 0.066704021)
(0.088702188 0 0.069481227)
(0.087270155 0 0.072392889)
(0.085771303 0 0.0754456)
(0.084202598 0 0.078646285)
(0.082560876 0 0.082002219)
(0.080842841 0 0.085521042)
(0.079045056 0 0.089210783)
(0.077163941 0 0.093079878)
(0.075195768 0 0.097137191)
(0.073136656 0 0.10139204)
(0.070982566 0 0.10585422)
(0.068729295 0 0.11053402)
(0.066372474 0 0.11544227)
(0.063907559 0 0.12059037)
(0.061329831 0 0.12599027)
(0.058634388 0 0.13165458)
(0.055816141 0 0.13759656)
(0.052869813 0 0.14383014)
(0.088853533 0 0.046794946)
(0.089842677 0 0.045019941)
(0.087817757 0 0.048655544)
(0.086733183 0 0.050605896)
(0.085597548 0 0.052650375)
(0.08440849 0 0.054793568)
(0.083163537 0 0.057040288)
(0.081860111 0 0.059395591)
(0.080495519 0 0.061864783)
(0.079066948 0 0.064453435)
(0.077571462 0 0.067167398)
(0.076005997 0 0.070012815)
(0.074367356 0 0.072996139)
(0.072652202 0 0.076124147)
(0.070857057 0 0.079403957)
(0.068978291 0 0.082843051)
(0.067012123 0 0.086449285)
(0.06495461 0 0.09023092)
(0.062801643 0 0.094196634)
(0.060548944 0 0.09835555)
(0.058192058 0 0.10271726)
(0.055726345 0 0.10729185)
(0.053146979 0 0.11208992)
(0.050448941 0 0.11712263)
(0.04762701 0 0.12240171)
(0.044675761 0 0.1279395)
(0.041589558 0 0.133749)
(0.038362549 0 0.13984387)
(0.079257677 0 0.044870844)
(0.080332355 0 0.043141441)
(0.07813228 0 0.046683662)
(0.076953805 0 0.048583955)
(0.075719784 0 0.050575985)
(0.074427639 0 0.052664225)
(0.073074676 0 0.054853371)
(0.071658082 0 0.057148352)
(0.070174916 0 0.059554344)
(0.068622109 0 0.062076782)
(0.066996453 0 0.064721372)
(0.065294603 0 0.067494107)
(0.063513064 0 0.070401282)
(0.06164819 0 0.07344951)
(0.059696175 0 0.076645736)
(0.057653051 0 0.079997261)
(0.055514677 0 0.083511752)
(0.053276738 0 0.08719727)
(0.050934733 0 0.091062288)
(0.048483972 0 0.095115709)
(0.045919571 0 0.099366899)
(0.04323644 0 0.1038257)
(0.040429281 0 0.10850247)
(0.03749258 0 0.11340811)
(0.034420599 0 0.11855406)
(0.031207371 0 0.12395239)
(0.027846691 0 0.12961578)
(0.024332113 0 0.1355576)
(0.070211824 0 0.042860522)
(0.071373547 0 0.041181465)
(0.068995219 0 0.044620584)
(0.067721172 0 0.046465597)
(0.066387008 0 0.048399699)
(0.06498993 0 0.050427239)
(0.063527013 0 0.052552779)
(0.061995205 0 0.054781108)
(0.060391313 0 0.057117257)
(0.058712003 0 0.059566507)
(0.056953792 0 0.062134403)
(0.055113044 0 0.064826772)
(0.05318596 0 0.067649731)
(0.051168576 0 0.070609708)
(0.049056753 0 0.073713456)
(0.046846172 0 0.07696807)
(0.044532326 0 0.080381007)
(0.042110516 0 0.083960104)
(0.039575838 0 0.087713599)
(0.036923182 0 0.091650152)
(0.034147219 0 0.095778869)
(0.031242397 0 0.10010933)
(0.028202932 0 0.1046516)
(0.0250228 0 0.10941628)
(0.021695731 0 0.11441452)
(0.018215197 0 0.11965804)
(0.014574408 0 0.12515921)
(0.010766304 0 0.13093101)
(0.061691743 0 0.04076263)
(0.062941625 0 0.039139486)
(0.060382757 0 0.042464097)
(0.059011904 0 0.044247703)
(0.057576297 0 0.046117453)
(0.056072914 0 0.048077551)
(0.054498601 0 0.050132411)
(0.052850057 0 0.052286667)
(0.051123835 0 0.054545186)
(0.049316332 0 0.056913076)
(0.047423782 0 0.059395704)
(0.045442254 0 0.061998707)
(0.043367641 0 0.064728004)
(0.041195651 0 0.067589816)
(0.038921807 0 0.070590677)
(0.036541432 0 0.073737455)
(0.034049646 0 0.077037366)
(0.031441355 0 0.080497996)
(0.028711247 0 0.084127318)
(0.025853777 0 0.087933718)
(0.022863166 0 0.091926009)
(0.019733387 0 0.096113465)
(0.016458158 0 0.10050584)
(0.013030934 0 0.10511339)
(0.0094448969 0 0.10994691)
(0.005692945 0 0.11501776)
(0.0017676864 0 0.12033791)
(-0.0023385714 0 0.12591995)
(0.053675941 0 0.03857406)
(0.055014566 0 0.037013258)
(0.052273956 0 0.040210189)
(0.050805645 0 0.041925316)
(0.049267902 0 0.043723294)
(0.047657485 0 0.045608169)
(0.045971 0 0.047584188)
(0.044204901 0 0.049655809)
(0.04235548 0 0.051827715)
(0.040418862 0 0.054104822)
(0.038390997 0 0.056492294)
(0.036267654 0 0.058995555)
(0.03404441 0 0.061620303)
(0.031716648 0 0.064372525)
(0.029279542 0 0.067258509)
(0.026728055 0 0.070284865)
(0.024056927 0 0.07345854)
(0.021260665 0 0.076786836)
(0.018333538 0 0.080277429)
(0.015269566 0 0.08393839)
(0.012062506 0 0.087778207)
(0.0087058512 0 0.091805806)
(0.0051928122 0 0.096030579)
(0.0015163125 0 0.10046241)
(-0.0023310242 0 0.10511168)
(-0.0063568839 0 0.10998935)
(-0.010569273 0 0.11510693)
(-0.014976529 0 0.12047656)
(0.046145628 0 0.03628964)
(0.047572927 0 0.034798526)
(0.044650711 0 0.037852727)
(0.043085003 0 0.039491296)
(0.041445186 0 0.041209031)
(0.039727789 0 0.043009798)
(0.037929182 0 0.044897655)
(0.03604557 0 0.046876866)
(0.034072985 0 0.048951905)
(0.032007279 0 0.051127472)
(0.029844114 0 0.053408505)
(0.027578958 0 0.055800187)
(0.025207074 0 0.058307967)
(0.022723512 0 0.060937566)
(0.0201231 0 0.063694999)
(0.017400435 0 0.066586586)
(0.014549875 0 0.069618967)
(0.011565525 0 0.072799125)
(0.0084412342 0 0.076134401)
(0.0051705774 0 0.079632513)
(0.0017468502 0 0.083301577)
(-0.0018369438 0 0.087150132)
(-0.0055881045 0 0.091187159)
(-0.0095142459 0 0.095422108)
(-0.013623309 0 0.099864924)
(-0.017923571 0 0.10452607)
(-0.022423661 0 0.10941658)
(-0.02713257 0 0.11454805)
(0.039085528 0 0.033901639)
(0.040600622 0 0.032488518)
(0.037498594 0 0.035382976)
(0.035836442 0 0.036935857)
(0.034095541 0 0.038563772)
(0.032272195 0 0.040270388)
(0.030362539 0 0.042059554)
(0.02836253 0 0.043935309)
(0.02626794 0 0.045901897)
(0.024074348 0 0.047963775)
(0.021777132 0 0.050125623)
(0.019371459 0 0.052392357)
(0.016852278 0 0.054769144)
(0.014214307 0 0.05726141)
(0.01145203 0 0.059874856)
(0.0085596776 0 0.062615478)
(0.0055312263 0 0.065489572)
(0.0023603814 0 0.068503762)
(-0.00095943147 0 0.071665009)
(-0.0044350783 0 0.074980633)
(-0.0080737284 0 0.078458335)
(-0.011882866 0 0.082106211)
(-0.015870304 0 0.085932781)
(-0.020044195 0 0.089947012)
(-0.024413044 0 0.094158336)
(-0.028985725 0 0.098576686)
(-0.03377149 0 0.10321252)
(-0.038779989 0 0.10807684)
(0.0324844 0 0.03139914)
(0.034085404 0 0.0300733)
(0.030807419 0 0.03278899)
(0.029050882 0 0.034245971)
(0.027211048 0 0.035773362)
(0.025283999 0 0.037374601)
(0.023265637 0 0.039053301)
(0.021151678 0 0.040813255)
(0.018937637 0 0.042658445)
(0.016618825 0 0.044593054)
(0.014190339 0 0.046621476)
(0.01164705 0 0.048748326)
(0.0089835956 0 0.050978452)
(0.0061943704 0 0.053316948)
(0.0032735134 0 0.055769168)
(0.00021489867 0 0.058340738)
(-0.0029878763 0 0.061037571)
(-0.0063415023 0 0.063865883)
(-0.0098529701 0 0.066832212)
(-0.013529583 0 0.069943429)
(-0.017378971 0 0.073206764)
(-0.021409101 0 0.076629821)
(-0.025628293 0 0.0802206)
(-0.030045234 0 0.083987518)
(-0.034668991 0 0.087939435)
(-0.039509027 0 0.092085677)
(-0.044575216 0 0.096436065)
(-0.04987786 0 0.10100094)
(0.026336533 0 0.028767423)
(0.028020269 0 0.027539068)
(0.024572829 0 0.030055087)
(0.022725384 0 0.031404952)
(0.020790251 0 0.032820055)
(0.0187633 0 0.034303584)
(0.016640209 0 0.035858887)
(0.014416454 0 0.037489478)
(0.012087306 0 0.03919905)
(0.0096478153 0 0.040991478)
(0.007092804 0 0.042870834)
(0.0044168573 0 0.044841396)
(0.0016143116 0 0.046907657)
(-0.0013207559 0 0.04907434)
(-0.0043945385 0 0.051346406)
(-0.0076135117 0 0.053729069)
(-0.010984445 0 0.056227812)
(-0.014514416 0 0.058848397)
(-0.018210821 0 0.061596882)
(-0.022081389 0 0.06447964)
(-0.0261342 0 0.067503372)
(-0.030377691 0 0.070675126)
(-0.03482068 0 0.07400232)
(-0.039472374 0 0.077492758)
(-0.044342391 0 0.081154654)
(-0.04944077 0 0.084996656)
(-0.054777995 0 0.089027868)
(-0.060365007 0 0.09325788)
(1 0 0.0023368179)
(0.97680084 0 0.0056549238)
(0.97680099 0 0.0033219873)
(1 0 0.0047853404)
(0.97680067 0 0.0080993793)
(1 0 0.0073509073)
(0.9768005 0 0.010660685)
(1 0 0.010039114)
(0.97680032 0 0.013344426)
(1 0 0.012855822)
(0.97680013 0 0.016156455)
(1 0 0.015807174)
(0.97679993 0 0.019102906)
(1 0 0.018899607)
(0.97679972 0 0.022190202)
(1 0 0.022139865)
(0.97679951 0 0.025425078)
(1 0 0.025535013)
(0.97679928 0 0.028814587)
(1 0 0.029092457)
(0.97679904 0 0.032366122)
(1 0 0.032819954)
(0.97679879 0 0.036087427)
(1 0 0.036725632)
(0.97679853 0 0.039986619)
(1 0 0.04081801)
(0.97679825 0 0.044072199)
(1 0 0.045106013)
(0.97679796 0 0.048353079)
(1 0 0.04959899)
(0.97679766 0 0.052838594)
(1 0 0.054306741)
(0.97679735 0 0.057538525)
(1 0 0.059239532)
(0.97679701 0 0.062463123)
(1 0 0.06440812)
(0.97679667 0 0.067623126)
(1 0 0.069823778)
(0.9767963 0 0.073029788)
(1 0 0.075498315)
(0.97679592 0 0.0786949)
(1 0 0.081444106)
(0.97679552 0 0.084630815)
(1 0 0.087674119)
(0.9767951 0 0.09085048)
(1 0 0.094201938)
(0.97679467 0 0.097367457)
(1 0 0.1010418)
(0.97679421 0 0.10419596)
(1 0 0.10820862)
(0.97679373 0 0.11135088)
(1 0 0.11571803)
(0.97679322 0 0.11884781)
(1 0 0.12358641)
(0.97679269 0 0.12670312)
(0.95358827 0 0.0088780328)
(0.95358857 0 0.0065488667)
(0.95358795 0 0.011318538)
(0.95358763 0 0.013875704)
(0.95358728 0 0.016555108)
(0.95358692 0 0.019362593)
(0.95358655 0 0.022304281)
(0.95358615 0 0.025386588)
(0.95358574 0 0.028616236)
(0.95358531 0 0.032000267)
(0.95358485 0 0.035546062)
(0.95358438 0 0.039261354)
(0.95358388 0 0.043154243)
(0.95358336 0 0.047233221)
(0.95358281 0 0.051507183)
(0.95358224 0 0.055985448)
(0.95358164 0 0.060677784)
(0.95358101 0 0.065594422)
(0.95358035 0 0.070746087)
(0.95357965 0 0.076144011)
(0.95357893 0 0.081799967)
(0.95357817 0 0.08772629)
(0.95357738 0 0.093935902)
(0.95357654 0 0.10044235)
(0.95357567 0 0.10725981)
(0.95357476 0 0.11440317)
(0.9535738 0 0.12188799)
(0.95357279 0 0.1297306)
(0.93036323 0 0.012010117)
(0.93036365 0 0.0096846148)
(0.93036278 0 0.014446783)
(0.93036232 0 0.016999927)
(0.93036183 0 0.019675116)
(0.93036131 0 0.022478185)
(0.93036078 0 0.025415246)
(0.93036022 0 0.028492704)
(0.93035963 0 0.031717271)
(0.93035901 0 0.03509598)
(0.93035836 0 0.038636197)
(0.93035768 0 0.042345644)
(0.93035697 0 0.04623241)
(0.93035623 0 0.050304972)
(0.93035545 0 0.05457221)
(0.93035463 0 0.059043431)
(0.93035378 0 0.063728386)
(0.93035288 0 0.068637291)
(0.93035194 0 0.073780851)
(0.93035096 0 0.079170284)
(0.93034992 0 0.084817343)
(0.93034884 0 0.090734344)
(0.93034771 0 0.096934188)
(0.93034652 0 0.1034304)
(0.93034528 0 0.11023714)
(0.93034398 0 0.11736926)
(0.93034261 0 0.12484231)
(0.93034118 0 0.13267258)
(0.90712655 0 0.015054793)
(0.90712709 0 0.012732852)
(0.90712599 0 0.017487727)
(0.9071254 0 0.02003696)
(0.90712478 0 0.022708052)
(0.90712413 0 0.025506828)
(0.90712345 0 0.028439391)
(0.90712274 0 0.031512136)
(0.90712199 0 0.034731765)
(0.90712121 0 0.038105298)
(0.90712039 0 0.041640094)
(0.90711953 0 0.04534386)
(0.90711864 0 0.049224673)
(0.90711769 0 0.053290997)
(0.90711671 0 0.0575517)
(0.90711567 0 0.062016073)
(0.90711459 0 0.066693853)
(0.90711345 0 0.07159524)
(0.90711226 0 0.076730923)
(0.90711102 0 0.082112102)
(0.90710971 0 0.087750512)
(0.90710834 0 0.09365845)
(0.90710691 0 0.0998488)
(0.9071054 0 0.10633506)
(0.90710383 0 0.11313138)
(0.90710218 0 0.12025257)
(0.90710045 0 0.12771418)
(0.90709864 0 0.13553246)
(0.88387897 0 0.018015146)
(0.88387961 0 0.015696668)
(0.8838783 0 0.020444452)
(0.8838776 0 0.022989883)
(0.88387687 0 0.025656992)
(0.8838761 0 0.028451593)
(0.88387529 0 0.031379782)
(0.88387445 0 0.034447945)
(0.88387356 0 0.037662772)
(0.88387264 0 0.041031274)
(0.88387166 0 0.044560798)
(0.88387065 0 0.04825904)
(0.88386958 0 0.052134066)
(0.88386846 0 0.056194325)
(0.88386729 0 0.060448674)
(0.88386606 0 0.064906389)
(0.88386478 0 0.069577192)
(0.88386343 0 0.074471268)
(0.88386202 0 0.079599292)
(0.88386054 0 0.084972446)
(0.88385899 0 0.090602447)
(0.88385736 0 0.096501574)
(0.88385566 0 0.10268269)
(0.88385388 0 0.10915928)
(0.88385201 0 0.11594546)
(0.88385005 0 0.12305603)
(0.883848 0 0.13050651)
(0.88384585 0 0.13831313)
(0.86062112 0 0.020893784)
(0.86062185 0 0.018578673)
(0.86062036 0 0.023319561)
(0.86061956 0 0.025861295)
(0.86061872 0 0.02852453)
(0.86061785 0 0.031315073)
(0.86061693 0 0.034239009)
(0.86061597 0 0.037302715)
(0.86061496 0 0.040512873)
(0.86061391 0 0.043876483)
(0.8606128 0 0.047400881)
(0.86061164 0 0.051093751)
(0.86061043 0 0.054963149)
(0.86060915 0 0.059017511)
(0.86060782 0 0.063265681)
(0.86060642 0 0.067716921)
(0.86060496 0 0.07238094)
(0.86060343 0 0.077267909)
(0.86060182 0 0.082388485)
(0.86060014 0 0.087753834)
(0.86059837 0 0.093375659)
(0.86059652 0 0.099266218)
(0.86059459 0 0.10543836)
(0.86059256 0 0.11190554)
(0.86059043 0 0.11868186)
(0.8605882 0 0.12578211)
(0.86058587 0 0.13322176)
(0.86058342 0 0.14101705)
(0.83735354 0 0.023692784)
(0.83735434 0 0.021380948)
(0.8373527 0 0.02611513)
(0.83735181 0 0.02865327)
(0.83735089 0 0.031312738)
(0.83734992 0 0.034099334)
(0.83734891 0 0.037019135)
(0.83734784 0 0.040078509)
(0.83734673 0 0.043284127)
(0.83734556 0 0.04664298)
(0.83734434 0 0.050162392)
(0.83734306 0 0.05385004)
(0.83734171 0 0.057713966)
(0.83734031 0 0.061762594)
(0.83733883 0 0.066004755)
(0.83733729 0 0.070449701)
(0.83733567 0 0.075107124)
(0.83733397 0 0.079987181)
(0.8373322 0 0.085100514)
(0.83733033 0 0.090458276)
(0.83732838 0 0.09607215)
(0.83732634 0 0.10195438)
(0.8373242 0 0.10811779)
(0.83732195 0 0.11457582)
(0.8373196 0 0.12134256)
(0.83731713 0 0.12843277)
(0.83731455 0 0.1358619)
(0.83731185 0 0.14364616)
(0.81407671 0 0.026413955)
(0.81407758 0 0.024105302)
(0.8140758 0 0.028832966)
(0.81407485 0 0.031367611)
(0.81407385 0 0.034023418)
(0.8140728 0 0.036806177)
(0.8140717 0 0.039721958)
(0.81407055 0 0.042777119)
(0.81406934 0 0.045978323)
(0.81406808 0 0.049332551)
(0.81406676 0 0.052847118)
(0.81406537 0 0.056529688)
(0.81406392 0 0.060388293)
(0.81406239 0 0.064431347)
(0.8140608 0 0.068667667)
(0.81405913 0 0.073106492)
(0.81405737 0 0.077757502)
(0.81405554 0 0.08263084)
(0.81405362 0 0.087737133)
(0.8140516 0 0.093087518)
(0.81404949 0 0.098693662)
(0.81404728 0 0.10456779)
(0.81404496 0 0.11072271)
(0.81404253 0 0.11717186)
(0.81403998 0 0.12392928)
(0.81403732 0 0.13100972)
(0.81403452 0 0.13842863)
(0.81403159 0 0.14620217)
(0.79079102 0 0.029058204)
(0.79079194 0 0.026752645)
(0.79079005 0 0.031473975)
(0.79078903 0 0.034005224)
(0.79078797 0 0.036657472)
(0.79078685 0 0.039436503)
(0.79078568 0 0.042348377)
(0.79078446 0 0.045399444)
(0.79078317 0 0.048596359)
(0.79078183 0 0.051946093)
(0.79078042 0 0.055455951)
(0.79077895 0 0.059133588)
(0.7907774 0 0.062987023)
(0.79077578 0 0.06702466)
(0.79077408 0 0.071255305)
(0.7907723 0 0.075688182)
(0.79077044 0 0.080332961)
(0.79076848 0 0.085199769)
(0.79076644 0 0.090299221)
(0.79076429 0 0.095642437)
(0.79076205 0 0.10124107)
(0.79075969 0 0.10710733)
(0.79075723 0 0.11325401)
(0.79075464 0 0.11969451)
(0.79075193 0 0.12644288)
(0.79074909 0 0.13351383)
(0.79074612 0 0.1409228)
(0.790743 0 0.14868592)
(0.76749679 0 0.031626355)
(0.76749776 0 0.029323799)
(0.76749578 0 0.034038977)
(0.76749471 0 0.036566928)
(0.76749359 0 0.03921572)
(0.76749242 0 0.04199113)
(0.7674912 0 0.04489921)
(0.76748991 0 0.047946302)
(0.76748856 0 0.051139051)
(0.76748715 0 0.05448442)
(0.76748567 0 0.057989705)
(0.76748413 0 0.06166255)
(0.7674825 0 0.065510964)
(0.7674808 0 0.06954334)
(0.76747902 0 0.073768472)
(0.76747715 0 0.078195573)
(0.7674752 0 0.0828343)
(0.76747315 0 0.087694767)
(0.767471 0 0.092787574)
(0.76746875 0 0.098123827)
(0.76746639 0 0.10371516)
(0.76746392 0 0.10957378)
(0.76746133 0 0.11571245)
(0.76745862 0 0.12214456)
(0.76745578 0 0.12888414)
(0.7674528 0 0.13594588)
(0.76744968 0 0.14334519)
(0.76744641 0 0.1510982)
(0.74419428 0 0.034118284)
(0.74419529 0 0.031818644)
(0.74419323 0 0.036527853)
(0.74419212 0 0.039052603)
(0.74419096 0 0.041698042)
(0.74418975 0 0.044469938)
(0.74418848 0 0.047374336)
(0.74418714 0 0.050417571)
(0.74418575 0 0.053606278)
(0.74418428 0 0.056947412)
(0.74418275 0 0.060448259)
(0.74418115 0 0.064116454)
(0.74417946 0 0.067959996)
(0.7441777 0 0.071987267)
(0.74417585 0 0.07620705)
(0.74417391 0 0.080628547)
(0.74417188 0 0.085261401)
(0.74416976 0 0.090115715)
(0.74416753 0 0.095202074)
(0.7441652 0 0.10053157)
(0.74416275 0 0.10611583)
(0.74416019 0 0.11196703)
(0.7441575 0 0.11809793)
(0.74415469 0 0.12452189)
(0.74415174 0 0.13125294)
(0.74414865 0 0.13830574)
(0.74414542 0 0.14569568)
(0.74414203 0 0.15343888)
(0.7208837 0 0.036533629)
(0.72088473 0 0.034236814)
(0.72088262 0 0.038940237)
(0.72088148 0 0.041461885)
(0.72088029 0 0.044104074)
(0.72087905 0 0.046872564)
(0.72087774 0 0.049773394)
(0.72087637 0 0.052812889)
(0.72087494 0 0.055997679)
(0.72087344 0 0.059334708)
(0.72087186 0 0.062831254)
(0.72087022 0 0.066494942)
(0.72086849 0 0.070333762)
(0.72086668 0 0.074356085)
(0.72086478 0 0.078570683)
(0.72086279 0 0.082986748)
(0.72086071 0 0.087613909)
(0.72085853 0 0.092462259)
(0.72085624 0 0.097542369)
(0.72085385 0 0.10286532)
(0.72085134 0 0.10844272)
(0.72084871 0 0.11428673)
(0.72084595 0 0.12041009)
(0.72084306 0 0.12682616)
(0.72084004 0 0.13354894)
(0.72083687 0 0.14059308)
(0.72083354 0 0.14797394)
(0.72083006 0 0.15570762)
(0.69756518 0 0.038871227)
(0.69756624 0 0.036577146)
(0.69756408 0 0.04127497)
(0.69756293 0 0.043793616)
(0.69756172 0 0.046432659)
(0.69756045 0 0.049197853)
(0.69755913 0 0.05209523)
(0.69755773 0 0.055131107)
(0.69755628 0 0.058312105)
(0.69755475 0 0.061645161)
(0.69755315 0 0.065137544)
(0.69755147 0 0.06879687)
(0.69754972 0 0.072631119)
(0.69754788 0 0.076648654)
(0.69754595 0 0.080858234)
(0.69754393 0 0.085269041)
(0.69754181 0 0.089890694)
(0.69753959 0 0.094733272)
(0.69753727 0 0.099807334)
(0.69753483 0 0.10512395)
(0.69753228 0 0.1106947)
(0.6975296 0 0.11653176)
(0.6975268 0 0.12264783)
(0.69752387 0 0.12905627)
(0.69752079 0 0.13577104)
(0.69751757 0 0.14280679)
(0.69751419 0 0.15017886)
(0.69751065 0 0.15790334)
(0.67423884 0 0.041129415)
(0.67423989 0 0.038837976)
(0.67423773 0 0.04353039)
(0.67423656 0 0.046046136)
(0.67423534 0 0.04868214)
(0.67423407 0 0.05144415)
(0.67423273 0 0.05433819)
(0.67423133 0 0.057370572)
(0.67422986 0 0.060547907)
(0.67422832 0 0.063877125)
(0.67422671 0 0.067365487)
(0.67422502 0 0.071020599)
(0.67422325 0 0.074850434)
(0.67422139 0 0.078863342)
(0.67421945 0 0.083068075)
(0.67421741 0 0.087473804)
(0.67421528 0 0.092090135)
(0.67421304 0 0.096927136)
(0.6742107 0 0.10199536)
(0.67420824 0 0.10730585)
(0.67420567 0 0.11287019)
(0.67420298 0 0.11870052)
(0.67420015 0 0.12480955)
(0.67419719 0 0.13121061)
(0.67419409 0 0.13791765)
(0.67419085 0 0.1449453)
(0.67418744 0 0.15230888)
(0.67418388 0 0.16002446)
(0.65090473 0 0.043306059)
(0.65090578 0 0.041017166)
(0.65090362 0 0.045704366)
(0.65090246 0 0.048217316)
(0.65090124 0 0.050850391)
(0.65089996 0 0.053609333)
(0.65089863 0 0.056500157)
(0.65089723 0 0.059529169)
(0.65089576 0 0.062702973)
(0.65089422 0 0.066028492)
(0.65089261 0 0.069512978)
(0.65089092 0 0.073164029)
(0.65088915 0 0.076989607)
(0.6508873 0 0.080998057)
(0.65088536 0 0.085198118)
(0.65088332 0 0.089598951)
(0.65088119 0 0.094210152)
(0.65087896 0 0.099041779)
(0.65087661 0 0.10410437)
(0.65087416 0 0.10940896)
(0.65087159 0 0.11496712)
(0.6508689 0 0.12079097)
(0.65086608 0 0.12689321)
(0.65086312 0 0.13328716)
(0.65086002 0 0.13998674)
(0.65085678 0 0.14700658)
(0.65085338 0 0.15436199)
(0.65084981 0 0.16206899)
(0.62756288 0 0.045398157)
(0.62756392 0 0.043111711)
(0.62756178 0 0.047793899)
(0.62756063 0 0.050304163)
(0.62755942 0 0.052934423)
(0.62755816 0 0.055690414)
(0.62755683 0 0.058578148)
(0.62755545 0 0.061603921)
(0.62755399 0 0.064774332)
(0.62755247 0 0.068096295)
(0.62755087 0 0.071577055)
(0.6275492 0 0.075224202)
(0.62754745 0 0.079045691)
(0.62754561 0 0.083049854)
(0.62754369 0 0.087245425)
(0.62754167 0 0.091641552)
(0.62753956 0 0.096247823)
(0.62753735 0 0.10107428)
(0.62753503 0 0.10613146)
(0.6275326 0 0.11143038)
(0.62753005 0 0.11698259)
(0.62752739 0 0.12280022)
(0.62752459 0 0.12889594)
(0.62752166 0 0.13528305)
(0.62751859 0 0.14197547)
(0.62751538 0 0.1489878)
(0.62751201 0 0.15633534)
(0.62750848 0 0.16403411)
(0.60421329 0 0.047402139)
(0.60421432 0 0.045118037)
(0.60421221 0 0.049795425)
(0.60421108 0 0.052303115)
(0.60420989 0 0.054930678)
(0.60420865 0 0.057683844)
(0.60420735 0 0.060568617)
(0.60420599 0 0.063591287)
(0.60420456 0 0.066758448)
(0.60420307 0 0.070077005)
(0.6042015 0 0.073554197)
(0.60419986 0 0.077197605)
(0.60419814 0 0.081015175)
(0.60419634 0 0.085015233)
(0.60419445 0 0.089206502)
(0.60419247 0 0.093598122)
(0.6041904 0 0.098199671)
(0.60418822 0 0.10302118)
(0.60418595 0 0.10807317)
(0.60418356 0 0.11336666)
(0.60418106 0 0.11891318)
(0.60417844 0 0.12472484)
(0.6041757 0 0.13081431)
(0.60417282 0 0.13719487)
(0.60416981 0 0.14388043)
(0.60416665 0 0.15088558)
(0.60416334 0 0.15822559)
(0.60415988 0 0.16591646)
(0.58085595 0 0.049313775)
(0.58085695 0 0.047031909)
(0.5808549 0 0.051704718)
(0.5808538 0 0.054209953)
(0.58085265 0 0.056834944)
(0.58085144 0 0.059585414)
(0.58085018 0 0.062467363)
(0.58084885 0 0.065487074)
(0.58084746 0 0.068651134)
(0.58084601 0 0.071966442)
(0.58084448 0 0.075440229)
(0.58084289 0 0.079080071)
(0.58084121 0 0.082893903)
(0.58083946 0 0.086890045)
(0.58083762 0 0.091077211)
(0.5808357 0 0.095464532)
(0.58083368 0 0.10006158)
(0.58083157 0 0.10487837)
(0.58082935 0 0.10992541)
(0.58082703 0 0.11521371)
(0.5808246 0 0.12075481)
(0.58082205 0 0.12656078)
(0.58081938 0 0.13264429)
(0.58081659 0 0.1390186)
(0.58081365 0 0.14569762)
(0.58081058 0 0.1526959)
(0.58080737 0 0.16002872)
(0.580804 0 0.16771207)
(0.55749083 0 0.05112797)
(0.55749179 0 0.048848227)
(0.55748982 0 0.05351669)
(0.55748876 0 0.056019595)
(0.55748765 0 0.058642144)
(0.55748649 0 0.061390057)
(0.55748527 0 0.064269325)
(0.55748399 0 0.067286228)
(0.55748266 0 0.070447345)
(0.55748126 0 0.07375957)
(0.55747979 0 0.077230127)
(0.55747825 0 0.080866583)
(0.55747664 0 0.084676869)
(0.55747495 0 0.088669294)
(0.55747318 0 0.092852565)
(0.55747133 0 0.097235806)
(0.55746939 0 0.10182857)
(0.55746735 0 0.10664089)
(0.55746522 0 0.11168324)
(0.55746299 0 0.11696662)
(0.55746064 0 0.12250256)
(0.55745819 0 0.12830313)
(0.55745562 0 0.13438098)
(0.55745293 0 0.14074937)
(0.55745011 0 0.14742217)
(0.55744715 0 0.15441395)
(0.55744405 0 0.16173995)
(0.55744081 0 0.16941615)
(0.53411792 0 0.052839006)
(0.53411884 0 0.050561265)
(0.53411696 0 0.055225629)
(0.53411595 0 0.057726336)
(0.53411489 0 0.060346583)
(0.53411379 0 0.063092083)
(0.53411263 0 0.065968823)
(0.53411141 0 0.068983078)
(0.53411014 0 0.07214142)
(0.53410881 0 0.075450737)
(0.53410741 0 0.078918246)
(0.53410595 0 0.082551509)
(0.53410441 0 0.08635845)
(0.53410281 0 0.09034737)
(0.53410112 0 0.094526969)
(0.53409936 0 0.098906361)
(0.53409751 0 0.1034951)
(0.53409557 0 0.10830318)
(0.53409354 0 0.11334111)
(0.53409141 0 0.11861985)
(0.53408918 0 0.12415093)
(0.53408685 0 0.12994641)
(0.5340844 0 0.13601893)
(0.53408184 0 0.14238172)
(0.53407915 0 0.14904867)
(0.53407634 0 0.15603431)
(0.53407339 0 0.16335387)
(0.5340703 0 0.17102333)
(0.51073722 0 0.054440197)
(0.51073808 0 0.052164328)
(0.51073631 0 0.056824856)
(0.51073537 0 0.059323508)
(0.51073438 0 0.0619416)
(0.51073334 0 0.064684842)
(0.51073225 0 0.067559217)
(0.51073111 0 0.070570992)
(0.51072991 0 0.073726737)
(0.51072866 0 0.077033333)
(0.51072734 0 0.080497991)
(0.51072597 0 0.084128266)
(0.51072453 0 0.087932076)
(0.51072302 0 0.091917716)
(0.51072143 0 0.096093878)
(0.51071978 0 0.10046967)
(0.51071804 0 0.10505463)
(0.51071622 0 0.10985876)
(0.51071431 0 0.11489254)
(0.51071231 0 0.12016695)
(0.51071022 0 0.12569348)
(0.51070802 0 0.1314842)
(0.51070573 0 0.13755172)
(0.51070332 0 0.14390928)
(0.51070079 0 0.15057074)
(0.51069815 0 0.15755064)
(0.51069538 0 0.16486419)
(0.51069247 0 0.17252734)
(0.48734876 0 0.05592394)
(0.48734956 0 0.053649807)
(0.48734793 0 0.058306781)
(0.48734705 0 0.060803527)
(0.48734613 0 0.063419622)
(0.48734517 0 0.066160772)
(0.48734416 0 0.069032955)
(0.48734311 0 0.072042434)
(0.487342 0 0.075195772)
(0.48734084 0 0.078499846)
(0.48733963 0 0.081961861)
(0.48733835 0 0.085589368)
(0.48733702 0 0.089390278)
(0.48733562 0 0.093372878)
(0.48733416 0 0.097545855)
(0.48733262 0 0.10191831)
(0.48733102 0 0.10649977)
(0.48732933 0 0.11130024)
(0.48732757 0 0.11633019)
(0.48732572 0 0.12160057)
(0.48732378 0 0.12712289)
(0.48732175 0 0.13290918)
(0.48731962 0 0.13897208)
(0.4873174 0 0.14532479)
(0.48731506 0 0.15198117)
(0.48731261 0 0.15895574)
(0.48731005 0 0.16626372)
(0.48730736 0 0.17392102)
(0.46395265 0 0.057281719)
(0.46395337 0 0.055009174)
(0.46395189 0 0.059662896)
(0.46395109 0 0.062157898)
(0.46395026 0 0.064772166)
(0.46394939 0 0.067511401)
(0.46394847 0 0.070381578)
(0.46394751 0 0.073388955)
(0.46394651 0 0.076540091)
(0.46394545 0 0.079841857)
(0.46394435 0 0.083301455)
(0.4639432 0 0.086926428)
(0.46394199 0 0.090724683)
(0.46394072 0 0.094704502)
(0.46393939 0 0.098874564)
(0.46393799 0 0.10324396)
(0.46393653 0 0.10782223)
(0.46393501 0 0.11261935)
(0.4639334 0 0.11764578)
(0.46393172 0 0.12291248)
(0.46392996 0 0.12843094)
(0.46392812 0 0.13421319)
(0.46392619 0 0.14027185)
(0.46392417 0 0.14662013)
(0.46392205 0 0.15327186)
(0.46391982 0 0.16024156)
(0.4639175 0 0.16754443)
(0.46391506 0 0.17519639)
(0.44054904 0 0.058503829)
(0.44054969 0 0.056232714)
(0.44054837 0 0.060883508)
(0.44054766 0 0.063376941)
(0.44054693 0 0.065989564)
(0.44054615 0 0.068727077)
(0.44054534 0 0.071595448)
(0.44054449 0 0.074600933)
(0.4405436 0 0.077750086)
(0.44054267 0 0.081049776)
(0.44054169 0 0.084507197)
(0.44054066 0 0.08812989)
(0.44053959 0 0.091925755)
(0.44053847 0 0.095903071)
(0.44053729 0 0.10007051)
(0.44053605 0 0.10443716)
(0.44053476 0 0.10901255)
(0.4405334 0 0.11380665)
(0.44053198 0 0.11882991)
(0.44053049 0 0.1240933)
(0.44052893 0 0.12960829)
(0.4405273 0 0.13538691)
(0.44052559 0 0.14144176)
(0.44052379 0 0.14778604)
(0.44052191 0 0.15443359)
(0.44051994 0 0.16139891)
(0.44051788 0 0.16869718)
(0.44051572 0 0.17634432)
(0.41713824 0 0.059579444)
(0.41713879 0 0.057309587)
(0.41713766 0 0.061957805)
(0.41713706 0 0.064449856)
(0.41713642 0 0.067061032)
(0.41713576 0 0.069797028)
(0.41713506 0 0.07266381)
(0.41713433 0 0.07566763)
(0.41713357 0 0.078815039)
(0.41713276 0 0.0821129)
(0.41713192 0 0.085568406)
(0.41713104 0 0.089189092)
(0.41713012 0 0.092982854)
(0.41712916 0 0.096957966)
(0.41712814 0 0.1011231)
(0.41712708 0 0.10548733)
(0.41712597 0 0.11006018)
(0.41712481 0 0.11485162)
(0.41712359 0 0.11987211)
(0.41712231 0 0.12513258)
(0.41712097 0 0.13064451)
(0.41711957 0 0.13641993)
(0.4171181 0 0.14247142)
(0.41711655 0 0.14881219)
(0.41711494 0 0.15545606)
(0.41711325 0 0.16241752)
(0.41711148 0 0.16971175)
(0.41710962 0 0.17735465)
(0.39372068 0 0.060496435)
(0.39372113 0 0.058227651)
(0.39372021 0 0.062873672)
(0.39371971 0 0.065364545)
(0.39371919 0 0.067974488)
(0.39371864 0 0.070709191)
(0.39371807 0 0.073574618)
(0.39371747 0 0.076577018)
(0.39371684 0 0.07972294)
(0.39371618 0 0.083019243)
(0.39371549 0 0.086473115)
(0.39371477 0 0.09009209)
(0.39371401 0 0.09388406)
(0.39371322 0 0.097857293)
(0.39371239 0 0.10202046)
(0.39371152 0 0.10638262)
(0.3937106 0 0.11095331)
(0.39370965 0 0.11574249)
(0.39370865 0 0.1207606)
(0.3937076 0 0.12601859)
(0.39370649 0 0.13152792)
(0.39370534 0 0.13730061)
(0.39370413 0 0.14334924)
(0.39370287 0 0.14968701)
(0.39370154 0 0.15632774)
(0.39370015 0 0.16328591)
(0.3936987 0 0.17057669)
(0.39369717 0 0.17821599)
(0.370297 0 0.061240928)
(0.37029734 0 0.058973015)
(0.37029663 0 0.063617252)
(0.37029625 0 0.06610717)
(0.37029585 0 0.06871611)
(0.37029543 0 0.071449763)
(0.37029499 0 0.074314091)
(0.37029453 0 0.077315339)
(0.37029405 0 0.080460052)
(0.37029355 0 0.08375509)
(0.37029302 0 0.087207637)
(0.37029246 0 0.090825223)
(0.37029188 0 0.094615737)
(0.37029127 0 0.098587445)
(0.37029064 0 0.10274901)
(0.37028997 0 0.1071095)
(0.37028927 0 0.11167844)
(0.37028854 0 0.11646578)
(0.37028777 0 0.12148196)
(0.37028696 0 0.12673793)
(0.37028612 0 0.13224515)
(0.37028523 0 0.13801562)
(0.37028431 0 0.14406193)
(0.37028334 0 0.15039727)
(0.37028232 0 0.15703545)
(0.37028126 0 0.16399094)
(0.37028014 0 0.17127893)
(0.37027897 0 0.17891529)
(0.34686809 0 0.061797515)
(0.34686832 0 0.059530253)
(0.34686784 0 0.064173157)
(0.34686758 0 0.066662359)
(0.34686731 0 0.069270551)
(0.34686703 0 0.072003419)
(0.34686673 0 0.074866924)
(0.34686642 0 0.07786731)
(0.34686609 0 0.081011121)
(0.34686575 0 0.084305213)
(0.34686539 0 0.087756769)
(0.34686501 0 0.091373316)
(0.34686462 0 0.095162742)
(0.34686421 0 0.09913331)
(0.34686377 0 0.10329368)
(0.34686332 0 0.10765292)
(0.34686285 0 0.11222055)
(0.34686235 0 0.11700651)
(0.34686183 0 0.12202126)
(0.34686128 0 0.12727572)
(0.34686071 0 0.13278135)
(0.34686011 0 0.13855016)
(0.34685948 0 0.14459474)
(0.34685882 0 0.15092826)
(0.34685813 0 0.15756453)
(0.34685741 0 0.16451803)
(0.34685665 0 0.17180393)
(0.34685586 0 0.1794381)
(0.32343519 0 0.062148481)
(0.32343531 0 0.059881629)
(0.32343507 0 0.064523693)
(0.32343494 0 0.067012445)
(0.3234348 0 0.069620164)
(0.32343465 0 0.072352537)
(0.3234345 0 0.075215524)
(0.32343435 0 0.078215367)
(0.32343418 0 0.081358609)
(0.32343401 0 0.084652104)
(0.32343383 0 0.088103035)
(0.32343364 0 0.091718927)
(0.32343344 0 0.095507666)
(0.32343323 0 0.099477515)
(0.32343301 0 0.10363713)
(0.32343278 0 0.10799559)
(0.32343254 0 0.11256238)
(0.32343229 0 0.11734748)
(0.32343203 0 0.12236132)
(0.32343175 0 0.12761483)
(0.32343146 0 0.13311946)
(0.32343116 0 0.13888723)
(0.32343084 0 0.14493071)
(0.32343051 0 0.15126308)
(0.32343016 0 0.15789816)
(0.32342979 0 0.1648504)
(0.32342941 0 0.17213497)
(0.32342901 0 0.17976776)
(1.0189895 0 0.0023368179)
(1.0189895 0 0.0047853404)
(1.0189895 0 0.0073509073)
(1.0189895 0 0.010039114)
(1.0189895 0 0.012855822)
(1.0189895 0 0.015807174)
(1.0189895 0 0.018899607)
(1.0189895 0 0.022139865)
(1.0189895 0 0.025535013)
(1.0189895 0 0.029092457)
(1.0189895 0 0.032819954)
(1.0189895 0 0.036725632)
(1.0189895 0 0.04081801)
(1.0189895 0 0.045106013)
(1.0189895 0 0.04959899)
(1.0189895 0 0.054306741)
(1.0189895 0 0.059239532)
(1.0189895 0 0.06440812)
(1.0189895 0 0.069823778)
(1.0189895 0 0.075498315)
(1.0189895 0 0.081444106)
(1.0189895 0 0.087674119)
(1.0189895 0 0.094201938)
(1.0189895 0 0.1010418)
(1.0189895 0 0.10820862)
(1.0189895 0 0.11571803)
(1.0189895 0 0.12358641)
(1.039134 0 0.0023368179)
(1.039134 0 0.0047853404)
(1.039134 0 0.0073509073)
(1.039134 0 0.010039114)
(1.039134 0 0.012855822)
(1.039134 0 0.015807174)
(1.039134 0 0.018899607)
(1.039134 0 0.022139865)
(1.039134 0 0.025535013)
(1.039134 0 0.029092457)
(1.039134 0 0.032819954)
(1.039134 0 0.036725632)
(1.039134 0 0.04081801)
(1.039134 0 0.045106013)
(1.039134 0 0.04959899)
(1.039134 0 0.054306741)
(1.039134 0 0.059239532)
(1.039134 0 0.06440812)
(1.039134 0 0.069823778)
(1.039134 0 0.075498315)
(1.039134 0 0.081444106)
(1.039134 0 0.087674119)
(1.039134 0 0.094201938)
(1.039134 0 0.1010418)
(1.039134 0 0.10820862)
(1.039134 0 0.11571803)
(1.039134 0 0.12358641)
(1.0605036 0 0.0023368179)
(1.0605036 0 0.0047853404)
(1.0605036 0 0.0073509073)
(1.0605036 0 0.010039114)
(1.0605036 0 0.012855822)
(1.0605036 0 0.015807174)
(1.0605036 0 0.018899607)
(1.0605036 0 0.022139865)
(1.0605036 0 0.025535013)
(1.0605036 0 0.029092457)
(1.0605036 0 0.032819954)
(1.0605036 0 0.036725632)
(1.0605036 0 0.04081801)
(1.0605036 0 0.045106013)
(1.0605036 0 0.04959899)
(1.0605036 0 0.054306741)
(1.0605036 0 0.059239532)
(1.0605036 0 0.06440812)
(1.0605036 0 0.069823778)
(1.0605036 0 0.075498315)
(1.0605036 0 0.081444106)
(1.0605036 0 0.087674119)
(1.0605036 0 0.094201938)
(1.0605036 0 0.1010418)
(1.0605036 0 0.10820862)
(1.0605036 0 0.11571803)
(1.0605036 0 0.12358641)
(1.0831729 0 0.0023368179)
(1.0831729 0 0.0047853404)
(1.0831729 0 0.0073509073)
(1.0831729 0 0.010039114)
(1.0831729 0 0.012855822)
(1.0831729 0 0.015807174)
(1.0831729 0 0.018899607)
(1.0831729 0 0.022139865)
(1.0831729 0 0.025535013)
(1.0831729 0 0.029092457)
(1.0831729 0 0.032819954)
(1.0831729 0 0.036725632)
(1.0831729 0 0.04081801)
(1.0831729 0 0.045106013)
(1.0831729 0 0.04959899)
(1.0831729 0 0.054306741)
(1.0831729 0 0.059239532)
(1.0831729 0 0.06440812)
(1.0831729 0 0.069823778)
(1.0831729 0 0.075498315)
(1.0831729 0 0.081444106)
(1.0831729 0 0.087674119)
(1.0831729 0 0.094201938)
(1.0831729 0 0.1010418)
(1.0831729 0 0.10820862)
(1.0831729 0 0.11571803)
(1.0831729 0 0.12358641)
(1.1072209 0 0.0023368179)
(1.1072209 0 0.0047853404)
(1.1072209 0 0.0073509073)
(1.1072209 0 0.010039114)
(1.1072209 0 0.012855822)
(1.1072209 0 0.015807174)
(1.1072209 0 0.018899607)
(1.1072209 0 0.022139865)
(1.1072209 0 0.025535013)
(1.1072209 0 0.029092457)
(1.1072209 0 0.032819954)
(1.1072209 0 0.036725632)
(1.1072209 0 0.04081801)
(1.1072209 0 0.045106013)
(1.1072209 0 0.04959899)
(1.1072209 0 0.054306741)
(1.1072209 0 0.059239532)
(1.1072209 0 0.06440812)
(1.1072209 0 0.069823778)
(1.1072209 0 0.075498315)
(1.1072209 0 0.081444106)
(1.1072209 0 0.087674119)
(1.1072209 0 0.094201938)
(1.1072209 0 0.1010418)
(1.1072209 0 0.10820862)
(1.1072209 0 0.11571803)
(1.1072209 0 0.12358641)
(1.1327314 0 0.0023368179)
(1.1327314 0 0.0047853404)
(1.1327314 0 0.0073509073)
(1.1327314 0 0.010039114)
(1.1327314 0 0.012855822)
(1.1327314 0 0.015807174)
(1.1327314 0 0.018899607)
(1.1327314 0 0.022139865)
(1.1327314 0 0.025535013)
(1.1327314 0 0.029092457)
(1.1327314 0 0.032819954)
(1.1327314 0 0.036725632)
(1.1327314 0 0.04081801)
(1.1327314 0 0.045106013)
(1.1327314 0 0.04959899)
(1.1327314 0 0.054306741)
(1.1327314 0 0.059239532)
(1.1327314 0 0.06440812)
(1.1327314 0 0.069823778)
(1.1327314 0 0.075498315)
(1.1327314 0 0.081444106)
(1.1327314 0 0.087674119)
(1.1327314 0 0.094201938)
(1.1327314 0 0.1010418)
(1.1327314 0 0.10820862)
(1.1327314 0 0.11571803)
(1.1327314 0 0.12358641)
(1.1597935 0 0.0073509073)
(1.1597935 0 0.010039114)
(1.1597935 0 0.012855822)
(1.1597935 0 0.015807174)
(1.1597935 0 0.018899607)
(1.1597935 0 0.022139865)
(1.1597935 0 0.025535013)
(1.1597935 0 0.029092457)
(1.1597935 0 0.032819954)
(1.1597935 0 0.036725632)
(1.1597935 0 0.04081801)
(1.1597935 0 0.045106013)
(1.1597935 0 0.04959899)
(1.1597935 0 0.054306741)
(1.1597935 0 0.059239532)
(1.1597935 0 0.06440812)
(1.1597935 0 0.069823778)
(1.1597935 0 0.075498315)
(1.1597935 0 0.081444106)
(1.1597935 0 0.087674119)
(1.1597935 0 0.094201938)
(1.1597935 0 0.1010418)
(1.1597935 0 0.10820862)
(1.1597935 0 0.11571803)
(1.1597935 0 0.12358641)
(1.1885014 0 0.0073509073)
(1.1885014 0 0.010039114)
(1.1885014 0 0.012855822)
(1.1885014 0 0.015807174)
(1.1885014 0 0.018899607)
(1.1885014 0 0.022139865)
(1.1885014 0 0.025535013)
(1.1885014 0 0.029092457)
(1.1885014 0 0.032819954)
(1.1885014 0 0.036725632)
(1.1885014 0 0.04081801)
(1.1885014 0 0.045106013)
(1.1885014 0 0.04959899)
(1.1885014 0 0.054306741)
(1.1885014 0 0.059239532)
(1.1885014 0 0.06440812)
(1.1885014 0 0.069823778)
(1.1885014 0 0.075498315)
(1.1885014 0 0.081444106)
(1.1885014 0 0.087674119)
(1.1885014 0 0.094201938)
(1.1885014 0 0.1010418)
(1.1885014 0 0.10820862)
(1.1885014 0 0.11571803)
(1.1885014 0 0.12358641)
(1 -0.1 -1.66533e-17)
(1.0189895 -0.1 -1.6547887e-17)
(1.039134 -0.1 -1.6436063e-17)
(1.0605036 -0.1 -1.6317438e-17)
(1.0831729 -0.1 -1.6191599e-17)
(1.1072209 -0.1 -1.6058106e-17)
(0.3 -0.1 0.060007035)
(0.3 -0.1 0.06227374)
(0.27885745 -0.1 0.062133863)
(0.27891692 -0.1 0.059907753)
(0.3 -0.1 0.064648798)
(0.27879524 -0.1 0.064466487)
(0.3 -0.1 0.067137389)
(0.27873015 -0.1 0.066910725)
(0.3 -0.1 0.06974494)
(0.27866205 -0.1 0.069471925)
(0.3 -0.1 0.072477137)
(0.27859081 -0.1 0.072155689)
(0.3 -0.1 0.075339938)
(0.2785163 -0.1 0.074967889)
(0.3 -0.1 0.078339587)
(0.27843837 -0.1 0.077914679)
(0.3 -0.1 0.081482626)
(0.27835687 -0.1 0.081002508)
(0.3 -0.1 0.084775908)
(0.27827164 -0.1 0.084238136)
(0.3 -0.1 0.088226616)
(0.27818252 -0.1 0.087628646)
(0.3 -0.1 0.091842274)
(0.27808935 -0.1 0.091181464)
(0.3 -0.1 0.095630769)
(0.27799195 -0.1 0.09490437)
(0.3 -0.1 0.099600361)
(0.27789014 -0.1 0.09880552)
(0.3 -0.1 0.10375971)
(0.27778373 -0.1 0.10289346)
(0.3 -0.1 0.10811788)
(0.27767254 -0.1 0.10717716)
(0.3 -0.1 0.11268438)
(0.27755636 -0.1 0.111666)
(0.3 -0.1 0.11746917)
(0.27743498 -0.1 0.11636982)
(0.3 -0.1 0.12248268)
(0.2773082 -0.1 0.12129894)
(0.3 -0.1 0.12773585)
(0.27717578 -0.1 0.12646418)
(0.3 -0.1 0.13324013)
(0.27703751 -0.1 0.13187687)
(0.3 -0.1 0.13900753)
(0.27689316 -0.1 0.1375489)
(0.3 -0.1 0.14505062)
(0.27674247 -0.1 0.14349271)
(0.3 -0.1 0.15138258)
(0.27658522 -0.1 0.14972136)
(0.3 -0.1 0.15801723)
(0.27642113 -0.1 0.15624854)
(0.3 -0.1 0.16496902)
(0.27624996 -0.1 0.16308861)
(0.3 -0.1 0.17225312)
(0.27607143 -0.1 0.17025659)
(0.3 -0.1 0.17988542)
(0.27588529 -0.1 0.17776825)
(0.25885387 -0.1 0.061798555)
(0.25897401 -0.1 0.059610662)
(0.25872815 -0.1 0.064091227)
(0.25859662 -0.1 0.066493706)
(0.258459 -0.1 0.069011261)
(0.25831502 -0.1 0.071649417)
(0.25816441 -0.1 0.074413964)
(0.25800688 -0.1 0.07731097)
(0.2578421 -0.1 0.080346798)
(0.25766978 -0.1 0.083528116)
(0.25748958 -0.1 0.086861917)
(0.25730116 -0.1 0.090355529)
(0.25710416 -0.1 0.094016636)
(0.25689822 -0.1 0.097853291)
(0.25668295 -0.1 0.10187394)
(0.25645796 -0.1 0.10608744)
(0.25622285 -0.1 0.11050306)
(0.25597719 -0.1 0.11513055)
(0.25572054 -0.1 0.1199801)
(0.25545245 -0.1 0.12506242)
(0.25517246 -0.1 0.13038872)
(0.25488008 -0.1 0.13597077)
(0.25457482 -0.1 0.14182091)
(0.25425618 -0.1 0.14795207)
(0.25392363 -0.1 0.15437783)
(0.25357664 -0.1 0.1611124)
(0.25321465 -0.1 0.16817073)
(0.25283711 -0.1 0.17556845)
(0.23992956 -0.1 0.061282182)
(0.24011175 -0.1 0.059130455)
(0.2397389 -0.1 0.063537044)
(0.23953939 -0.1 0.065899998)
(0.23933064 -0.1 0.068376242)
(0.23911224 -0.1 0.070971224)
(0.23888375 -0.1 0.073690655)
(0.23864473 -0.1 0.076540525)
(0.2383947 -0.1 0.079527112)
(0.2381332 -0.1 0.082656998)
(0.23785971 -0.1 0.085937087)
(0.23757371 -0.1 0.089374615)
(0.23727466 -0.1 0.092977173)
(0.23696199 -0.1 0.096752717)
(0.23663513 -0.1 0.10070959)
(0.23629346 -0.1 0.10485655)
(0.23593637 -0.1 0.10920277)
(0.23556319 -0.1 0.11375788)
(0.23517326 -0.1 0.11853198)
(0.23476588 -0.1 0.12353564)
(0.23434034 -0.1 0.12877999)
(0.2338959 -0.1 0.13427666)
(0.23343179 -0.1 0.14003789)
(0.23294722 -0.1 0.1460765)
(0.2324414 -0.1 0.15240593)
(0.23191348 -0.1 0.15904031)
(0.23136262 -0.1 0.16599444)
(0.23078795 -0.1 0.17328387)
(0.22202806 -0.1 0.06059796)
(0.22227384 -0.1 0.058480687)
(0.22177085 -0.1 0.062816798)
(0.22150169 -0.1 0.065142092)
(0.22122003 -0.1 0.067578967)
(0.22092532 -0.1 0.0701328)
(0.22061697 -0.1 0.072809228)
(0.22029439 -0.1 0.075614161)
(0.21995692 -0.1 0.078553797)
(0.21960393 -0.1 0.081634638)
(0.21923471 -0.1 0.084863498)
(0.21884857 -0.1 0.088247528)
(0.21844477 -0.1 0.091794225)
(0.21802253 -0.1 0.095511454)
(0.21758106 -0.1 0.099407464)
(0.21711953 -0.1 0.10349091)
(0.2166371 -0.1 0.10777086)
(0.21613287 -0.1 0.11225684)
(0.21560592 -0.1 0.11695885)
(0.2150553 -0.1 0.12188736)
(0.21448003 -0.1 0.12705337)
(0.21387911 -0.1 0.13246843)
(0.21325147 -0.1 0.13814463)
(0.21259604 -0.1 0.14409469)
(0.21191171 -0.1 0.15033195)
(0.21119733 -0.1 0.1568704)
(0.21045174 -0.1 0.16372475)
(0.20967372 -0.1 0.17091042)
(0.20509597 -0.1 0.059758526)
(0.20540699 -0.1 0.057674352)
(0.20477044 -0.1 0.061942752)
(0.20442977 -0.1 0.064231855)
(0.20407326 -0.1 0.066630893)
(0.2037002 -0.1 0.069145173)
(0.20330984 -0.1 0.071780258)
(0.20290142 -0.1 0.074541982)
(0.20247413 -0.1 0.077436466)
(0.20202713 -0.1 0.08047013)
(0.20155955 -0.1 0.083649705)
(0.20107048 -0.1 0.086982255)
(0.20055898 -0.1 0.090475188)
(0.20002406 -0.1 0.094136277)
(0.19946472 -0.1 0.097973676)
(0.1988799 -0.1 0.10199594)
(0.19826849 -0.1 0.10621205)
(0.19762937 -0.1 0.11063142)
(0.19696135 -0.1 0.11526394)
(0.19626323 -0.1 0.12011998)
(0.19553373 -0.1 0.12521043)
(0.19477155 -0.1 0.13054671)
(0.19397535 -0.1 0.13614084)
(0.19314374 -0.1 0.14200539)
(0.19227527 -0.1 0.14815359)
(0.19136849 -0.1 0.15459933)
(0.19042185 -0.1 0.16135719)
(0.18943381 -0.1 0.16844247)
(0.18908274 -0.1 0.058775535)
(0.18946082 -0.1 0.056723486)
(0.18868701 -0.1 0.060926164)
(0.18827283 -0.1 0.063180131)
(0.18783937 -0.1 0.06554243)
(0.18738575 -0.1 0.068018296)
(0.18691107 -0.1 0.070613222)
(0.18641437 -0.1 0.073332966)
(0.18589469 -0.1 0.076183573)
(0.18535098 -0.1 0.079171382)
(0.18478218 -0.1 0.082303041)
(0.18418718 -0.1 0.085585529)
(0.18356482 -0.1 0.089026166)
(0.18291391 -0.1 0.092632633)
(0.18223319 -0.1 0.09641299)
(0.18152137 -0.1 0.1003757)
(0.1807771 -0.1 0.10452963)
(0.17999898 -0.1 0.1088841)
(0.17918557 -0.1 0.1134489)
(0.17833536 -0.1 0.11823428)
(0.17744681 -0.1 0.12325104)
(0.17651829 -0.1 0.12851047)
(0.17554816 -0.1 0.13402448)
(0.17453468 -0.1 0.13980552)
(0.17347609 -0.1 0.14586671)
(0.17237055 -0.1 0.15222181)
(0.17121618 -0.1 0.15888527)
(0.17001104 -0.1 0.1658723)
(0.17394064 -0.1 0.057659259)
(0.1743877 -0.1 0.055638761)
(0.17347268 -0.1 0.059776883)
(0.17298287 -0.1 0.061996329)
(0.17247022 -0.1 0.064322522)
(0.17193369 -0.1 0.06676063)
(0.17137221 -0.1 0.069316073)
(0.17078464 -0.1 0.071994535)
(0.17016982 -0.1 0.074801983)
(0.16952653 -0.1 0.077744676)
(0.16885348 -0.1 0.08082918)
(0.16814937 -0.1 0.084062386)
(0.1674128 -0.1 0.087451525)
(0.16664236 -0.1 0.091004187)
(0.16583654 -0.1 0.094728337)
(0.1649938 -0.1 0.098632334)
(0.16411253 -0.1 0.10272496)
(0.16319107 -0.1 0.10701541)
(0.16222767 -0.1 0.11151338)
(0.16122055 -0.1 0.11622901)
(0.16016784 -0.1 0.12117297)
(0.15906761 -0.1 0.12635646)
(0.15791785 -0.1 0.13179124)
(0.15671652 -0.1 0.13748966)
(0.15546147 -0.1 0.14346472)
(0.15415049 -0.1 0.14973004)
(0.15278132 -0.1 0.15629996)
(0.15135161 -0.1 0.16318953)
(0.15962451 -0.1 0.056419508)
(0.16014259 -0.1 0.054430421)
(0.15908219 -0.1 0.058504269)
(0.15851451 -0.1 0.060689334)
(0.15792032 -0.1 0.062979561)
(0.15729841 -0.1 0.065380047)
(0.15664752 -0.1 0.067896139)
(0.15596635 -0.1 0.070533448)
(0.15525352 -0.1 0.07329786)
(0.15450761 -0.1 0.076195551)
(0.15372714 -0.1 0.079233005)
(0.15291055 -0.1 0.082417024)
(0.15205625 -0.1 0.085754749)
(0.15116256 -0.1 0.089253672)
(0.15022774 -0.1 0.092921663)
(0.14924997 -0.1 0.09676698)
(0.14822737 -0.1 0.10079829)
(0.14715799 -0.1 0.10502471)
(0.14603981 -0.1 0.10945579)
(0.1448707 -0.1 0.11410157)
(0.14364848 -0.1 0.1189726)
(0.14237089 -0.1 0.12407996)
(0.14103558 -0.1 0.12943529)
(0.13964012 -0.1 0.13505081)
(0.13818199 -0.1 0.14093936)
(0.13665859 -0.1 0.14711447)
(0.13506724 -0.1 0.15359031)
(0.13340516 -0.1 0.16038181)
(0.14609178 -0.1 0.055064947)
(0.14668298 -0.1 0.053107591)
(0.14547288 -0.1 0.0571165)
(0.144825 -0.1 0.059266816)
(0.14414682 -0.1 0.061520684)
(0.14343695 -0.1 0.063883128)
(0.14269395 -0.1 0.066359419)
(0.14191632 -0.1 0.068955091)
(0.14110249 -0.1 0.071675949)
(0.14025082 -0.1 0.074528084)
(0.13935961 -0.1 0.077517891)
(0.13842708 -0.1 0.080652083)
(0.13745138 -0.1 0.083937703)
(0.13643059 -0.1 0.087382149)
(0.1353627 -0.1 0.090993185)
(0.13424563 -0.1 0.094778965)
(0.13307721 -0.1 0.098748049)
(0.13185519 -0.1 0.10290943)
(0.13057722 -0.1 0.10727255)
(0.12924086 -0.1 0.11184733)
(0.12784361 -0.1 0.11664418)
(0.12638283 -0.1 0.12167407)
(0.1248558 -0.1 0.12694848)
(0.12325972 -0.1 0.13247952)
(0.12159167 -0.1 0.13827988)
(0.11984862 -0.1 0.14436293)
(0.11802747 -0.1 0.15074271)
(0.11612497 -0.1 0.15743398)
(0.13330223 -0.1 0.053603044)
(0.13396872 -0.1 0.051678239)
(0.13260447 -0.1 0.055620526)
(0.13187399 -0.1 0.057735179)
(0.1311093 -0.1 0.059951722)
(0.13030883 -0.1 0.062275102)
(0.12947095 -0.1 0.064710514)
(0.12859394 -0.1 0.067263408)
(0.12767604 -0.1 0.069939504)
(0.12671538 -0.1 0.072744805)
(0.12571004 -0.1 0.075685614)
(0.12465799 -0.1 0.078768545)
(0.12355714 -0.1 0.082000544)
(0.1224053 -0.1 0.085388903)
(0.1212002 -0.1 0.088941278)
(0.11993945 -0.1 0.09266571)
(0.1186206 -0.1 0.096570644)
(0.11724108 -0.1 0.10066495)
(0.11579822 -0.1 0.10495794)
(0.11428925 -0.1 0.10945941)
(0.11271128 -0.1 0.11417965)
(0.11106134 -0.1 0.11912945)
(0.1093363 -0.1 0.12432019)
(0.10753296 -0.1 0.12976379)
(0.10564799 -0.1 0.13547281)
(0.10367791 -0.1 0.14146046)
(0.10161915 -0.1 0.1477406)
(0.099468027 -0.1 0.15432783)
(0.12121809 -0.1 0.052040339)
(0.12196206 -0.1 0.050149442)
(0.12043916 -0.1 0.05402232)
(0.11962367 -0.1 0.056099808)
(0.11876993 -0.1 0.058277442)
(0.11787619 -0.1 0.060560091)
(0.11694061 -0.1 0.062952867)
(0.11596128 -0.1 0.065461132)
(0.11493621 -0.1 0.068090515)
(0.1138633 -0.1 0.070846926)
(0.1127404 -0.1 0.073736567)
(0.11156523 -0.1 0.07676595)
(0.11033544 -0.1 0.079941914)
(0.10904856 -0.1 0.083271639)
(0.10770204 -0.1 0.086762665)
(0.1062932 -0.1 0.090422911)
(0.10481927 -0.1 0.094260695)
(0.10327736 -0.1 0.098284757)
(0.10166445 -0.1 0.10250428)
(0.099977431 -0.1 0.1069289)
(0.098213041 -0.1 0.11156877)
(0.096367903 -0.1 0.11643453)
(0.094438509 -0.1 0.12153739)
(0.092421219 -0.1 0.12688912)
(0.090312255 -0.1 0.1325021)
(0.088107701 -0.1 0.13838935)
(0.085803497 -0.1 0.14456457)
(0.083395442 -0.1 0.15104216)
(0.10980375 -0.1 0.050382083)
(0.11062738 -0.1 0.04852703)
(0.10894138 -0.1 0.052326528)
(0.10803847 -0.1 0.05436471)
(0.10709316 -0.1 0.056501186)
(0.1061035 -0.1 0.05874074)
(0.10506744 -0.1 0.061088391)
(0.10398286 -0.1 0.06354941)
(0.10284754 -0.1 0.066129327)
(0.10165916 -0.1 0.068833949)
(0.10041529 -0.1 0.071669373)
(0.099113424 -0.1 0.074641999)
(0.097750925 -0.1 0.077758548)
(0.096325053 -0.1 0.081026079)
(0.09483295 -0.1 0.084452006)
(0.093271639 -0.1 0.088044116)
(0.091638018 -0.1 0.091810589)
(0.089928859 -0.1 0.095760019)
(0.088140801 -0.1 0.099901438)
(0.086270347 -0.1 0.10424434)
(0.084313859 -0.1 0.10879869)
(0.082267555 -0.1 0.11357498)
(0.080127504 -0.1 0.11858423)
(0.077889625 -0.1 0.12383804)
(0.075549677 -0.1 0.12934859)
(0.073103263 -0.1 0.1351287)
(0.07054582 -0.1 0.14119186)
(0.06787262 -0.1 0.14755227)
(0.099025923 -0.1 0.048632625)
(0.099931319 -0.1 0.046815978)
(0.09807789 -0.1 0.050536844)
(0.097085244 -0.1 0.052532894)
(0.096045923 -0.1 0.054625244)
(0.09495777 -0.1 0.056818582)
(0.093818535 -0.1 0.059117832)
(0.092625867 -0.1 0.06152816)
(0.091377313 -0.1 0.064054992)
(0.090070311 -0.1 0.066704021)
(0.088702188 -0.1 0.069481227)
(0.087270155 -0.1 0.072392889)
(0.085771303 -0.1 0.0754456)
(0.084202598 -0.1 0.078646285)
(0.082560876 -0.1 0.082002219)
(0.080842841 -0.1 0.085521042)
(0.079045056 -0.1 0.089210783)
(0.077163941 -0.1 0.093079878)
(0.075195768 -0.1 0.097137191)
(0.073136656 -0.1 0.10139204)
(0.070982566 -0.1 0.10585422)
(0.068729295 -0.1 0.11053402)
(0.066372474 -0.1 0.11544227)
(0.063907559 -0.1 0.12059037)
(0.061329831 -0.1 0.12599027)
(0.058634388 -0.1 0.13165458)
(0.055816141 -0.1 0.13759656)
(0.052869813 -0.1 0.14383014)
(0.088853533 -0.1 0.046794946)
(0.089842677 -0.1 0.045019941)
(0.087817757 -0.1 0.048655544)
(0.086733183 -0.1 0.050605896)
(0.085597548 -0.1 0.052650375)
(0.08440849 -0.1 0.054793568)
(0.083163537 -0.1 0.057040288)
(0.081860111 -0.1 0.059395591)
(0.080495519 -0.1 0.061864783)
(0.079066948 -0.1 0.064453435)
(0.077571462 -0.1 0.067167398)
(0.076005997 -0.1 0.070012815)
(0.074367356 -0.1 0.072996139)
(0.072652202 -0.1 0.076124147)
(0.070857057 -0.1 0.079403957)
(0.068978291 -0.1 0.082843051)
(0.067012123 -0.1 0.086449285)
(0.06495461 -0.1 0.09023092)
(0.062801643 -0.1 0.094196634)
(0.060548944 -0.1 0.09835555)
(0.058192058 -0.1 0.10271726)
(0.055726345 -0.1 0.10729185)
(0.053146979 -0.1 0.11208992)
(0.050448941 -0.1 0.11712263)
(0.04762701 -0.1 0.12240171)
(0.044675761 -0.1 0.1279395)
(0.041589558 -0.1 0.133749)
(0.038362549 -0.1 0.13984387)
(0.079257677 -0.1 0.044870844)
(0.080332355 -0.1 0.043141441)
(0.07813228 -0.1 0.046683662)
(0.076953805 -0.1 0.048583955)
(0.075719784 -0.1 0.050575985)
(0.074427639 -0.1 0.052664225)
(0.073074676 -0.1 0.054853371)
(0.071658082 -0.1 0.057148352)
(0.070174916 -0.1 0.059554344)
(0.068622109 -0.1 0.062076782)
(0.066996453 -0.1 0.064721372)
(0.065294603 -0.1 0.067494107)
(0.063513064 -0.1 0.070401282)
(0.06164819 -0.1 0.07344951)
(0.059696175 -0.1 0.076645736)
(0.057653051 -0.1 0.079997261)
(0.055514677 -0.1 0.083511752)
(0.053276738 -0.1 0.08719727)
(0.050934733 -0.1 0.091062288)
(0.048483972 -0.1 0.095115709)
(0.045919571 -0.1 0.099366899)
(0.04323644 -0.1 0.1038257)
(0.040429281 -0.1 0.10850247)
(0.03749258 -0.1 0.11340811)
(0.034420599 -0.1 0.11855406)
(0.031207371 -0.1 0.12395239)
(0.027846691 -0.1 0.12961578)
(0.024332113 -0.1 0.1355576)
(0.070211824 -0.1 0.042860522)
(0.071373547 -0.1 0.041181465)
(0.068995219 -0.1 0.044620584)
(0.067721172 -0.1 0.046465597)
(0.066387008 -0.1 0.048399699)
(0.06498993 -0.1 0.050427239)
(0.063527013 -0.1 0.052552779)
(0.061995205 -0.1 0.054781108)
(0.060391313 -0.1 0.057117257)
(0.058712003 -0.1 0.059566507)
(0.056953792 -0.1 0.062134403)
(0.055113044 -0.1 0.064826772)
(0.05318596 -0.1 0.067649731)
(0.051168576 -0.1 0.070609708)
(0.049056753 -0.1 0.073713456)
(0.046846172 -0.1 0.07696807)
(0.044532326 -0.1 0.080381007)
(0.042110516 -0.1 0.083960104)
(0.039575838 -0.1 0.087713599)
(0.036923182 -0.1 0.091650152)
(0.034147219 -0.1 0.095778869)
(0.031242397 -0.1 0.10010933)
(0.028202932 -0.1 0.1046516)
(0.0250228 -0.1 0.10941628)
(0.021695731 -0.1 0.11441452)
(0.018215197 -0.1 0.11965804)
(0.014574408 -0.1 0.12515921)
(0.010766304 -0.1 0.13093101)
(0.061691743 -0.1 0.04076263)
(0.062941625 -0.1 0.039139486)
(0.060382757 -0.1 0.042464097)
(0.059011904 -0.1 0.044247703)
(0.057576297 -0.1 0.046117453)
(0.056072914 -0.1 0.048077551)
(0.054498601 -0.1 0.050132411)
(0.052850057 -0.1 0.052286667)
(0.051123835 -0.1 0.054545186)
(0.049316332 -0.1 0.056913076)
(0.047423782 -0.1 0.059395704)
(0.045442254 -0.1 0.061998707)
(0.043367641 -0.1 0.064728004)
(0.041195651 -0.1 0.067589816)
(0.038921807 -0.1 0.070590677)
(0.036541432 -0.1 0.073737455)
(0.034049646 -0.1 0.077037366)
(0.031441355 -0.1 0.080497996)
(0.028711247 -0.1 0.084127318)
(0.025853777 -0.1 0.087933718)
(0.022863166 -0.1 0.091926009)
(0.019733387 -0.1 0.096113465)
(0.016458158 -0.1 0.10050584)
(0.013030934 -0.1 0.10511339)
(0.0094448969 -0.1 0.10994691)
(0.005692945 -0.1 0.11501776)
(0.0017676864 -0.1 0.12033791)
(-0.0023385714 -0.1 0.12591995)
(0.053675941 -0.1 0.03857406)
(0.055014566 -0.1 0.037013258)
(0.052273956 -0.1 0.040210189)
(0.050805645 -0.1 0.041925316)
(0.049267902 -0.1 0.043723294)
(0.047657485 -0.1 0.045608169)
(0.045971 -0.1 0.047584188)
(0.044204901 -0.1 0.049655809)
(0.04235548 -0.1 0.051827715)
(0.040418862 -0.1 0.054104822)
(0.038390997 -0.1 0.056492294)
(0.036267654 -0.1 0.058995555)
(0.03404441 -0.1 0.061620303)
(0.031716648 -0.1 0.064372525)
(0.029279542 -0.1 0.067258509)
(0.026728055 -0.1 0.070284865)
(0.024056927 -0.1 0.07345854)
(0.021260665 -0.1 0.076786836)
(0.018333538 -0.1 0.080277429)
(0.015269566 -0.1 0.08393839)
(0.012062506 -0.1 0.087778207)
(0.0087058512 -0.1 0.091805806)
(0.0051928122 -0.1 0.096030579)
(0.0015163125 -0.1 0.10046241)
(-0.0023310242 -0.1 0.10511168)
(-0.0063568839 -0.1 0.10998935)
(-0.010569273 -0.1 0.11510693)
(-0.014976529 -0.1 0.12047656)
(0.046145628 -0.1 0.03628964)
(0.047572927 -0.1 0.034798526)
(0.044650711 -0.1 0.037852727)
(0.043085003 -0.1 0.039491296)
(0.041445186 -0.1 0.041209031)
(0.039727789 -0.1 0.043009798)
(0.037929182 -0.1 0.044897655)
(0.03604557 -0.1 0.046876866)
(0.034072985 -0.1 0.048951905)
(0.032007279 -0.1 0.051127472)
(0.029844114 -0.1 0.053408505)
(0.027578958 -0.1 0.055800187)
(0.025207074 -0.1 0.058307967)
(0.022723512 -0.1 0.060937566)
(0.0201231 -0.1 0.063694999)
(0.017400435 -0.1 0.066586586)
(0.014549875 -0.1 0.069618967)
(0.011565525 -0.1 0.072799125)
(0.0084412342 -0.1 0.076134401)
(0.0051705774 -0.1 0.079632513)
(0.0017468502 -0.1 0.083301577)
(-0.0018369438 -0.1 0.087150132)
(-0.0055881045 -0.1 0.091187159)
(-0.0095142459 -0.1 0.095422108)
(-0.013623309 -0.1 0.099864924)
(-0.017923571 -0.1 0.10452607)
(-0.022423661 -0.1 0.10941658)
(-0.02713257 -0.1 0.11454805)
(0.039085528 -0.1 0.033901639)
(0.040600622 -0.1 0.032488518)
(0.037498594 -0.1 0.035382976)
(0.035836442 -0.1 0.036935857)
(0.034095541 -0.1 0.038563772)
(0.032272195 -0.1 0.040270388)
(0.030362539 -0.1 0.042059554)
(0.02836253 -0.1 0.043935309)
(0.02626794 -0.1 0.045901897)
(0.024074348 -0.1 0.047963775)
(0.021777132 -0.1 0.050125623)
(0.019371459 -0.1 0.052392357)
(0.016852278 -0.1 0.054769144)
(0.014214307 -0.1 0.05726141)
(0.01145203 -0.1 0.059874856)
(0.0085596776 -0.1 0.062615478)
(0.0055312263 -0.1 0.065489572)
(0.0023603814 -0.1 0.068503762)
(-0.00095943147 -0.1 0.071665009)
(-0.0044350783 -0.1 0.074980633)
(-0.0080737284 -0.1 0.078458335)
(-0.011882866 -0.1 0.082106211)
(-0.015870304 -0.1 0.085932781)
(-0.020044195 -0.1 0.089947012)
(-0.024413044 -0.1 0.094158336)
(-0.028985725 -0.1 0.098576686)
(-0.03377149 -0.1 0.10321252)
(-0.038779989 -0.1 0.10807684)
(0.0324844 -0.1 0.03139914)
(0.034085404 -0.1 0.0300733)
(0.030807419 -0.1 0.03278899)
(0.029050882 -0.1 0.034245971)
(0.027211048 -0.1 0.035773362)
(0.025283999 -0.1 0.037374601)
(0.023265637 -0.1 0.039053301)
(0.021151678 -0.1 0.040813255)
(0.018937637 -0.1 0.042658445)
(0.016618825 -0.1 0.044593054)
(0.014190339 -0.1 0.046621476)
(0.01164705 -0.1 0.048748326)
(0.0089835956 -0.1 0.050978452)
(0.0061943704 -0.1 0.053316948)
(0.0032735134 -0.1 0.055769168)
(0.00021489867 -0.1 0.058340738)
(-0.0029878763 -0.1 0.061037571)
(-0.0063415023 -0.1 0.063865883)
(-0.0098529701 -0.1 0.066832212)
(-0.013529583 -0.1 0.069943429)
(-0.017378971 -0.1 0.073206764)
(-0.021409101 -0.1 0.076629821)
(-0.025628293 -0.1 0.0802206)
(-0.030045234 -0.1 0.083987518)
(-0.034668991 -0.1 0.087939435)
(-0.039509027 -0.1 0.092085677)
(-0.044575216 -0.1 0.096436065)
(-0.04987786 -0.1 0.10100094)
(0.026336533 -0.1 0.028767423)
(0.028020269 -0.1 0.027539068)
(0.024572829 -0.1 0.030055087)
(0.022725384 -0.1 0.031404952)
(0.020790251 -0.1 0.032820055)
(0.0187633 -0.1 0.034303584)
(0.016640209 -0.1 0.035858887)
(0.014416454 -0.1 0.037489478)
(0.012087306 -0.1 0.03919905)
(0.0096478153 -0.1 0.040991478)
(0.007092804 -0.1 0.042870834)
(0.0044168573 -0.1 0.044841396)
(0.0016143116 -0.1 0.046907657)
(-0.0013207559 -0.1 0.04907434)
(-0.0043945385 -0.1 0.051346406)
(-0.0076135117 -0.1 0.053729069)
(-0.010984445 -0.1 0.056227812)
(-0.014514416 -0.1 0.058848397)
(-0.018210821 -0.1 0.061596882)
(-0.022081389 -0.1 0.06447964)
(-0.0261342 -0.1 0.067503372)
(-0.030377691 -0.1 0.070675126)
(-0.03482068 -0.1 0.07400232)
(-0.039472374 -0.1 0.077492758)
(-0.044342391 -0.1 0.081154654)
(-0.04944077 -0.1 0.084996656)
(-0.054777995 -0.1 0.089027868)
(-0.060365007 -0.1 0.09325788)
(1 -0.1 0.0023368179)
(0.97680084 -0.1 0.0056549238)
(0.97680099 -0.1 0.0033219873)
(1 -0.1 0.0047853404)
(0.97680067 -0.1 0.0080993793)
(1 -0.1 0.0073509073)
(0.9768005 -0.1 0.010660685)
(1 -0.1 0.010039114)
(0.97680032 -0.1 0.013344426)
(1 -0.1 0.012855822)
(0.97680013 -0.1 0.016156455)
(1 -0.1 0.015807174)
(0.97679993 -0.1 0.019102906)
(1 -0.1 0.018899607)
(0.97679972 -0.1 0.022190202)
(1 -0.1 0.022139865)
(0.97679951 -0.1 0.025425078)
(1 -0.1 0.025535013)
(0.97679928 -0.1 0.028814587)
(1 -0.1 0.029092457)
(0.97679904 -0.1 0.032366122)
(1 -0.1 0.032819954)
(0.97679879 -0.1 0.036087427)
(1 -0.1 0.036725632)
(0.97679853 -0.1 0.039986619)
(1 -0.1 0.04081801)
(0.97679825 -0.1 0.044072199)
(1 -0.1 0.045106013)
(0.97679796 -0.1 0.048353079)
(1 -0.1 0.04959899)
(0.97679766 -0.1 0.052838594)
(1 -0.1 0.054306741)
(0.97679735 -0.1 0.057538525)
(1 -0.1 0.059239532)
(0.97679701 -0.1 0.062463123)
(1 -0.1 0.06440812)
(0.97679667 -0.1 0.067623126)
(1 -0.1 0.069823778)
(0.9767963 -0.1 0.073029788)
(1 -0.1 0.075498315)
(0.97679592 -0.1 0.0786949)
(1 -0.1 0.081444106)
(0.97679552 -0.1 0.084630815)
(1 -0.1 0.087674119)
(0.9767951 -0.1 0.09085048)
(1 -0.1 0.094201938)
(0.97679467 -0.1 0.097367457)
(1 -0.1 0.1010418)
(0.97679421 -0.1 0.10419596)
(1 -0.1 0.10820862)
(0.97679373 -0.1 0.11135088)
(1 -0.1 0.11571803)
(0.97679322 -0.1 0.11884781)
(1 -0.1 0.12358641)
(0.97679269 -0.1 0.12670312)
(0.95358827 -0.1 0.0088780328)
(0.95358857 -0.1 0.0065488667)
(0.95358795 -0.1 0.011318538)
(0.95358763 -0.1 0.013875704)
(0.95358728 -0.1 0.016555108)
(0.95358692 -0.1 0.019362593)
(0.95358655 -0.1 0.022304281)
(0.95358615 -0.1 0.025386588)
(0.95358574 -0.1 0.028616236)
(0.95358531 -0.1 0.032000267)
(0.95358485 -0.1 0.035546062)
(0.95358438 -0.1 0.039261354)
(0.95358388 -0.1 0.043154243)
(0.95358336 -0.1 0.047233221)
(0.95358281 -0.1 0.051507183)
(0.95358224 -0.1 0.055985448)
(0.95358164 -0.1 0.060677784)
(0.95358101 -0.1 0.065594422)
(0.95358035 -0.1 0.070746087)
(0.95357965 -0.1 0.076144011)
(0.95357893 -0.1 0.081799967)
(0.95357817 -0.1 0.08772629)
(0.95357738 -0.1 0.093935902)
(0.95357654 -0.1 0.10044235)
(0.95357567 -0.1 0.10725981)
(0.95357476 -0.1 0.11440317)
(0.9535738 -0.1 0.12188799)
(0.95357279 -0.1 0.1297306)
(0.93036323 -0.1 0.012010117)
(0.93036365 -0.1 0.0096846148)
(0.93036278 -0.1 0.014446783)
(0.93036232 -0.1 0.016999927)
(0.93036183 -0.1 0.019675116)
(0.93036131 -0.1 0.022478185)
(0.93036078 -0.1 0.025415246)
(0.93036022 -0.1 0.028492704)
(0.93035963 -0.1 0.031717271)
(0.93035901 -0.1 0.03509598)
(0.93035836 -0.1 0.038636197)
(0.93035768 -0.1 0.042345644)
(0.93035697 -0.1 0.04623241)
(0.93035623 -0.1 0.050304972)
(0.93035545 -0.1 0.05457221)
(0.93035463 -0.1 0.059043431)
(0.93035378 -0.1 0.063728386)
(0.93035288 -0.1 0.068637291)
(0.93035194 -0.1 0.073780851)
(0.93035096 -0.1 0.079170284)
(0.93034992 -0.1 0.084817343)
(0.93034884 -0.1 0.090734344)
(0.93034771 -0.1 0.096934188)
(0.93034652 -0.1 0.1034304)
(0.93034528 -0.1 0.11023714)
(0.93034398 -0.1 0.11736926)
(0.93034261 -0.1 0.12484231)
(0.93034118 -0.1 0.13267258)
(0.90712655 -0.1 0.015054793)
(0.90712709 -0.1 0.012732852)
(0.90712599 -0.1 0.017487727)
(0.9071254 -0.1 0.02003696)
(0.90712478 -0.1 0.022708052)
(0.90712413 -0.1 0.025506828)
(0.90712345 -0.1 0.028439391)
(0.90712274 -0.1 0.031512136)
(0.90712199 -0.1 0.034731765)
(0.90712121 -0.1 0.038105298)
(0.90712039 -0.1 0.041640094)
(0.90711953 -0.1 0.04534386)
(0.90711864 -0.1 0.049224673)
(0.90711769 -0.1 0.053290997)
(0.90711671 -0.1 0.0575517)
(0.90711567 -0.1 0.062016073)
(0.90711459 -0.1 0.066693853)
(0.90711345 -0.1 0.07159524)
(0.90711226 -0.1 0.076730923)
(0.90711102 -0.1 0.082112102)
(0.90710971 -0.1 0.087750512)
(0.90710834 -0.1 0.09365845)
(0.90710691 -0.1 0.0998488)
(0.9071054 -0.1 0.10633506)
(0.90710383 -0.1 0.11313138)
(0.90710218 -0.1 0.12025257)
(0.90710045 -0.1 0.12771418)
(0.90709864 -0.1 0.13553246)
(0.88387897 -0.1 0.018015146)
(0.88387961 -0.1 0.015696668)
(0.8838783 -0.1 0.020444452)
(0.8838776 -0.1 0.022989883)
(0.88387687 -0.1 0.025656992)
(0.8838761 -0.1 0.028451593)
(0.88387529 -0.1 0.031379782)
(0.88387445 -0.1 0.034447945)
(0.88387356 -0.1 0.037662772)
(0.88387264 -0.1 0.041031274)
(0.88387166 -0.1 0.044560798)
(0.88387065 -0.1 0.04825904)
(0.88386958 -0.1 0.052134066)
(0.88386846 -0.1 0.056194325)
(0.88386729 -0.1 0.060448674)
(0.88386606 -0.1 0.064906389)
(0.88386478 -0.1 0.069577192)
(0.88386343 -0.1 0.074471268)
(0.88386202 -0.1 0.079599292)
(0.88386054 -0.1 0.084972446)
(0.88385899 -0.1 0.090602447)
(0.88385736 -0.1 0.096501574)
(0.88385566 -0.1 0.10268269)
(0.88385388 -0.1 0.10915928)
(0.88385201 -0.1 0.11594546)
(0.88385005 -0.1 0.12305603)
(0.883848 -0.1 0.13050651)
(0.88384585 -0.1 0.13831313)
(0.86062112 -0.1 0.020893784)
(0.86062185 -0.1 0.018578673)
(0.86062036 -0.1 0.023319561)
(0.86061956 -0.1 0.025861295)
(0.86061872 -0.1 0.02852453)
(0.86061785 -0.1 0.031315073)
(0.86061693 -0.1 0.034239009)
(0.86061597 -0.1 0.037302715)
(0.86061496 -0.1 0.040512873)
(0.86061391 -0.1 0.043876483)
(0.8606128 -0.1 0.047400881)
(0.86061164 -0.1 0.051093751)
(0.86061043 -0.1 0.054963149)
(0.86060915 -0.1 0.059017511)
(0.86060782 -0.1 0.063265681)
(0.86060642 -0.1 0.067716921)
(0.86060496 -0.1 0.07238094)
(0.86060343 -0.1 0.077267909)
(0.86060182 -0.1 0.082388485)
(0.86060014 -0.1 0.087753834)
(0.86059837 -0.1 0.093375659)
(0.86059652 -0.1 0.099266218)
(0.86059459 -0.1 0.10543836)
(0.86059256 -0.1 0.11190554)
(0.86059043 -0.1 0.11868186)
(0.8605882 -0.1 0.12578211)
(0.86058587 -0.1 0.13322176)
(0.86058342 -0.1 0.14101705)
(0.83735354 -0.1 0.023692784)
(0.83735434 -0.1 0.021380948)
(0.8373527 -0.1 0.02611513)
(0.83735181 -0.1 0.02865327)
(0.83735089 -0.1 0.031312738)
(0.83734992 -0.1 0.034099334)
(0.83734891 -0.1 0.037019135)
(0.83734784 -0.1 0.040078509)
(0.83734673 -0.1 0.043284127)
(0.83734556 -0.1 0.04664298)
(0.83734434 -0.1 0.050162392)
(0.83734306 -0.1 0.05385004)
(0.83734171 -0.1 0.057713966)
(0.83734031 -0.1 0.061762594)
(0.83733883 -0.1 0.066004755)
(0.83733729 -0.1 0.070449701)
(0.83733567 -0.1 0.075107124)
(0.83733397 -0.1 0.079987181)
(0.8373322 -0.1 0.085100514)
(0.83733033 -0.1 0.090458276)
(0.83732838 -0.1 0.09607215)
(0.83732634 -0.1 0.10195438)
(0.8373242 -0.1 0.10811779)
(0.83732195 -0.1 0.11457582)
(0.8373196 -0.1 0.12134256)
(0.83731713 -0.1 0.12843277)
(0.83731455 -0.1 0.1358619)
(0.83731185 -0.1 0.14364616)
(0.81407671 -0.1 0.026413955)
(0.81407758 -0.1 0.024105302)
(0.8140758 -0.1 0.028832966)
(0.81407485 -0.1 0.031367611)
(0.81407385 -0.1 0.034023418)
(0.8140728 -0.1 0.036806177)
(0.8140717 -0.1 0.039721958)
(0.81407055 -0.1 0.042777119)
(0.81406934 -0.1 0.045978323)
(0.81406808 -0.1 0.049332551)
(0.81406676 -0.1 0.052847118)
(0.81406537 -0.1 0.056529688)
(0.81406392 -0.1 0.060388293)
(0.81406239 -0.1 0.064431347)
(0.8140608 -0.1 0.068667667)
(0.81405913 -0.1 0.073106492)
(0.81405737 -0.1 0.077757502)
(0.81405554 -0.1 0.08263084)
(0.81405362 -0.1 0.087737133)
(0.8140516 -0.1 0.093087518)
(0.81404949 -0.1 0.098693662)
(0.81404728 -0.1 0.10456779)
(0.81404496 -0.1 0.11072271)
(0.81404253 -0.1 0.11717186)
(0.81403998 -0.1 0.12392928)
(0.81403732 -0.1 0.13100972)
(0.81403452 -0.1 0.13842863)
(0.81403159 -0.1 0.14620217)
(0.79079102 -0.1 0.029058204)
(0.79079194 -0.1 0.026752645)
(0.79079005 -0.1 0.031473975)
(0.79078903 -0.1 0.034005224)
(0.79078797 -0.1 0.036657472)
(0.79078685 -0.1 0.039436503)
(0.79078568 -0.1 0.042348377)
(0.79078446 -0.1 0.045399444)
(0.79078317 -0.1 0.048596359)
(0.79078183 -0.1 0.051946093)
(0.79078042 -0.1 0.055455951)
(0.79077895 -0.1 0.059133588)
(0.7907774 -0.1 0.062987023)
(0.79077578 -0.1 0.06702466)
(0.79077408 -0.1 0.071255305)
(0.7907723 -0.1 0.075688182)
(0.79077044 -0.1 0.080332961)
(0.79076848 -0.1 0.085199769)
(0.79076644 -0.1 0.090299221)
(0.79076429 -0.1 0.095642437)
(0.79076205 -0.1 0.10124107)
(0.79075969 -0.1 0.10710733)
(0.79075723 -0.1 0.11325401)
(0.79075464 -0.1 0.11969451)
(0.79075193 -0.1 0.12644288)
(0.79074909 -0.1 0.13351383)
(0.79074612 -0.1 0.1409228)
(0.790743 -0.1 0.14868592)
(0.76749679 -0.1 0.031626355)
(0.76749776 -0.1 0.029323799)
(0.76749578 -0.1 0.034038977)
(0.76749471 -0.1 0.036566928)
(0.76749359 -0.1 0.03921572)
(0.76749242 -0.1 0.04199113)
(0.7674912 -0.1 0.04489921)
(0.76748991 -0.1 0.047946302)
(0.76748856 -0.1 0.051139051)
(0.76748715 -0.1 0.05448442)
(0.76748567 -0.1 0.057989705)
(0.76748413 -0.1 0.06166255)
(0.7674825 -0.1 0.065510964)
(0.7674808 -0.1 0.06954334)
(0.76747902 -0.1 0.073768472)
(0.76747715 -0.1 0.078195573)
(0.7674752 -0.1 0.0828343)
(0.76747315 -0.1 0.087694767)
(0.767471 -0.1 0.092787574)
(0.76746875 -0.1 0.098123827)
(0.76746639 -0.1 0.10371516)
(0.76746392 -0.1 0.10957378)
(0.76746133 -0.1 0.11571245)
(0.76745862 -0.1 0.12214456)
(0.76745578 -0.1 0.12888414)
(0.7674528 -0.1 0.13594588)
(0.76744968 -0.1 0.14334519)
(0.76744641 -0.1 0.1510982)
(0.74419428 -0.1 0.034118284)
(0.74419529 -0.1 0.031818644)
(0.74419323 -0.1 0.036527853)
(0.74419212 -0.1 0.039052603)
(0.74419096 -0.1 0.041698042)
(0.74418975 -0.1 0.044469938)
(0.74418848 -0.1 0.047374336)
(0.74418714 -0.1 0.050417571)
(0.74418575 -0.1 0.053606278)
(0.74418428 -0.1 0.056947412)
(0.74418275 -0.1 0.060448259)
(0.74418115 -0.1 0.064116454)
(0.74417946 -0.1 0.067959996)
(0.7441777 -0.1 0.071987267)
(0.74417585 -0.1 0.07620705)
(0.74417391 -0.1 0.080628547)
(0.74417188 -0.1 0.085261401)
(0.74416976 -0.1 0.090115715)
(0.74416753 -0.1 0.095202074)
(0.7441652 -0.1 0.10053157)
(0.74416275 -0.1 0.10611583)
(0.74416019 -0.1 0.11196703)
(0.7441575 -0.1 0.11809793)
(0.74415469 -0.1 0.12452189)
(0.74415174 -0.1 0.13125294)
(0.74414865 -0.1 0.13830574)
(0.74414542 -0.1 0.14569568)
(0.74414203 -0.1 0.15343888)
(0.7208837 -0.1 0.036533629)
(0.72088473 -0.1 0.034236814)
(0.72088262 -0.1 0.038940237)
(0.72088148 -0.1 0.041461885)
(0.72088029 -0.1 0.044104074)
(0.72087905 -0.1 0.046872564)
(0.72087774 -0.1 0.049773394)
(0.72087637 -0.1 0.052812889)
(0.72087494 -0.1 0.055997679)
(0.72087344 -0.1 0.059334708)
(0.72087186 -0.1 0.062831254)
(0.72087022 -0.1 0.066494942)
(0.72086849 -0.1 0.070333762)
(0.72086668 -0.1 0.074356085)
(0.72086478 -0.1 0.078570683)
(0.72086279 -0.1 0.082986748)
(0.72086071 -0.1 0.087613909)
(0.72085853 -0.1 0.092462259)
(0.72085624 -0.1 0.097542369)
(0.72085385 -0.1 0.10286532)
(0.72085134 -0.1 0.10844272)
(0.72084871 -0.1 0.11428673)
(0.72084595 -0.1 0.12041009)
(0.72084306 -0.1 0.12682616)
(0.72084004 -0.1 0.13354894)
(0.72083687 -0.1 0.14059308)
(0.72083354 -0.1 0.14797394)
(0.72083006 -0.1 0.15570762)
(0.69756518 -0.1 0.038871227)
(0.69756624 -0.1 0.036577146)
(0.69756408 -0.1 0.04127497)
(0.69756293 -0.1 0.043793616)
(0.69756172 -0.1 0.046432659)
(0.69756045 -0.1 0.049197853)
(0.69755913 -0.1 0.05209523)
(0.69755773 -0.1 0.055131107)
(0.69755628 -0.1 0.058312105)
(0.69755475 -0.1 0.061645161)
(0.69755315 -0.1 0.065137544)
(0.69755147 -0.1 0.06879687)
(0.69754972 -0.1 0.072631119)
(0.69754788 -0.1 0.076648654)
(0.69754595 -0.1 0.080858234)
(0.69754393 -0.1 0.085269041)
(0.69754181 -0.1 0.089890694)
(0.69753959 -0.1 0.094733272)
(0.69753727 -0.1 0.099807334)
(0.69753483 -0.1 0.10512395)
(0.69753228 -0.1 0.1106947)
(0.6975296 -0.1 0.11653176)
(0.6975268 -0.1 0.12264783)
(0.69752387 -0.1 0.12905627)
(0.69752079 -0.1 0.13577104)
(0.69751757 -0.1 0.14280679)
(0.69751419 -0.1 0.15017886)
(0.69751065 -0.1 0.15790334)
(0.67423884 -0.1 0.041129415)
(0.67423989 -0.1 0.038837976)
(0.67423773 -0.1 0.04353039)
(0.67423656 -0.1 0.046046136)
(0.67423534 -0.1 0.04868214)
(0.67423407 -0.1 0.05144415)
(0.67423273 -0.1 0.05433819)
(0.67423133 -0.1 0.057370572)
(0.67422986 -0.1 0.060547907)
(0.67422832 -0.1 0.063877125)
(0.67422671 -0.1 0.067365487)
(0.67422502 -0.1 0.071020599)
(0.67422325 -0.1 0.074850434)
(0.67422139 -0.1 0.078863342)
(0.67421945 -0.1 0.083068075)
(0.67421741 -0.1 0.087473804)
(0.67421528 -0.1 0.092090135)
(0.67421304 -0.1 0.096927136)
(0.6742107 -0.1 0.10199536)
(0.67420824 -0.1 0.10730585)
(0.67420567 -0.1 0.11287019)
(0.67420298 -0.1 0.11870052)
(0.67420015 -0.1 0.12480955)
(0.67419719 -0.1 0.13121061)
(0.67419409 -0.1 0.13791765)
(0.67419085 -0.1 0.1449453)
(0.67418744 -0.1 0.15230888)
(0.67418388 -0.1 0.16002446)
(0.65090473 -0.1 0.043306059)
(0.65090578 -0.1 0.041017166)
(0.65090362 -0.1 0.045704366)
(0.65090246 -0.1 0.048217316)
(0.65090124 -0.1 0.050850391)
(0.65089996 -0.1 0.053609333)
(0.65089863 -0.1 0.056500157)
(0.65089723 -0.1 0.059529169)
(0.65089576 -0.1 0.062702973)
(0.65089422 -0.1 0.066028492)
(0.65089261 -0.1 0.069512978)
(0.65089092 -0.1 0.073164029)
(0.65088915 -0.1 0.076989607)
(0.6508873 -0.1 0.080998057)
(0.65088536 -0.1 0.085198118)
(0.65088332 -0.1 0.089598951)
(0.65088119 -0.1 0.094210152)
(0.65087896 -0.1 0.099041779)
(0.65087661 -0.1 0.10410437)
(0.65087416 -0.1 0.10940896)
(0.65087159 -0.1 0.11496712)
(0.6508689 -0.1 0.12079097)
(0.65086608 -0.1 0.12689321)
(0.65086312 -0.1 0.13328716)
(0.65086002 -0.1 0.13998674)
(0.65085678 -0.1 0.14700658)
(0.65085338 -0.1 0.15436199)
(0.65084981 -0.1 0.16206899)
(0.62756288 -0.1 0.045398157)
(0.62756392 -0.1 0.043111711)
(0.62756178 -0.1 0.047793899)
(0.62756063 -0.1 0.050304163)
(0.62755942 -0.1 0.052934423)
(0.62755816 -0.1 0.055690414)
(0.62755683 -0.1 0.058578148)
(0.62755545 -0.1 0.061603921)
(0.62755399 -0.1 0.064774332)
(0.62755247 -0.1 0.068096295)
(0.62755087 -0.1 0.071577055)
(0.6275492 -0.1 0.075224202)
(0.62754745 -0.1 0.079045691)
(0.62754561 -0.1 0.083049854)
(0.62754369 -0.1 0.087245425)
(0.62754167 -0.1 0.091641552)
(0.62753956 -0.1 0.096247823)
(0.62753735 -0.1 0.10107428)
(0.62753503 -0.1 0.10613146)
(0.6275326 -0.1 0.11143038)
(0.62753005 -0.1 0.11698259)
(0.62752739 -0.1 0.12280022)
(0.62752459 -0.1 0.12889594)
(0.62752166 -0.1 0.13528305)
(0.62751859 -0.1 0.14197547)
(0.62751538 -0.1 0.1489878)
(0.62751201 -0.1 0.15633534)
(0.62750848 -0.1 0.16403411)
(0.60421329 -0.1 0.047402139)
(0.60421432 -0.1 0.045118037)
(0.60421221 -0.1 0.049795425)
(0.60421108 -0.1 0.052303115)
(0.60420989 -0.1 0.054930678)
(0.60420865 -0.1 0.057683844)
(0.60420735 -0.1 0.060568617)
(0.60420599 -0.1 0.063591287)
(0.60420456 -0.1 0.066758448)
(0.60420307 -0.1 0.070077005)
(0.6042015 -0.1 0.073554197)
(0.60419986 -0.1 0.077197605)
(0.60419814 -0.1 0.081015175)
(0.60419634 -0.1 0.085015233)
(0.60419445 -0.1 0.089206502)
(0.60419247 -0.1 0.093598122)
(0.6041904 -0.1 0.098199671)
(0.60418822 -0.1 0.10302118)
(0.60418595 -0.1 0.10807317)
(0.60418356 -0.1 0.11336666)
(0.60418106 -0.1 0.11891318)
(0.60417844 -0.1 0.12472484)
(0.6041757 -0.1 0.13081431)
(0.60417282 -0.1 0.13719487)
(0.60416981 -0.1 0.14388043)
(0.60416665 -0.1 0.15088558)
(0.60416334 -0.1 0.15822559)
(0.60415988 -0.1 0.16591646)
(0.58085595 -0.1 0.049313775)
(0.58085695 -0.1 0.047031909)
(0.5808549 -0.1 0.051704718)
(0.5808538 -0.1 0.054209953)
(0.58085265 -0.1 0.056834944)
(0.58085144 -0.1 0.059585414)
(0.58085018 -0.1 0.062467363)
(0.58084885 -0.1 0.065487074)
(0.58084746 -0.1 0.068651134)
(0.58084601 -0.1 0.071966442)
(0.58084448 -0.1 0.075440229)
(0.58084289 -0.1 0.079080071)
(0.58084121 -0.1 0.082893903)
(0.58083946 -0.1 0.086890045)
(0.58083762 -0.1 0.091077211)
(0.5808357 -0.1 0.095464532)
(0.58083368 -0.1 0.10006158)
(0.58083157 -0.1 0.10487837)
(0.58082935 -0.1 0.10992541)
(0.58082703 -0.1 0.11521371)
(0.5808246 -0.1 0.12075481)
(0.58082205 -0.1 0.12656078)
(0.58081938 -0.1 0.13264429)
(0.58081659 -0.1 0.1390186)
(0.58081365 -0.1 0.14569762)
(0.58081058 -0.1 0.1526959)
(0.58080737 -0.1 0.16002872)
(0.580804 -0.1 0.16771207)
(0.55749083 -0.1 0.05112797)
(0.55749179 -0.1 0.048848227)
(0.55748982 -0.1 0.05351669)
(0.55748876 -0.1 0.056019595)
(0.55748765 -0.1 0.058642144)
(0.55748649 -0.1 0.061390057)
(0.55748527 -0.1 0.064269325)
(0.55748399 -0.1 0.067286228)
(0.55748266 -0.1 0.070447345)
(0.55748126 -0.1 0.07375957)
(0.55747979 -0.1 0.077230127)
(0.55747825 -0.1 0.080866583)
(0.55747664 -0.1 0.084676869)
(0.55747495 -0.1 0.088669294)
(0.55747318 -0.1 0.092852565)
(0.55747133 -0.1 0.097235806)
(0.55746939 -0.1 0.10182857)
(0.55746735 -0.1 0.10664089)
(0.55746522 -0.1 0.11168324)
(0.55746299 -0.1 0.11696662)
(0.55746064 -0.1 0.12250256)
(0.55745819 -0.1 0.12830313)
(0.55745562 -0.1 0.13438098)
(0.55745293 -0.1 0.14074937)
(0.55745011 -0.1 0.14742217)
(0.55744715 -0.1 0.15441395)
(0.55744405 -0.1 0.16173995)
(0.55744081 -0.1 0.16941615)
(0.53411792 -0.1 0.052839006)
(0.53411884 -0.1 0.050561265)
(0.53411696 -0.1 0.055225629)
(0.53411595 -0.1 0.057726336)
(0.53411489 -0.1 0.060346583)
(0.53411379 -0.1 0.063092083)
(0.53411263 -0.1 0.065968823)
(0.53411141 -0.1 0.068983078)
(0.53411014 -0.1 0.07214142)
(0.53410881 -0.1 0.075450737)
(0.53410741 -0.1 0.078918246)
(0.53410595 -0.1 0.082551509)
(0.53410441 -0.1 0.08635845)
(0.53410281 -0.1 0.09034737)
(0.53410112 -0.1 0.094526969)
(0.53409936 -0.1 0.098906361)
(0.53409751 -0.1 0.1034951)
(0.53409557 -0.1 0.10830318)
(0.53409354 -0.1 0.11334111)
(0.53409141 -0.1 0.11861985)
(0.53408918 -0.1 0.12415093)
(0.53408685 -0.1 0.12994641)
(0.5340844 -0.1 0.13601893)
(0.53408184 -0.1 0.14238172)
(0.53407915 -0.1 0.14904867)
(0.53407634 -0.1 0.15603431)
(0.53407339 -0.1 0.16335387)
(0.5340703 -0.1 0.17102333)
(0.51073722 -0.1 0.054440197)
(0.51073808 -0.1 0.052164328)
(0.51073631 -0.1 0.056824856)
(0.51073537 -0.1 0.059323508)
(0.51073438 -0.1 0.0619416)
(0.51073334 -0.1 0.064684842)
(0.51073225 -0.1 0.067559217)
(0.51073111 -0.1 0.070570992)
(0.51072991 -0.1 0.073726737)
(0.51072866 -0.1 0.077033333)
(0.51072734 -0.1 0.080497991)
(0.51072597 -0.1 0.084128266)
(0.51072453 -0.1 0.087932076)
(0.51072302 -0.1 0.091917716)
(0.51072143 -0.1 0.096093878)
(0.51071978 -0.1 0.10046967)
(0.51071804 -0.1 0.10505463)
(0.51071622 -0.1 0.10985876)
(0.51071431 -0.1 0.11489254)
(0.51071231 -0.1 0.12016695)
(0.51071022 -0.1 0.12569348)
(0.51070802 -0.1 0.1314842)
(0.51070573 -0.1 0.13755172)
(0.51070332 -0.1 0.14390928)
(0.51070079 -0.1 0.15057074)
(0.51069815 -0.1 0.15755064)
(0.51069538 -0.1 0.16486419)
(0.51069247 -0.1 0.17252734)
(0.48734876 -0.1 0.05592394)
(0.48734956 -0.1 0.053649807)
(0.48734793 -0.1 0.058306781)
(0.48734705 -0.1 0.060803527)
(0.48734613 -0.1 0.063419622)
(0.48734517 -0.1 0.066160772)
(0.48734416 -0.1 0.069032955)
(0.48734311 -0.1 0.072042434)
(0.487342 -0.1 0.075195772)
(0.48734084 -0.1 0.078499846)
(0.48733963 -0.1 0.081961861)
(0.48733835 -0.1 0.085589368)
(0.48733702 -0.1 0.089390278)
(0.48733562 -0.1 0.093372878)
(0.48733416 -0.1 0.097545855)
(0.48733262 -0.1 0.10191831)
(0.48733102 -0.1 0.10649977)
(0.48732933 -0.1 0.11130024)
(0.48732757 -0.1 0.11633019)
(0.48732572 -0.1 0.12160057)
(0.48732378 -0.1 0.12712289)
(0.48732175 -0.1 0.13290918)
(0.48731962 -0.1 0.13897208)
(0.4873174 -0.1 0.14532479)
(0.48731506 -0.1 0.15198117)
(0.48731261 -0.1 0.15895574)
(0.48731005 -0.1 0.16626372)
(0.48730736 -0.1 0.17392102)
(0.46395265 -0.1 0.057281719)
(0.46395337 -0.1 0.055009174)
(0.46395189 -0.1 0.059662896)
(0.46395109 -0.1 0.062157898)
(0.46395026 -0.1 0.064772166)
(0.46394939 -0.1 0.067511401)
(0.46394847 -0.1 0.070381578)
(0.46394751 -0.1 0.073388955)
(0.46394651 -0.1 0.076540091)
(0.46394545 -0.1 0.079841857)
(0.46394435 -0.1 0.083301455)
(0.4639432 -0.1 0.086926428)
(0.46394199 -0.1 0.090724683)
(0.46394072 -0.1 0.094704502)
(0.46393939 -0.1 0.098874564)
(0.46393799 -0.1 0.10324396)
(0.46393653 -0.1 0.10782223)
(0.46393501 -0.1 0.11261935)
(0.4639334 -0.1 0.11764578)
(0.46393172 -0.1 0.12291248)
(0.46392996 -0.1 0.12843094)
(0.46392812 -0.1 0.13421319)
(0.46392619 -0.1 0.14027185)
(0.46392417 -0.1 0.14662013)
(0.46392205 -0.1 0.15327186)
(0.46391982 -0.1 0.16024156)
(0.4639175 -0.1 0.16754443)
(0.46391506 -0.1 0.17519639)
(0.44054904 -0.1 0.058503829)
(0.44054969 -0.1 0.056232714)
(0.44054837 -0.1 0.060883508)
(0.44054766 -0.1 0.063376941)
(0.44054693 -0.1 0.065989564)
(0.44054615 -0.1 0.068727077)
(0.44054534 -0.1 0.071595448)
(0.44054449 -0.1 0.074600933)
(0.4405436 -0.1 0.077750086)
(0.44054267 -0.1 0.081049776)
(0.44054169 -0.1 0.084507197)
(0.44054066 -0.1 0.08812989)
(0.44053959 -0.1 0.091925755)
(0.44053847 -0.1 0.095903071)
(0.44053729 -0.1 0.10007051)
(0.44053605 -0.1 0.10443716)
(0.44053476 -0.1 0.10901255)
(0.4405334 -0.1 0.11380665)
(0.44053198 -0.1 0.11882991)
(0.44053049 -0.1 0.1240933)
(0.44052893 -0.1 0.12960829)
(0.4405273 -0.1 0.13538691)
(0.44052559 -0.1 0.14144176)
(0.44052379 -0.1 0.14778604)
(0.44052191 -0.1 0.15443359)
(0.44051994 -0.1 0.16139891)
(0.44051788 -0.1 0.16869718)
(0.44051572 -0.1 0.17634432)
(0.41713824 -0.1 0.059579444)
(0.41713879 -0.1 0.057309587)
(0.41713766 -0.1 0.061957805)
(0.41713706 -0.1 0.064449856)
(0.41713642 -0.1 0.067061032)
(0.41713576 -0.1 0.069797028)
(0.41713506 -0.1 0.07266381)
(0.41713433 -0.1 0.07566763)
(0.41713357 -0.1 0.078815039)
(0.41713276 -0.1 0.0821129)
(0.41713192 -0.1 0.085568406)
(0.41713104 -0.1 0.089189092)
(0.41713012 -0.1 0.092982854)
(0.41712916 -0.1 0.096957966)
(0.41712814 -0.1 0.1011231)
(0.41712708 -0.1 0.10548733)
(0.41712597 -0.1 0.11006018)
(0.41712481 -0.1 0.11485162)
(0.41712359 -0.1 0.11987211)
(0.41712231 -0.1 0.12513258)
(0.41712097 -0.1 0.13064451)
(0.41711957 -0.1 0.13641993)
(0.4171181 -0.1 0.14247142)
(0.41711655 -0.1 0.14881219)
(0.41711494 -0.1 0.15545606)
(0.41711325 -0.1 0.16241752)
(0.41711148 -0.1 0.16971175)
(0.41710962 -0.1 0.17735465)
(0.39372068 -0.1 0.060496435)
(0.39372113 -0.1 0.058227651)
(0.39372021 -0.1 0.062873672)
(0.39371971 -0.1 0.065364545)
(0.39371919 -0.1 0.067974488)
(0.39371864 -0.1 0.070709191)
(0.39371807 -0.1 0.073574618)
(0.39371747 -0.1 0.076577018)
(0.39371684 -0.1 0.07972294)
(0.39371618 -0.1 0.083019243)
(0.39371549 -0.1 0.086473115)
(0.39371477 -0.1 0.09009209)
(0.39371401 -0.1 0.09388406)
(0.39371322 -0.1 0.097857293)
(0.39371239 -0.1 0.10202046)
(0.39371152 -0.1 0.10638262)
(0.3937106 -0.1 0.11095331)
(0.39370965 -0.1 0.11574249)
(0.39370865 -0.1 0.1207606)
(0.3937076 -0.1 0.12601859)
(0.39370649 -0.1 0.13152792)
(0.39370534 -0.1 0.13730061)
(0.39370413 -0.1 0.14334924)
(0.39370287 -0.1 0.14968701)
(0.39370154 -0.1 0.15632774)
(0.39370015 -0.1 0.16328591)
(0.3936987 -0.1 0.17057669)
(0.39369717 -0.1 0.17821599)
(0.370297 -0.1 0.061240928)
(0.37029734 -0.1 0.058973015)
(0.37029663 -0.1 0.063617252)
(0.37029625 -0.1 0.06610717)
(0.37029585 -0.1 0.06871611)
(0.37029543 -0.1 0.071449763)
(0.37029499 -0.1 0.074314091)
(0.37029453 -0.1 0.077315339)
(0.37029405 -0.1 0.080460052)
(0.37029355 -0.1 0.08375509)
(0.37029302 -0.1 0.087207637)
(0.37029246 -0.1 0.090825223)
(0.37029188 -0.1 0.094615737)
(0.37029127 -0.1 0.098587445)
(0.37029064 -0.1 0.10274901)
(0.37028997 -0.1 0.1071095)
(0.37028927 -0.1 0.11167844)
(0.37028854 -0.1 0.11646578)
(0.37028777 -0.1 0.12148196)
(0.37028696 -0.1 0.12673793)
(0.37028612 -0.1 0.13224515)
(0.37028523 -0.1 0.13801562)
(0.37028431 -0.1 0.14406193)
(0.37028334 -0.1 0.15039727)
(0.37028232 -0.1 0.15703545)
(0.37028126 -0.1 0.16399094)
(0.37028014 -0.1 0.17127893)
(0.37027897 -0.1 0.17891529)
(0.34686809 -0.1 0.061797515)
(0.34686832 -0.1 0.059530253)
(0.34686784 -0.1 0.064173157)
(0.34686758 -0.1 0.066662359)
(0.34686731 -0.1 0.069270551)
(0.34686703 -0.1 0.072003419)
(0.34686673 -0.1 0.074866924)
(0.34686642 -0.1 0.07786731)
(0.34686609 -0.1 0.081011121)
(0.34686575 -0.1 0.084305213)
(0.34686539 -0.1 0.087756769)
(0.34686501 -0.1 0.091373316)
(0.34686462 -0.1 0.095162742)
(0.34686421 -0.1 0.09913331)
(0.34686377 -0.1 0.10329368)
(0.34686332 -0.1 0.10765292)
(0.34686285 -0.1 0.11222055)
(0.34686235 -0.1 0.11700651)
(0.34686183 -0.1 0.12202126)
(0.34686128 -0.1 0.12727572)
(0.34686071 -0.1 0.13278135)
(0.34686011 -0.1 0.13855016)
(0.34685948 -0.1 0.14459474)
(0.34685882 -0.1 0.15092826)
(0.34685813 -0.1 0.15756453)
(0.34685741 -0.1 0.16451803)
(0.34685665 -0.1 0.17180393)
(0.34685586 -0.1 0.1794381)
(0.32343519 -0.1 0.062148481)
(0.32343531 -0.1 0.059881629)
(0.32343507 -0.1 0.064523693)
(0.32343494 -0.1 0.067012445)
(0.3234348 -0.1 0.069620164)
(0.32343465 -0.1 0.072352537)
(0.3234345 -0.1 0.075215524)
(0.32343435 -0.1 0.078215367)
(0.32343418 -0.1 0.081358609)
(0.32343401 -0.1 0.084652104)
(0.32343383 -0.1 0.088103035)
(0.32343364 -0.1 0.091718927)
(0.32343344 -0.1 0.095507666)
(0.32343323 -0.1 0.099477515)
(0.32343301 -0.1 0.10363713)
(0.32343278 -0.1 0.10799559)
(0.32343254 -0.1 0.11256238)
(0.32343229 -0.1 0.11734748)
(0.32343203 -0.1 0.12236132)
(0.32343175 -0.1 0.12761483)
(0.32343146 -0.1 0.13311946)
(0.32343116 -0.1 0.13888723)
(0.32343084 -0.1 0.14493071)
(0.32343051 -0.1 0.15126308)
(0.32343016 -0.1 0.15789816)
(0.32342979 -0.1 0.1648504)
(0.32342941 -0.1 0.17213497)
(0.32342901 -0.1 0.17976776)
(1.0189895 -0.1 0.0023368179)
(1.0189895 -0.1 0.0047853404)
(1.0189895 -0.1 0.0073509073)
(1.0189895 -0.1 0.010039114)
(1.0189895 -0.1 0.012855822)
(1.0189895 -0.1 0.015807174)
(1.0189895 -0.1 0.018899607)
(1.0189895 -0.1 0.022139865)
(1.0189895 -0.1 0.025535013)
(1.0189895 -0.1 0.029092457)
(1.0189895 -0.1 0.032819954)
(1.0189895 -0.1 0.036725632)
(1.0189895 -0.1 0.04081801)
(1.0189895 -0.1 0.045106013)
(1.0189895 -0.1 0.04959899)
(1.0189895 -0.1 0.054306741)
(1.0189895 -0.1 0.059239532)
(1.0189895 -0.1 0.06440812)
(1.0189895 -0.1 0.069823778)
(1.0189895 -0.1 0.075498315)
(1.0189895 -0.1 0.081444106)
(1.0189895 -0.1 0.087674119)
(1.0189895 -0.1 0.094201938)
(1.0189895 -0.1 0.1010418)
(1.0189895 -0.1 0.10820862)
(1.0189895 -0.1 0.11571803)
(1.0189895 -0.1 0.12358641)
(1.039134 -0.1 0.0023368179)
(1.039134 -0.1 0.0047853404)
(1.039134 -0.1 0.0073509073)
(1.039134 -0.1 0.010039114)
(1.039134 -0.1 0.012855822)
(1.039134 -0.1 0.015807174)
(1.039134 -0.1 0.018899607)
(1.039134 -0.1 0.022139865)
(1.039134 -0.1 0.025535013)
(1.039134 -0.1 0.029092457)
(1.039134 -0.1 0.032819954)
(1.039134 -0.1 0.036725632)
(1.039134 -0.1 0.04081801)
(1.039134 -0.1 0.045106013)
(1.039134 -0.1 0.04959899)
(1.039134 -0.1 0.054306741)
(1.039134 -0.1 0.059239532)
(1.039134 -0.1 0.06440812)
(1.039134 -0.1 0.069823778)
(1.039134 -0.1 0.075498315)
(1.039134 -0.1 0.081444106)
(1.039134 -0.1 0.087674119)
(1.039134 -0.1 0.094201938)
(1.039134 -0.1 0.1010418)
(1.039134 -0.1 0.10820862)
(1.039134 -0.1 0.11571803)
(1.039134 -0.1 0.12358641)
(1.0605036 -0.1 0.0023368179)
(1.0605036 -0.1 0.0047853404)
(1.0605036 -0.1 0.0073509073)
(1.0605036 -0.1 0.010039114)
(1.0605036 -0.1 0.012855822)
(1.0605036 -0.1 0.015807174)
(1.0605036 -0.1 0.018899607)
(1.0605036 -0.1 0.022139865)
(1.0605036 -0.1 0.025535013)
(1.0605036 -0.1 0.029092457)
(1.0605036 -0.1 0.032819954)
(1.0605036 -0.1 0.036725632)
(1.0605036 -0.1 0.04081801)
(1.0605036 -0.1 0.045106013)
(1.0605036 -0.1 0.04959899)
(1.0605036 -0.1 0.054306741)
(1.0605036 -0.1 0.059239532)
(1.0605036 -0.1 0.06440812)
(1.0605036 -0.1 0.069823778)
(1.0605036 -0.1 0.075498315)
(1.0605036 -0.1 0.081444106)
(1.0605036 -0.1 0.087674119)
(1.0605036 -0.1 0.094201938)
(1.0605036 -0.1 0.1010418)
(1.0605036 -0.1 0.10820862)
(1.0605036 -0.1 0.11571803)
(1.0605036 -0.1 0.12358641)
(1.0831729 -0.1 0.0023368179)
(1.0831729 -0.1 0.0047853404)
(1.0831729 -0.1 0.0073509073)
(1.0831729 -0.1 0.010039114)
(1.0831729 -0.1 0.012855822)
(1.0831729 -0.1 0.015807174)
(1.0831729 -0.1 0.018899607)
(1.0831729 -0.1 0.022139865)
(1.0831729 -0.1 0.025535013)
(1.0831729 -0.1 0.029092457)
(1.0831729 -0.1 0.032819954)
(1.0831729 -0.1 0.036725632)
(1.0831729 -0.1 0.04081801)
(1.0831729 -0.1 0.045106013)
(1.0831729 -0.1 0.04959899)
(1.0831729 -0.1 0.054306741)
(1.0831729 -0.1 0.059239532)
(1.0831729 -0.1 0.06440812)
(1.0831729 -0.1 0.069823778)
(1.0831729 -0.1 0.075498315)
(1.0831729 -0.1 0.081444106)
(1.0831729 -0.1 0.087674119)
(1.0831729 -0.1 0.094201938)
(1.0831729 -0.1 0.1010418)
(1.0831729 -0.1 0.10820862)
(1.0831729 -0.1 0.11571803)
(1.0831729 -0.1 0.12358641)
(1.1072209 -0.1 0.0023368179)
(1.1072209 -0.1 0.0047853404)
(1.1072209 -0.1 0.0073509073)
(1.1072209 -0.1 0.010039114)
(1.1072209 -0.1 0.012855822)
(1.1072209 -0.1 0.015807174)
(1.1072209 -0.1 0.018899607)
(1.1072209 -0.1 0.022139865)
(1.1072209 -0.1 0.025535013)
(1.1072209 -0.1 0.029092457)
(1.1072209 -0.1 0.032819954)
(1.1072209 -0.1 0.036725632)
(1.1072209 -0.1 0.04081801)
(1.1072209 -0.1 0.045106013)
(1.1072209 -0.1 0.04959899)
(1.1072209 -0.1 0.054306741)
(1.1072209 -0.1 0.059239532)
(1.1072209 -0.1 0.06440812)
(1.1072209 -0.1 0.069823778)
(1.1072209 -0.1 0.075498315)
(1.1072209 -0.1 0.081444106)
(1.1072209 -0.1 0.087674119)
(1.1072209 -0.1 0.094201938)
(1.1072209 -0.1 0.1010418)
(1.1072209 -0.1 0.10820862)
(1.1072209 -0.1 0.11571803)
(1.1072209 -0.1 0.12358641)
(1.1327314 -0.1 0.0023368179)
(1.1327314 -0.1 0.0047853404)
(1.1327314 -0.1 0.0073509073)
(1.1327314 -0.1 0.010039114)
(1.1327314 -0.1 0.012855822)
(1.1327314 -0.1 0.015807174)
(1.1327314 -0.1 0.018899607)
(1.1327314 -0.1 0.022139865)
(1.1327314 -0.1 0.025535013)
(1.1327314 -0.1 0.029092457)
(1.1327314 -0.1 0.032819954)
(1.1327314 -0.1 0.036725632)
(1.1327314 -0.1 0.04081801)
(1.1327314 -0.1 0.045106013)
(1.1327314 -0.1 0.04959899)
(1.1327314 -0.1 0.054306741)
(1.1327314 -0.1 0.059239532)
(1.1327314 -0.1 0.06440812)
(1.1327314 -0.1 0.069823778)
(1.1327314 -0.1 0.075498315)
(1.1327314 -0.1 0.081444106)
(1.1327314 -0.1 0.087674119)
(1.1327314 -0.1 0.094201938)
(1.1327314 -0.1 0.1010418)
(1.1327314 -0.1 0.10820862)
(1.1327314 -0.1 0.11571803)
(1.1327314 -0.1 0.12358641)
(1.1597935 -0.1 0.0073509073)
(1.1597935 -0.1 0.010039114)
(1.1597935 -0.1 0.012855822)
(1.1597935 -0.1 0.015807174)
(1.1597935 -0.1 0.018899607)
(1.1597935 -0.1 0.022139865)
(1.1597935 -0.1 0.025535013)
(1.1597935 -0.1 0.029092457)
(1.1597935 -0.1 0.032819954)
(1.1597935 -0.1 0.036725632)
(1.1597935 -0.1 0.04081801)
(1.1597935 -0.1 0.045106013)
(1.1597935 -0.1 0.04959899)
(1.1597935 -0.1 0.054306741)
(1.1597935 -0.1 0.059239532)
(1.1597935 -0.1 0.06440812)
(1.1597935 -0.1 0.069823778)
(1.1597935 -0.1 0.075498315)
(1.1597935 -0.1 0.081444106)
(1.1597935 -0.1 0.087674119)
(1.1597935 -0.1 0.094201938)
(1.1597935 -0.1 0.1010418)
(1.1597935 -0.1 0.10820862)
(1.1597935 -0.1 0.11571803)
(1.1597935 -0.1 0.12358641)
(1.1885014 -0.1 0.0073509073)
(1.1885014 -0.1 0.010039114)
(1.1885014 -0.1 0.012855822)
(1.1885014 -0.1 0.015807174)
(1.1885014 -0.1 0.018899607)
(1.1885014 -0.1 0.022139865)
(1.1885014 -0.1 0.025535013)
(1.1885014 -0.1 0.029092457)
(1.1885014 -0.1 0.032819954)
(1.1885014 -0.1 0.036725632)
(1.1885014 -0.1 0.04081801)
(1.1885014 -0.1 0.045106013)
(1.1885014 -0.1 0.04959899)
(1.1885014 -0.1 0.054306741)
(1.1885014 -0.1 0.059239532)
(1.1885014 -0.1 0.06440812)
(1.1885014 -0.1 0.069823778)
(1.1885014 -0.1 0.075498315)
(1.1885014 -0.1 0.081444106)
(1.1885014 -0.1 0.087674119)
(1.1885014 -0.1 0.094201938)
(1.1885014 -0.1 0.1010418)
(1.1885014 -0.1 0.10820862)
(1.1885014 -0.1 0.11571803)
(1.1885014 -0.1 0.12358641)
)


// ************************************************************************* //
