/*--------------------------------*- C++ -*----------------------------------*\
| =========                 |                                                 |
| \\      /  F ield         | OpenFOAM: The Open Source CFD Toolbox           |
|  \\    /   O peration     | Version:  2406                                  |
|   \\  /    A nd           | Website:  www.openfoam.com                      |
|    \\/     M anipulation  |                                                 |
\*---------------------------------------------------------------------------*/
FoamFile
{
    version     2.0;
    format      ascii;
    arch        "LSB;label=32;scalar=64";
    note        "nPoints:3406  nCells:1616  nFaces:6550  nInternalFaces:3146";
    class       labelList;
    location    "constant/polyMesh";
    object      neighbour;
}
// * * * * * * * * * * * * * * * * * * * * * * * * * * * * * * * * * * * * * //


3146
(
1
15
2
16
3
17
4
18
5
19
6
20
7
21
8
22
9
23
10
24
11
25
12
26
13
27
14
28
29
16
30
17
31
18
32
19
33
20
34
21
35
22
36
23
37
24
38
25
39
26
40
27
41
28
42
29
43
44
31
45
32
46
33
47
34
48
35
49
36
50
37
51
38
52
39
53
40
54
41
55
42
56
43
57
44
58
59
46
60
47
61
48
62
49
63
50
64
51
65
52
66
53
67
54
68
55
69
56
70
57
71
58
72
59
73
74
61
75
649
62
76
63
77
64
78
65
79
66
80
67
81
68
82
69
83
70
84
71
85
72
86
73
87
74
88
89
76
90
650
77
91
78
92
79
93
80
94
81
95
82
96
83
97
84
98
85
99
86
100
87
101
88
102
89
103
104
91
105
653
92
106
93
107
94
108
95
109
96
110
97
111
98
112
99
113
100
114
101
115
102
116
103
117
104
118
119
106
122
656
107
123
108
124
109
125
110
126
111
127
112
128
113
129
114
130
115
131
116
132
117
133
118
134
119
135
120
136
121
137
138
123
139
686
124
140
125
141
126
142
127
143
128
144
129
145
130
146
131
147
132
148
133
149
134
150
135
151
136
152
137
153
138
154
155
140
156
716
141
157
142
158
143
159
144
160
145
161
146
162
147
163
148
164
149
165
150
166
151
167
152
168
153
169
154
170
155
171
172
157
173
746
158
174
159
175
160
176
161
177
162
178
163
179
164
180
165
181
166
182
167
183
168
184
169
185
170
186
171
187
172
188
189
174
190
776
175
191
176
192
177
193
178
194
179
195
180
196
181
197
182
198
183
199
184
200
185
201
186
202
187
203
188
204
189
205
206
191
207
806
192
208
193
209
194
210
195
211
196
212
197
213
198
214
199
215
200
216
201
217
202
218
203
219
204
220
205
221
206
222
223
208
224
836
209
225
210
226
211
227
212
228
213
229
214
230
215
231
216
232
217
233
218
234
219
235
220
236
221
237
222
238
223
239
240
225
241
866
226
242
227
243
228
244
229
245
230
246
231
247
232
248
233
249
234
250
235
251
236
252
237
253
238
254
239
255
240
256
257
242
258
896
243
259
244
260
245
261
246
262
247
263
248
264
249
265
250
266
251
267
252
268
253
269
254
270
255
271
256
272
257
273
274
259
275
926
260
276
261
277
262
278
263
279
264
280
265
281
266
282
267
283
268
284
269
285
270
286
271
287
272
288
273
289
274
290
291
276
292
956
277
293
278
294
279
295
280
296
281
297
282
298
283
299
284
300
285
301
286
302
287
303
288
304
289
305
290
306
291
307
308
293
309
986
294
310
295
311
296
312
297
313
298
314
299
315
300
316
301
317
302
318
303
319
304
320
305
321
306
322
307
323
308
324
325
310
326
1016
311
327
312
328
313
329
314
330
315
331
316
332
317
333
318
334
319
335
320
336
321
337
322
338
323
339
324
340
325
341
342
327
343
1046
328
344
329
345
330
346
331
347
332
348
333
349
334
350
335
351
336
352
337
353
338
354
339
355
340
356
341
357
342
358
359
344
360
1076
345
361
346
362
347
363
348
364
349
365
350
366
351
367
352
368
353
369
354
370
355
371
356
372
357
373
358
374
359
375
376
361
377
1106
362
378
363
379
364
380
365
381
366
382
367
383
368
384
369
385
370
386
371
387
372
388
373
389
374
390
375
391
376
392
393
378
394
1136
379
395
380
396
381
397
382
398
383
399
384
400
385
401
386
402
387
403
388
404
389
405
390
406
391
407
392
408
393
409
410
395
411
1166
396
412
397
413
398
414
399
415
400
416
401
417
402
418
403
419
404
420
405
421
406
422
407
423
408
424
409
425
410
426
427
412
428
1196
413
429
414
430
415
431
416
432
417
433
418
434
419
435
420
436
421
437
422
438
423
439
424
440
425
441
426
442
427
443
444
429
445
1226
430
446
431
447
432
448
433
449
434
450
435
451
436
452
437
453
438
454
439
455
440
456
441
457
442
458
443
459
444
460
461
446
462
1256
447
463
448
464
449
465
450
466
451
467
452
468
453
469
454
470
455
471
456
472
457
473
458
474
459
475
460
476
461
477
478
463
479
1286
464
480
465
481
466
482
467
483
468
484
469
485
470
486
471
487
472
488
473
489
474
490
475
491
476
492
477
493
478
494
495
480
496
1316
481
497
482
498
483
499
484
500
485
501
486
502
487
503
488
504
489
505
490
506
491
507
492
508
493
509
494
510
495
511
512
497
513
1346
498
514
499
515
500
516
501
517
502
518
503
519
504
520
505
521
506
522
507
523
508
524
509
525
510
526
511
527
512
528
529
514
530
1376
515
531
516
532
517
533
518
534
519
535
520
536
521
537
522
538
523
539
524
540
525
541
526
542
527
543
528
544
529
545
546
531
547
1406
532
548
533
549
534
550
535
551
536
552
537
553
538
554
539
555
540
556
541
557
542
558
543
559
544
560
545
561
546
562
563
548
564
1436
549
565
550
566
551
567
552
568
553
569
554
570
555
571
556
572
557
573
558
574
559
575
560
576
561
577
562
578
563
579
580
565
581
1466
566
582
567
583
568
584
569
585
570
586
571
587
572
588
573
589
574
590
575
591
576
592
577
593
578
594
579
595
580
596
597
582
598
1496
583
599
584
600
585
601
586
602
587
603
588
604
589
605
590
606
591
607
592
608
593
609
594
610
595
611
596
612
597
613
614
599
615
1526
600
616
601
617
602
618
603
619
604
620
605
621
606
622
607
623
608
624
609
625
610
626
611
627
612
628
613
629
614
630
631
616
632
1556
617
633
618
634
619
635
620
636
621
637
622
638
623
639
624
640
625
641
626
642
627
643
628
644
629
645
630
646
631
647
648
633
1586
634
635
636
637
638
639
640
641
642
643
644
645
646
647
648
650
651
653
652
654
655
654
656
655
657
658
657
686
658
687
659
688
660
689
661
690
662
691
663
692
664
693
665
694
666
695
667
696
668
697
669
698
670
699
671
700
672
701
673
702
674
703
675
704
676
705
677
706
678
707
679
708
680
709
681
710
682
711
683
712
684
713
685
714
715
687
716
688
717
689
718
690
719
691
720
692
721
693
722
694
723
695
724
696
725
697
726
698
727
699
728
700
729
701
730
702
731
703
732
704
733
705
734
706
735
707
736
708
737
709
738
710
739
711
740
712
741
713
742
714
743
715
744
745
717
746
718
747
719
748
720
749
721
750
722
751
723
752
724
753
725
754
726
755
727
756
728
757
729
758
730
759
731
760
732
761
733
762
734
763
735
764
736
765
737
766
738
767
739
768
740
769
741
770
742
771
743
772
744
773
745
774
775
747
776
748
777
749
778
750
779
751
780
752
781
753
782
754
783
755
784
756
785
757
786
758
787
759
788
760
789
761
790
762
791
763
792
764
793
765
794
766
795
767
796
768
797
769
798
770
799
771
800
772
801
773
802
774
803
775
804
805
777
806
778
807
779
808
780
809
781
810
782
811
783
812
784
813
785
814
786
815
787
816
788
817
789
818
790
819
791
820
792
821
793
822
794
823
795
824
796
825
797
826
798
827
799
828
800
829
801
830
802
831
803
832
804
833
805
834
835
807
836
808
837
809
838
810
839
811
840
812
841
813
842
814
843
815
844
816
845
817
846
818
847
819
848
820
849
821
850
822
851
823
852
824
853
825
854
826
855
827
856
828
857
829
858
830
859
831
860
832
861
833
862
834
863
835
864
865
837
866
838
867
839
868
840
869
841
870
842
871
843
872
844
873
845
874
846
875
847
876
848
877
849
878
850
879
851
880
852
881
853
882
854
883
855
884
856
885
857
886
858
887
859
888
860
889
861
890
862
891
863
892
864
893
865
894
895
867
896
868
897
869
898
870
899
871
900
872
901
873
902
874
903
875
904
876
905
877
906
878
907
879
908
880
909
881
910
882
911
883
912
884
913
885
914
886
915
887
916
888
917
889
918
890
919
891
920
892
921
893
922
894
923
895
924
925
897
926
898
927
899
928
900
929
901
930
902
931
903
932
904
933
905
934
906
935
907
936
908
937
909
938
910
939
911
940
912
941
913
942
914
943
915
944
916
945
917
946
918
947
919
948
920
949
921
950
922
951
923
952
924
953
925
954
955
927
956
928
957
929
958
930
959
931
960
932
961
933
962
934
963
935
964
936
965
937
966
938
967
939
968
940
969
941
970
942
971
943
972
944
973
945
974
946
975
947
976
948
977
949
978
950
979
951
980
952
981
953
982
954
983
955
984
985
957
986
958
987
959
988
960
989
961
990
962
991
963
992
964
993
965
994
966
995
967
996
968
997
969
998
970
999
971
1000
972
1001
973
1002
974
1003
975
1004
976
1005
977
1006
978
1007
979
1008
980
1009
981
1010
982
1011
983
1012
984
1013
985
1014
1015
987
1016
988
1017
989
1018
990
1019
991
1020
992
1021
993
1022
994
1023
995
1024
996
1025
997
1026
998
1027
999
1028
1000
1029
1001
1030
1002
1031
1003
1032
1004
1033
1005
1034
1006
1035
1007
1036
1008
1037
1009
1038
1010
1039
1011
1040
1012
1041
1013
1042
1014
1043
1015
1044
1045
1017
1046
1018
1047
1019
1048
1020
1049
1021
1050
1022
1051
1023
1052
1024
1053
1025
1054
1026
1055
1027
1056
1028
1057
1029
1058
1030
1059
1031
1060
1032
1061
1033
1062
1034
1063
1035
1064
1036
1065
1037
1066
1038
1067
1039
1068
1040
1069
1041
1070
1042
1071
1043
1072
1044
1073
1045
1074
1075
1047
1076
1048
1077
1049
1078
1050
1079
1051
1080
1052
1081
1053
1082
1054
1083
1055
1084
1056
1085
1057
1086
1058
1087
1059
1088
1060
1089
1061
1090
1062
1091
1063
1092
1064
1093
1065
1094
1066
1095
1067
1096
1068
1097
1069
1098
1070
1099
1071
1100
1072
1101
1073
1102
1074
1103
1075
1104
1105
1077
1106
1078
1107
1079
1108
1080
1109
1081
1110
1082
1111
1083
1112
1084
1113
1085
1114
1086
1115
1087
1116
1088
1117
1089
1118
1090
1119
1091
1120
1092
1121
1093
1122
1094
1123
1095
1124
1096
1125
1097
1126
1098
1127
1099
1128
1100
1129
1101
1130
1102
1131
1103
1132
1104
1133
1105
1134
1135
1107
1136
1108
1137
1109
1138
1110
1139
1111
1140
1112
1141
1113
1142
1114
1143
1115
1144
1116
1145
1117
1146
1118
1147
1119
1148
1120
1149
1121
1150
1122
1151
1123
1152
1124
1153
1125
1154
1126
1155
1127
1156
1128
1157
1129
1158
1130
1159
1131
1160
1132
1161
1133
1162
1134
1163
1135
1164
1165
1137
1166
1138
1167
1139
1168
1140
1169
1141
1170
1142
1171
1143
1172
1144
1173
1145
1174
1146
1175
1147
1176
1148
1177
1149
1178
1150
1179
1151
1180
1152
1181
1153
1182
1154
1183
1155
1184
1156
1185
1157
1186
1158
1187
1159
1188
1160
1189
1161
1190
1162
1191
1163
1192
1164
1193
1165
1194
1195
1167
1196
1168
1197
1169
1198
1170
1199
1171
1200
1172
1201
1173
1202
1174
1203
1175
1204
1176
1205
1177
1206
1178
1207
1179
1208
1180
1209
1181
1210
1182
1211
1183
1212
1184
1213
1185
1214
1186
1215
1187
1216
1188
1217
1189
1218
1190
1219
1191
1220
1192
1221
1193
1222
1194
1223
1195
1224
1225
1197
1226
1198
1227
1199
1228
1200
1229
1201
1230
1202
1231
1203
1232
1204
1233
1205
1234
1206
1235
1207
1236
1208
1237
1209
1238
1210
1239
1211
1240
1212
1241
1213
1242
1214
1243
1215
1244
1216
1245
1217
1246
1218
1247
1219
1248
1220
1249
1221
1250
1222
1251
1223
1252
1224
1253
1225
1254
1255
1227
1256
1228
1257
1229
1258
1230
1259
1231
1260
1232
1261
1233
1262
1234
1263
1235
1264
1236
1265
1237
1266
1238
1267
1239
1268
1240
1269
1241
1270
1242
1271
1243
1272
1244
1273
1245
1274
1246
1275
1247
1276
1248
1277
1249
1278
1250
1279
1251
1280
1252
1281
1253
1282
1254
1283
1255
1284
1285
1257
1286
1258
1287
1259
1288
1260
1289
1261
1290
1262
1291
1263
1292
1264
1293
1265
1294
1266
1295
1267
1296
1268
1297
1269
1298
1270
1299
1271
1300
1272
1301
1273
1302
1274
1303
1275
1304
1276
1305
1277
1306
1278
1307
1279
1308
1280
1309
1281
1310
1282
1311
1283
1312
1284
1313
1285
1314
1315
1287
1316
1288
1317
1289
1318
1290
1319
1291
1320
1292
1321
1293
1322
1294
1323
1295
1324
1296
1325
1297
1326
1298
1327
1299
1328
1300
1329
1301
1330
1302
1331
1303
1332
1304
1333
1305
1334
1306
1335
1307
1336
1308
1337
1309
1338
1310
1339
1311
1340
1312
1341
1313
1342
1314
1343
1315
1344
1345
1317
1346
1318
1347
1319
1348
1320
1349
1321
1350
1322
1351
1323
1352
1324
1353
1325
1354
1326
1355
1327
1356
1328
1357
1329
1358
1330
1359
1331
1360
1332
1361
1333
1362
1334
1363
1335
1364
1336
1365
1337
1366
1338
1367
1339
1368
1340
1369
1341
1370
1342
1371
1343
1372
1344
1373
1345
1374
1375
1347
1376
1348
1377
1349
1378
1350
1379
1351
1380
1352
1381
1353
1382
1354
1383
1355
1384
1356
1385
1357
1386
1358
1387
1359
1388
1360
1389
1361
1390
1362
1391
1363
1392
1364
1393
1365
1394
1366
1395
1367
1396
1368
1397
1369
1398
1370
1399
1371
1400
1372
1401
1373
1402
1374
1403
1375
1404
1405
1377
1406
1378
1407
1379
1408
1380
1409
1381
1410
1382
1411
1383
1412
1384
1413
1385
1414
1386
1415
1387
1416
1388
1417
1389
1418
1390
1419
1391
1420
1392
1421
1393
1422
1394
1423
1395
1424
1396
1425
1397
1426
1398
1427
1399
1428
1400
1429
1401
1430
1402
1431
1403
1432
1404
1433
1405
1434
1435
1407
1436
1408
1437
1409
1438
1410
1439
1411
1440
1412
1441
1413
1442
1414
1443
1415
1444
1416
1445
1417
1446
1418
1447
1419
1448
1420
1449
1421
1450
1422
1451
1423
1452
1424
1453
1425
1454
1426
1455
1427
1456
1428
1457
1429
1458
1430
1459
1431
1460
1432
1461
1433
1462
1434
1463
1435
1464
1465
1437
1466
1438
1467
1439
1468
1440
1469
1441
1470
1442
1471
1443
1472
1444
1473
1445
1474
1446
1475
1447
1476
1448
1477
1449
1478
1450
1479
1451
1480
1452
1481
1453
1482
1454
1483
1455
1484
1456
1485
1457
1486
1458
1487
1459
1488
1460
1489
1461
1490
1462
1491
1463
1492
1464
1493
1465
1494
1495
1467
1496
1468
1497
1469
1498
1470
1499
1471
1500
1472
1501
1473
1502
1474
1503
1475
1504
1476
1505
1477
1506
1478
1507
1479
1508
1480
1509
1481
1510
1482
1511
1483
1512
1484
1513
1485
1514
1486
1515
1487
1516
1488
1517
1489
1518
1490
1519
1491
1520
1492
1521
1493
1522
1494
1523
1495
1524
1525
1497
1526
1498
1527
1499
1528
1500
1529
1501
1530
1502
1531
1503
1532
1504
1533
1505
1534
1506
1535
1507
1536
1508
1537
1509
1538
1510
1539
1511
1540
1512
1541
1513
1542
1514
1543
1515
1544
1516
1545
1517
1546
1518
1547
1519
1548
1520
1549
1521
1550
1522
1551
1523
1552
1524
1553
1525
1554
1555
1527
1556
1528
1557
1529
1558
1530
1559
1531
1560
1532
1561
1533
1562
1534
1563
1535
1564
1536
1565
1537
1566
1538
1567
1539
1568
1540
1569
1541
1570
1542
1571
1543
1572
1544
1573
1545
1574
1546
1575
1547
1576
1548
1577
1549
1578
1550
1579
1551
1580
1552
1581
1553
1582
1554
1583
1555
1584
1585
1557
1586
1558
1587
1559
1588
1560
1589
1561
1590
1562
1591
1563
1592
1564
1593
1565
1594
1566
1595
1567
1596
1568
1597
1569
1598
1570
1599
1571
1600
1572
1601
1573
1602
1574
1603
1575
1604
1576
1605
1577
1606
1578
1607
1579
1608
1580
1609
1581
1610
1582
1611
1583
1612
1584
1613
1585
1614
1615
1587
1588
1589
1590
1591
1592
1593
1594
1595
1596
1597
1598
1599
1600
1601
1602
1603
1604
1605
1606
1607
1608
1609
1610
1611
1612
1613
1614
1615
)


// ************************************************************************* //
