/*--------------------------------*- C++ -*----------------------------------*\
| =========                 |                                                 |
| \\      /  F ield         | OpenFOAM: The Open Source CFD Toolbox           |
|  \\    /   O peration     | Version:  2406                                  |
|   \\  /    A nd           | Website:  www.openfoam.com                      |
|    \\/     M anipulation  |                                                 |
\*---------------------------------------------------------------------------*/
FoamFile
{
    version     2.0;
    format      ascii;
    arch        "LSB;label=32;scalar=64";
    class       vectorField;
    location    "constant/polyMesh";
    object      points;
}
// * * * * * * * * * * * * * * * * * * * * * * * * * * * * * * * * * * * * * //


3406
(
(1.0189895 0 -0.0023368179)
(1.0189895 0 -1.6547887e-17)
(1.0189895 0 -0.0047853404)
(1.0189895 0 -0.0073509073)
(1.0189895 0 -0.010039114)
(1.0189895 0 -0.012855822)
(1.0189895 0 -0.015807174)
(1.0189895 0 -0.018899607)
(1.0189895 0 -0.022139865)
(1.0189895 0 -0.025535013)
(1.0189895 0 -0.029092457)
(1.0189895 0 -0.032819954)
(1.0189895 0 -0.036725632)
(1.0189895 0 -0.04081801)
(1.0189895 0 -0.045106013)
(1.0189895 0 -0.04959899)
(1.039134 0 -0.0023368179)
(1.039134 0 -1.6436063e-17)
(1.039134 0 -0.0047853404)
(1.039134 0 -0.0073509073)
(1.039134 0 -0.010039114)
(1.039134 0 -0.012855822)
(1.039134 0 -0.015807174)
(1.039134 0 -0.018899607)
(1.039134 0 -0.022139865)
(1.039134 0 -0.025535013)
(1.039134 0 -0.029092457)
(1.039134 0 -0.032819954)
(1.039134 0 -0.036725632)
(1.039134 0 -0.04081801)
(1.039134 0 -0.045106013)
(1.039134 0 -0.04959899)
(1.0605036 0 -0.0023368179)
(1.0605036 0 -1.6317438e-17)
(1.0605036 0 -0.0047853404)
(1.0605036 0 -0.0073509073)
(1.0605036 0 -0.010039114)
(1.0605036 0 -0.012855822)
(1.0605036 0 -0.015807174)
(1.0605036 0 -0.018899607)
(1.0605036 0 -0.022139865)
(1.0605036 0 -0.025535013)
(1.0605036 0 -0.029092457)
(1.0605036 0 -0.032819954)
(1.0605036 0 -0.036725632)
(1.0605036 0 -0.04081801)
(1.0605036 0 -0.045106013)
(1.0605036 0 -0.04959899)
(1.0831729 0 -0.0023368179)
(1.0831729 0 -1.6191599e-17)
(1.0831729 0 -0.0047853404)
(1.0831729 0 -0.0073509073)
(1.0831729 0 -0.010039114)
(1.0831729 0 -0.012855822)
(1.0831729 0 -0.015807174)
(1.0831729 0 -0.018899607)
(1.0831729 0 -0.022139865)
(1.0831729 0 -0.025535013)
(1.0831729 0 -0.029092457)
(1.0831729 0 -0.032819954)
(1.0831729 0 -0.036725632)
(1.0831729 0 -0.04081801)
(1.0831729 0 -0.045106013)
(1.0831729 0 -0.04959899)
(1.1072209 0 -0.0023368179)
(1.1072209 0 -1.6058106e-17)
(1.1072209 0 -0.0047853404)
(1.1072209 0 -0.0073509073)
(1.1072209 0 -0.010039114)
(1.1072209 0 -0.012855822)
(1.1072209 0 -0.015807174)
(1.1072209 0 -0.018899607)
(1.1072209 0 -0.022139865)
(1.1072209 0 -0.025535013)
(1.1072209 0 -0.029092457)
(1.1072209 0 -0.032819954)
(1.1072209 0 -0.036725632)
(1.1072209 0 -0.04081801)
(1.1072209 0 -0.045106013)
(1.1072209 0 -0.04959899)
(1.1327314 0 -0.0023368179)
(1.1327314 0 -1.5916495e-17)
(1.1327314 0 -0.0047853404)
(1.1327314 0 -0.0073509073)
(1.1327314 0 -0.010039114)
(1.1327314 0 -0.012855822)
(1.1327314 0 -0.015807174)
(1.1327314 0 -0.018899607)
(1.1327314 0 -0.022139865)
(1.1327314 0 -0.025535013)
(1.1327314 0 -0.029092457)
(1.1327314 0 -0.032819954)
(1.1327314 0 -0.036725632)
(1.1327314 0 -0.04081801)
(1.1327314 0 -0.045106013)
(1.1327314 0 -0.04959899)
(1.1597935 0 -0.0023368179)
(1.1597935 0 -1.576627e-17)
(1.1597935 0 -0.0047853404)
(1.1597935 0 -0.0073509073)
(1.1597935 0 -0.010039114)
(1.1597935 0 -0.012855822)
(1.1597935 0 -0.015807174)
(1.1597935 0 -0.018899607)
(1.1597935 0 -0.022139865)
(1.1597935 0 -0.025535013)
(1.1597935 0 -0.029092457)
(1.1597935 0 -0.032819954)
(1.1597935 0 -0.036725632)
(1.1597935 0 -0.04081801)
(1.1597935 0 -0.045106013)
(1.1597935 0 -0.04959899)
(1.1885014 0 -0.0023368179)
(1.1885014 0 -1.560691e-17)
(1.1885014 0 -0.0047853404)
(1.1885014 0 -0.0073509073)
(1.1885014 0 -0.010039114)
(1.1885014 0 -0.012855822)
(1.1885014 0 -0.015807174)
(1.1885014 0 -0.018899607)
(1.1885014 0 -0.022139865)
(1.1885014 0 -0.025535013)
(1.1885014 0 -0.029092457)
(1.1885014 0 -0.032819954)
(1.1885014 0 -0.036725632)
(1.1885014 0 -0.04081801)
(1.1885014 0 -0.045106013)
(1.1885014 0 -0.04959899)
(1.1885014 0 -0.054306741)
(1.1885014 0 -0.059239532)
(1.2189553 0 -0.0023368179)
(1.2189553 0 -1.5437857e-17)
(1.2189553 0 -0.0047853404)
(1.2189553 0 -0.0073509073)
(1.2189553 0 -0.010039114)
(1.2189553 0 -0.012855822)
(1.2189553 0 -0.015807174)
(1.2189553 0 -0.018899607)
(1.2189553 0 -0.022139865)
(1.2189553 0 -0.025535013)
(1.2189553 0 -0.029092457)
(1.2189553 0 -0.032819954)
(1.2189553 0 -0.036725632)
(1.2189553 0 -0.04081801)
(1.2189553 0 -0.045106013)
(1.2189553 0 -0.04959899)
(1.2189553 0 -0.054306741)
(1.2189553 0 -0.059239532)
(1.2512614 0 -0.0023368179)
(1.2512614 0 -1.5258523e-17)
(1.2512614 0 -0.0047853404)
(1.2512614 0 -0.0073509073)
(1.2512614 0 -0.010039114)
(1.2512614 0 -0.012855822)
(1.2512614 0 -0.015807174)
(1.2512614 0 -0.018899607)
(1.2512614 0 -0.022139865)
(1.2512614 0 -0.025535013)
(1.2512614 0 -0.029092457)
(1.2512614 0 -0.032819954)
(1.2512614 0 -0.036725632)
(1.2512614 0 -0.04081801)
(1.2512614 0 -0.045106013)
(1.2512614 0 -0.04959899)
(1.2512614 0 -0.054306741)
(1.2512614 0 -0.059239532)
(1.2855322 0 -0.0023368179)
(1.2855322 0 -1.5068282e-17)
(1.2855322 0 -0.0047853404)
(1.2855322 0 -0.0073509073)
(1.2855322 0 -0.010039114)
(1.2855322 0 -0.012855822)
(1.2855322 0 -0.015807174)
(1.2855322 0 -0.018899607)
(1.2855322 0 -0.022139865)
(1.2855322 0 -0.025535013)
(1.2855322 0 -0.029092457)
(1.2855322 0 -0.032819954)
(1.2855322 0 -0.036725632)
(1.2855322 0 -0.04081801)
(1.2855322 0 -0.045106013)
(1.2855322 0 -0.04959899)
(1.2855322 0 -0.054306741)
(1.2855322 0 -0.059239532)
(1.3218874 0 -0.0023368179)
(1.3218874 0 -1.4866471e-17)
(1.3218874 0 -0.0047853404)
(1.3218874 0 -0.0073509073)
(1.3218874 0 -0.010039114)
(1.3218874 0 -0.012855822)
(1.3218874 0 -0.015807174)
(1.3218874 0 -0.018899607)
(1.3218874 0 -0.022139865)
(1.3218874 0 -0.025535013)
(1.3218874 0 -0.029092457)
(1.3218874 0 -0.032819954)
(1.3218874 0 -0.036725632)
(1.3218874 0 -0.04081801)
(1.3218874 0 -0.045106013)
(1.3218874 0 -0.04959899)
(1.3218874 0 -0.054306741)
(1.3218874 0 -0.059239532)
(1.3604536 0 -0.0023368179)
(1.3604536 0 -1.4652386e-17)
(1.3604536 0 -0.0047853404)
(1.3604536 0 -0.0073509073)
(1.3604536 0 -0.010039114)
(1.3604536 0 -0.012855822)
(1.3604536 0 -0.015807174)
(1.3604536 0 -0.018899607)
(1.3604536 0 -0.022139865)
(1.3604536 0 -0.025535013)
(1.3604536 0 -0.029092457)
(1.3604536 0 -0.032819954)
(1.3604536 0 -0.036725632)
(1.3604536 0 -0.04081801)
(1.3604536 0 -0.045106013)
(1.3604536 0 -0.04959899)
(1.3604536 0 -0.054306741)
(1.3604536 0 -0.059239532)
(1.4013653 0 -0.0023368179)
(1.4013653 0 -1.4425281e-17)
(1.4013653 0 -0.0047853404)
(1.4013653 0 -0.0073509073)
(1.4013653 0 -0.010039114)
(1.4013653 0 -0.012855822)
(1.4013653 0 -0.015807174)
(1.4013653 0 -0.018899607)
(1.4013653 0 -0.022139865)
(1.4013653 0 -0.025535013)
(1.4013653 0 -0.029092457)
(1.4013653 0 -0.032819954)
(1.4013653 0 -0.036725632)
(1.4013653 0 -0.04081801)
(1.4013653 0 -0.045106013)
(1.4013653 0 -0.04959899)
(1.4013653 0 -0.054306741)
(1.4013653 0 -0.059239532)
(1.4447652 0 -0.0023368179)
(1.4447652 0 -1.4184364e-17)
(1.4447652 0 -0.0047853404)
(1.4447652 0 -0.0073509073)
(1.4447652 0 -0.010039114)
(1.4447652 0 -0.012855822)
(1.4447652 0 -0.015807174)
(1.4447652 0 -0.018899607)
(1.4447652 0 -0.022139865)
(1.4447652 0 -0.025535013)
(1.4447652 0 -0.029092457)
(1.4447652 0 -0.032819954)
(1.4447652 0 -0.036725632)
(1.4447652 0 -0.04081801)
(1.4447652 0 -0.045106013)
(1.4447652 0 -0.04959899)
(1.4447652 0 -0.054306741)
(1.4447652 0 -0.059239532)
(1.4908047 0 -0.0023368179)
(1.4908047 0 -1.3928794e-17)
(1.4908047 0 -0.0047853404)
(1.4908047 0 -0.0073509073)
(1.4908047 0 -0.010039114)
(1.4908047 0 -0.012855822)
(1.4908047 0 -0.015807174)
(1.4908047 0 -0.018899607)
(1.4908047 0 -0.022139865)
(1.4908047 0 -0.025535013)
(1.4908047 0 -0.029092457)
(1.4908047 0 -0.032819954)
(1.4908047 0 -0.036725632)
(1.4908047 0 -0.04081801)
(1.4908047 0 -0.045106013)
(1.4908047 0 -0.04959899)
(1.4908047 0 -0.054306741)
(1.4908047 0 -0.059239532)
(1.5396442 0 -0.0023368179)
(1.5396442 0 -1.3657681e-17)
(1.5396442 0 -0.0047853404)
(1.5396442 0 -0.0073509073)
(1.5396442 0 -0.010039114)
(1.5396442 0 -0.012855822)
(1.5396442 0 -0.015807174)
(1.5396442 0 -0.018899607)
(1.5396442 0 -0.022139865)
(1.5396442 0 -0.025535013)
(1.5396442 0 -0.029092457)
(1.5396442 0 -0.032819954)
(1.5396442 0 -0.036725632)
(1.5396442 0 -0.04081801)
(1.5396442 0 -0.045106013)
(1.5396442 0 -0.04959899)
(1.5396442 0 -0.054306741)
(1.5396442 0 -0.059239532)
(1.591454 0 -0.0023368179)
(1.591454 0 -1.337008e-17)
(1.591454 0 -0.0047853404)
(1.591454 0 -0.0073509073)
(1.591454 0 -0.010039114)
(1.591454 0 -0.012855822)
(1.591454 0 -0.015807174)
(1.591454 0 -0.018899607)
(1.591454 0 -0.022139865)
(1.591454 0 -0.025535013)
(1.591454 0 -0.029092457)
(1.591454 0 -0.032819954)
(1.591454 0 -0.036725632)
(1.591454 0 -0.04081801)
(1.591454 0 -0.045106013)
(1.591454 0 -0.04959899)
(1.591454 0 -0.054306741)
(1.591454 0 -0.059239532)
(1.6464148 0 -0.0023368179)
(1.6464148 0 -1.3064987e-17)
(1.6464148 0 -0.0047853404)
(1.6464148 0 -0.0073509073)
(1.6464148 0 -0.010039114)
(1.6464148 0 -0.012855822)
(1.6464148 0 -0.015807174)
(1.6464148 0 -0.018899607)
(1.6464148 0 -0.022139865)
(1.6464148 0 -0.025535013)
(1.6464148 0 -0.029092457)
(1.6464148 0 -0.032819954)
(1.6464148 0 -0.036725632)
(1.6464148 0 -0.04081801)
(1.6464148 0 -0.045106013)
(1.6464148 0 -0.04959899)
(1.6464148 0 -0.054306741)
(1.6464148 0 -0.059239532)
(1.7047182 0 -0.0023368179)
(1.7047182 0 -1.2741339e-17)
(1.7047182 0 -0.0047853404)
(1.7047182 0 -0.0073509073)
(1.7047182 0 -0.010039114)
(1.7047182 0 -0.012855822)
(1.7047182 0 -0.015807174)
(1.7047182 0 -0.018899607)
(1.7047182 0 -0.022139865)
(1.7047182 0 -0.025535013)
(1.7047182 0 -0.029092457)
(1.7047182 0 -0.032819954)
(1.7047182 0 -0.036725632)
(1.7047182 0 -0.04081801)
(1.7047182 0 -0.045106013)
(1.7047182 0 -0.04959899)
(1.7047182 0 -0.054306741)
(1.7047182 0 -0.059239532)
(1.7665676 0 -0.0023368179)
(1.7665676 0 -1.2398007e-17)
(1.7665676 0 -0.0047853404)
(1.7665676 0 -0.0073509073)
(1.7665676 0 -0.010039114)
(1.7665676 0 -0.012855822)
(1.7665676 0 -0.015807174)
(1.7665676 0 -0.018899607)
(1.7665676 0 -0.022139865)
(1.7665676 0 -0.025535013)
(1.7665676 0 -0.029092457)
(1.7665676 0 -0.032819954)
(1.7665676 0 -0.036725632)
(1.7665676 0 -0.04081801)
(1.7665676 0 -0.045106013)
(1.7665676 0 -0.04959899)
(1.7665676 0 -0.054306741)
(1.7665676 0 -0.059239532)
(1.8321785 0 -0.0023368179)
(1.8321785 0 -1.2033794e-17)
(1.8321785 0 -0.0047853404)
(1.8321785 0 -0.0073509073)
(1.8321785 0 -0.010039114)
(1.8321785 0 -0.012855822)
(1.8321785 0 -0.015807174)
(1.8321785 0 -0.018899607)
(1.8321785 0 -0.022139865)
(1.8321785 0 -0.025535013)
(1.8321785 0 -0.029092457)
(1.8321785 0 -0.032819954)
(1.8321785 0 -0.036725632)
(1.8321785 0 -0.04081801)
(1.8321785 0 -0.045106013)
(1.8321785 0 -0.04959899)
(1.8321785 0 -0.054306741)
(1.8321785 0 -0.059239532)
(1.9017798 0 -0.0023368179)
(1.9017798 0 -1.164743e-17)
(1.9017798 0 -0.0047853404)
(1.9017798 0 -0.0073509073)
(1.9017798 0 -0.010039114)
(1.9017798 0 -0.012855822)
(1.9017798 0 -0.015807174)
(1.9017798 0 -0.018899607)
(1.9017798 0 -0.022139865)
(1.9017798 0 -0.025535013)
(1.9017798 0 -0.029092457)
(1.9017798 0 -0.032819954)
(1.9017798 0 -0.036725632)
(1.9017798 0 -0.04081801)
(1.9017798 0 -0.045106013)
(1.9017798 0 -0.04959899)
(1.9017798 0 -0.054306741)
(1.9017798 0 -0.059239532)
(1.9756141 0 -0.0023368179)
(1.9756141 0 -1.1237569e-17)
(1.9756141 0 -0.0047853404)
(1.9756141 0 -0.0073509073)
(1.9756141 0 -0.010039114)
(1.9756141 0 -0.012855822)
(1.9756141 0 -0.015807174)
(1.9756141 0 -0.018899607)
(1.9756141 0 -0.022139865)
(1.9756141 0 -0.025535013)
(1.9756141 0 -0.029092457)
(1.9756141 0 -0.032819954)
(1.9756141 0 -0.036725632)
(1.9756141 0 -0.04081801)
(1.9756141 0 -0.045106013)
(1.9756141 0 -0.04959899)
(1.9756141 0 -0.054306741)
(1.9756141 0 -0.059239532)
(2.0539389 0 -0.0023368179)
(2.0539389 0 -1.080278e-17)
(2.0539389 0 -0.0047853404)
(2.0539389 0 -0.0073509073)
(2.0539389 0 -0.010039114)
(2.0539389 0 -0.012855822)
(2.0539389 0 -0.015807174)
(2.0539389 0 -0.018899607)
(2.0539389 0 -0.022139865)
(2.0539389 0 -0.025535013)
(2.0539389 0 -0.029092457)
(2.0539389 0 -0.032819954)
(2.0539389 0 -0.036725632)
(2.0539389 0 -0.04081801)
(2.0539389 0 -0.045106013)
(2.0539389 0 -0.04959899)
(2.0539389 0 -0.054306741)
(2.0539389 0 -0.059239532)
(2.1370272 0 -0.0023368179)
(2.1370272 0 -1.0341548e-17)
(2.1370272 0 -0.0047853404)
(2.1370272 0 -0.0073509073)
(2.1370272 0 -0.010039114)
(2.1370272 0 -0.012855822)
(2.1370272 0 -0.015807174)
(2.1370272 0 -0.018899607)
(2.1370272 0 -0.022139865)
(2.1370272 0 -0.025535013)
(2.1370272 0 -0.029092457)
(2.1370272 0 -0.032819954)
(2.1370272 0 -0.036725632)
(2.1370272 0 -0.04081801)
(2.1370272 0 -0.045106013)
(2.1370272 0 -0.04959899)
(2.1370272 0 -0.054306741)
(2.1370272 0 -0.059239532)
(2.2251689 0 -0.0023368179)
(2.2251689 0 -9.8522648e-18)
(2.2251689 0 -0.0047853404)
(2.2251689 0 -0.0073509073)
(2.2251689 0 -0.010039114)
(2.2251689 0 -0.012855822)
(2.2251689 0 -0.015807174)
(2.2251689 0 -0.018899607)
(2.2251689 0 -0.022139865)
(2.2251689 0 -0.025535013)
(2.2251689 0 -0.029092457)
(2.2251689 0 -0.032819954)
(2.2251689 0 -0.036725632)
(2.2251689 0 -0.04081801)
(2.2251689 0 -0.045106013)
(2.2251689 0 -0.04959899)
(2.2251689 0 -0.054306741)
(2.2251689 0 -0.059239532)
(2.3186712 0 -0.0023368179)
(2.3186712 0 -9.3332241e-18)
(2.3186712 0 -0.0047853404)
(2.3186712 0 -0.0073509073)
(2.3186712 0 -0.010039114)
(2.3186712 0 -0.012855822)
(2.3186712 0 -0.015807174)
(2.3186712 0 -0.018899607)
(2.3186712 0 -0.022139865)
(2.3186712 0 -0.025535013)
(2.3186712 0 -0.029092457)
(2.3186712 0 -0.032819954)
(2.3186712 0 -0.036725632)
(2.3186712 0 -0.04081801)
(2.3186712 0 -0.045106013)
(2.3186712 0 -0.04959899)
(2.3186712 0 -0.054306741)
(2.3186712 0 -0.059239532)
(2.4178602 0 -0.0023368179)
(2.4178602 0 -8.7826163e-18)
(2.4178602 0 -0.0047853404)
(2.4178602 0 -0.0073509073)
(2.4178602 0 -0.010039114)
(2.4178602 0 -0.012855822)
(2.4178602 0 -0.015807174)
(2.4178602 0 -0.018899607)
(2.4178602 0 -0.022139865)
(2.4178602 0 -0.025535013)
(2.4178602 0 -0.029092457)
(2.4178602 0 -0.032819954)
(2.4178602 0 -0.036725632)
(2.4178602 0 -0.04081801)
(2.4178602 0 -0.045106013)
(2.4178602 0 -0.04959899)
(2.4178602 0 -0.054306741)
(2.4178602 0 -0.059239532)
(2.5230817 0 -0.0023368179)
(2.5230817 0 -8.1985214e-18)
(2.5230817 0 -0.0047853404)
(2.5230817 0 -0.0073509073)
(2.5230817 0 -0.010039114)
(2.5230817 0 -0.012855822)
(2.5230817 0 -0.015807174)
(2.5230817 0 -0.018899607)
(2.5230817 0 -0.022139865)
(2.5230817 0 -0.025535013)
(2.5230817 0 -0.029092457)
(2.5230817 0 -0.032819954)
(2.5230817 0 -0.036725632)
(2.5230817 0 -0.04081801)
(2.5230817 0 -0.045106013)
(2.5230817 0 -0.04959899)
(2.5230817 0 -0.054306741)
(2.5230817 0 -0.059239532)
(2.6347025 0 -0.0023368179)
(2.6347025 0 -7.5789027e-18)
(2.6347025 0 -0.0047853404)
(2.6347025 0 -0.0073509073)
(2.6347025 0 -0.010039114)
(2.6347025 0 -0.012855822)
(2.6347025 0 -0.015807174)
(2.6347025 0 -0.018899607)
(2.6347025 0 -0.022139865)
(2.6347025 0 -0.025535013)
(2.6347025 0 -0.029092457)
(2.6347025 0 -0.032819954)
(2.6347025 0 -0.036725632)
(2.6347025 0 -0.04081801)
(2.6347025 0 -0.045106013)
(2.6347025 0 -0.04959899)
(2.6347025 0 -0.054306741)
(2.6347025 0 -0.059239532)
(2.753112 0 -0.0023368179)
(2.753112 0 -6.9216e-18)
(2.753112 0 -0.0047853404)
(2.753112 0 -0.0073509073)
(2.753112 0 -0.010039114)
(2.753112 0 -0.012855822)
(2.753112 0 -0.015807174)
(2.753112 0 -0.018899607)
(2.753112 0 -0.022139865)
(2.753112 0 -0.025535013)
(2.753112 0 -0.029092457)
(2.753112 0 -0.032819954)
(2.753112 0 -0.036725632)
(2.753112 0 -0.04081801)
(2.753112 0 -0.045106013)
(2.753112 0 -0.04959899)
(2.753112 0 -0.054306741)
(2.753112 0 -0.059239532)
(2.8787229 0 -0.0023368179)
(2.8787229 0 -6.2243211e-18)
(2.8787229 0 -0.0047853404)
(2.8787229 0 -0.0073509073)
(2.8787229 0 -0.010039114)
(2.8787229 0 -0.012855822)
(2.8787229 0 -0.015807174)
(2.8787229 0 -0.018899607)
(2.8787229 0 -0.022139865)
(2.8787229 0 -0.025535013)
(2.8787229 0 -0.029092457)
(2.8787229 0 -0.032819954)
(2.8787229 0 -0.036725632)
(2.8787229 0 -0.04081801)
(2.8787229 0 -0.045106013)
(2.8787229 0 -0.04959899)
(2.8787229 0 -0.054306741)
(2.8787229 0 -0.059239532)
(3.0119733 0 -0.0023368179)
(3.0119733 0 -5.4846349e-18)
(3.0119733 0 -0.0047853404)
(3.0119733 0 -0.0073509073)
(3.0119733 0 -0.010039114)
(3.0119733 0 -0.012855822)
(3.0119733 0 -0.015807174)
(3.0119733 0 -0.018899607)
(3.0119733 0 -0.022139865)
(3.0119733 0 -0.025535013)
(3.0119733 0 -0.029092457)
(3.0119733 0 -0.032819954)
(3.0119733 0 -0.036725632)
(3.0119733 0 -0.04081801)
(3.0119733 0 -0.045106013)
(3.0119733 0 -0.04959899)
(3.0119733 0 -0.054306741)
(3.0119733 0 -0.059239532)
(3.1533278 0 -0.0023368179)
(3.1533278 0 -4.6999621e-18)
(3.1533278 0 -0.0047853404)
(3.1533278 0 -0.0073509073)
(3.1533278 0 -0.010039114)
(3.1533278 0 -0.012855822)
(3.1533278 0 -0.015807174)
(3.1533278 0 -0.018899607)
(3.1533278 0 -0.022139865)
(3.1533278 0 -0.025535013)
(3.1533278 0 -0.029092457)
(3.1533278 0 -0.032819954)
(3.1533278 0 -0.036725632)
(3.1533278 0 -0.04081801)
(3.1533278 0 -0.045106013)
(3.1533278 0 -0.04959899)
(3.1533278 0 -0.054306741)
(3.1533278 0 -0.059239532)
(3.3032792 0 -0.0023368179)
(3.3032792 0 -3.8675669e-18)
(3.3032792 0 -0.0047853404)
(3.3032792 0 -0.0073509073)
(3.3032792 0 -0.010039114)
(3.3032792 0 -0.012855822)
(3.3032792 0 -0.015807174)
(3.3032792 0 -0.018899607)
(3.3032792 0 -0.022139865)
(3.3032792 0 -0.025535013)
(3.3032792 0 -0.029092457)
(3.3032792 0 -0.032819954)
(3.3032792 0 -0.036725632)
(3.3032792 0 -0.04081801)
(3.3032792 0 -0.045106013)
(3.3032792 0 -0.04959899)
(3.3032792 0 -0.054306741)
(3.3032792 0 -0.059239532)
(3.4623504 0 -0.0023368179)
(3.4623504 0 -2.9845468e-18)
(3.4623504 0 -0.0047853404)
(3.4623504 0 -0.0073509073)
(3.4623504 0 -0.010039114)
(3.4623504 0 -0.012855822)
(3.4623504 0 -0.015807174)
(3.4623504 0 -0.018899607)
(3.4623504 0 -0.022139865)
(3.4623504 0 -0.025535013)
(3.4623504 0 -0.029092457)
(3.4623504 0 -0.032819954)
(3.4623504 0 -0.036725632)
(3.4623504 0 -0.04081801)
(3.4623504 0 -0.045106013)
(3.4623504 0 -0.04959899)
(3.4623504 0 -0.054306741)
(3.4623504 0 -0.059239532)
(3.631096 0 -0.0023368179)
(3.631096 0 -2.0478228e-18)
(3.631096 0 -0.0047853404)
(3.631096 0 -0.0073509073)
(3.631096 0 -0.010039114)
(3.631096 0 -0.012855822)
(3.631096 0 -0.015807174)
(3.631096 0 -0.018899607)
(3.631096 0 -0.022139865)
(3.631096 0 -0.025535013)
(3.631096 0 -0.029092457)
(3.631096 0 -0.032819954)
(3.631096 0 -0.036725632)
(3.631096 0 -0.04081801)
(3.631096 0 -0.045106013)
(3.631096 0 -0.04959899)
(3.631096 0 -0.054306741)
(3.631096 0 -0.059239532)
(3.8101045 0 -0.0023368179)
(3.8101045 0 -1.0541288e-18)
(3.8101045 0 -0.0047853404)
(3.8101045 0 -0.0073509073)
(3.8101045 0 -0.010039114)
(3.8101045 0 -0.012855822)
(3.8101045 0 -0.015807174)
(3.8101045 0 -0.018899607)
(3.8101045 0 -0.022139865)
(3.8101045 0 -0.025535013)
(3.8101045 0 -0.029092457)
(3.8101045 0 -0.032819954)
(3.8101045 0 -0.036725632)
(3.8101045 0 -0.04081801)
(3.8101045 0 -0.045106013)
(3.8101045 0 -0.04959899)
(3.8101045 0 -0.054306741)
(3.8101045 0 -0.059239532)
(4 0 -0.0023368179)
(4 0 0)
(4 0 -0.0047853404)
(4 0 -0.0073509073)
(4 0 -0.010039114)
(4 0 -0.012855822)
(4 0 -0.015807174)
(4 0 -0.018899607)
(4 0 -0.022139865)
(4 0 -0.025535013)
(4 0 -0.029092457)
(4 0 -0.032819954)
(4 0 -0.036725632)
(4 0 -0.04081801)
(4 0 -0.045106013)
(4 0 -0.04959899)
(4 0 -0.054306741)
(4 0 -0.059239532)
(1.1072209 0 0.0023368179)
(1.1327314 0 0.0023368179)
(1.1327314 0 0.0047853404)
(1.1327314 0 0.0073509073)
(1.1597935 0 0.0023368179)
(1.1597935 0 0.0047853404)
(1.1597935 0 0.0073509073)
(1.1885014 0 0.0023368179)
(1.1885014 0 0.0047853404)
(1.1885014 0 0.0073509073)
(1.1885014 0 0.010039114)
(1.1885014 0 0.012855822)
(1.1885014 0 0.015807174)
(1.1885014 0 0.018899607)
(1.1885014 0 0.022139865)
(1.1885014 0 0.025535013)
(1.1885014 0 0.029092457)
(1.1885014 0 0.032819954)
(1.1885014 0 0.036725632)
(1.1885014 0 0.04081801)
(1.1885014 0 0.045106013)
(1.1885014 0 0.04959899)
(1.1885014 0 0.054306741)
(1.1885014 0 0.059239532)
(1.1885014 0 0.06440812)
(1.1885014 0 0.069823778)
(1.1885014 0 0.075498315)
(1.1885014 0 0.081444106)
(1.1885014 0 0.087674119)
(1.1885014 0 0.094201938)
(1.1885014 0 0.1010418)
(1.1885014 0 0.10820862)
(1.1885014 0 0.11571803)
(1.1885014 0 0.12358641)
(1.1885014 0 0.13183091)
(1.1885014 0 0.14046952)
(1.1885014 0 0.14952106)
(1.2189553 0 0.0023368179)
(1.2189553 0 0.0047853404)
(1.2189553 0 0.0073509073)
(1.2189553 0 0.010039114)
(1.2189553 0 0.012855822)
(1.2189553 0 0.015807174)
(1.2189553 0 0.018899607)
(1.2189553 0 0.022139865)
(1.2189553 0 0.025535013)
(1.2189553 0 0.029092457)
(1.2189553 0 0.032819954)
(1.2189553 0 0.036725632)
(1.2189553 0 0.04081801)
(1.2189553 0 0.045106013)
(1.2189553 0 0.04959899)
(1.2189553 0 0.054306741)
(1.2189553 0 0.059239532)
(1.2189553 0 0.06440812)
(1.2189553 0 0.069823778)
(1.2189553 0 0.075498315)
(1.2189553 0 0.081444106)
(1.2189553 0 0.087674119)
(1.2189553 0 0.094201938)
(1.2189553 0 0.1010418)
(1.2189553 0 0.10820862)
(1.2189553 0 0.11571803)
(1.2189553 0 0.12358641)
(1.2189553 0 0.13183091)
(1.2189553 0 0.14046952)
(1.2189553 0 0.14952106)
(1.2512614 0 0.0023368179)
(1.2512614 0 0.0047853404)
(1.2512614 0 0.0073509073)
(1.2512614 0 0.010039114)
(1.2512614 0 0.012855822)
(1.2512614 0 0.015807174)
(1.2512614 0 0.018899607)
(1.2512614 0 0.022139865)
(1.2512614 0 0.025535013)
(1.2512614 0 0.029092457)
(1.2512614 0 0.032819954)
(1.2512614 0 0.036725632)
(1.2512614 0 0.04081801)
(1.2512614 0 0.045106013)
(1.2512614 0 0.04959899)
(1.2512614 0 0.054306741)
(1.2512614 0 0.059239532)
(1.2512614 0 0.06440812)
(1.2512614 0 0.069823778)
(1.2512614 0 0.075498315)
(1.2512614 0 0.081444106)
(1.2512614 0 0.087674119)
(1.2512614 0 0.094201938)
(1.2512614 0 0.1010418)
(1.2512614 0 0.10820862)
(1.2512614 0 0.11571803)
(1.2512614 0 0.12358641)
(1.2512614 0 0.13183091)
(1.2512614 0 0.14046952)
(1.2512614 0 0.14952106)
(1.2855322 0 0.0023368179)
(1.2855322 0 0.0047853404)
(1.2855322 0 0.0073509073)
(1.2855322 0 0.010039114)
(1.2855322 0 0.012855822)
(1.2855322 0 0.015807174)
(1.2855322 0 0.018899607)
(1.2855322 0 0.022139865)
(1.2855322 0 0.025535013)
(1.2855322 0 0.029092457)
(1.2855322 0 0.032819954)
(1.2855322 0 0.036725632)
(1.2855322 0 0.04081801)
(1.2855322 0 0.045106013)
(1.2855322 0 0.04959899)
(1.2855322 0 0.054306741)
(1.2855322 0 0.059239532)
(1.2855322 0 0.06440812)
(1.2855322 0 0.069823778)
(1.2855322 0 0.075498315)
(1.2855322 0 0.081444106)
(1.2855322 0 0.087674119)
(1.2855322 0 0.094201938)
(1.2855322 0 0.1010418)
(1.2855322 0 0.10820862)
(1.2855322 0 0.11571803)
(1.2855322 0 0.12358641)
(1.2855322 0 0.13183091)
(1.2855322 0 0.14046952)
(1.2855322 0 0.14952106)
(1.3218874 0 0.0023368179)
(1.3218874 0 0.0047853404)
(1.3218874 0 0.0073509073)
(1.3218874 0 0.010039114)
(1.3218874 0 0.012855822)
(1.3218874 0 0.015807174)
(1.3218874 0 0.018899607)
(1.3218874 0 0.022139865)
(1.3218874 0 0.025535013)
(1.3218874 0 0.029092457)
(1.3218874 0 0.032819954)
(1.3218874 0 0.036725632)
(1.3218874 0 0.04081801)
(1.3218874 0 0.045106013)
(1.3218874 0 0.04959899)
(1.3218874 0 0.054306741)
(1.3218874 0 0.059239532)
(1.3218874 0 0.06440812)
(1.3218874 0 0.069823778)
(1.3218874 0 0.075498315)
(1.3218874 0 0.081444106)
(1.3218874 0 0.087674119)
(1.3218874 0 0.094201938)
(1.3218874 0 0.1010418)
(1.3218874 0 0.10820862)
(1.3218874 0 0.11571803)
(1.3218874 0 0.12358641)
(1.3218874 0 0.13183091)
(1.3218874 0 0.14046952)
(1.3218874 0 0.14952106)
(1.3604536 0 0.0023368179)
(1.3604536 0 0.0047853404)
(1.3604536 0 0.0073509073)
(1.3604536 0 0.010039114)
(1.3604536 0 0.012855822)
(1.3604536 0 0.015807174)
(1.3604536 0 0.018899607)
(1.3604536 0 0.022139865)
(1.3604536 0 0.025535013)
(1.3604536 0 0.029092457)
(1.3604536 0 0.032819954)
(1.3604536 0 0.036725632)
(1.3604536 0 0.04081801)
(1.3604536 0 0.045106013)
(1.3604536 0 0.04959899)
(1.3604536 0 0.054306741)
(1.3604536 0 0.059239532)
(1.3604536 0 0.06440812)
(1.3604536 0 0.069823778)
(1.3604536 0 0.075498315)
(1.3604536 0 0.081444106)
(1.3604536 0 0.087674119)
(1.3604536 0 0.094201938)
(1.3604536 0 0.1010418)
(1.3604536 0 0.10820862)
(1.3604536 0 0.11571803)
(1.3604536 0 0.12358641)
(1.3604536 0 0.13183091)
(1.3604536 0 0.14046952)
(1.3604536 0 0.14952106)
(1.4013653 0 0.0023368179)
(1.4013653 0 0.0047853404)
(1.4013653 0 0.0073509073)
(1.4013653 0 0.010039114)
(1.4013653 0 0.012855822)
(1.4013653 0 0.015807174)
(1.4013653 0 0.018899607)
(1.4013653 0 0.022139865)
(1.4013653 0 0.025535013)
(1.4013653 0 0.029092457)
(1.4013653 0 0.032819954)
(1.4013653 0 0.036725632)
(1.4013653 0 0.04081801)
(1.4013653 0 0.045106013)
(1.4013653 0 0.04959899)
(1.4013653 0 0.054306741)
(1.4013653 0 0.059239532)
(1.4013653 0 0.06440812)
(1.4013653 0 0.069823778)
(1.4013653 0 0.075498315)
(1.4013653 0 0.081444106)
(1.4013653 0 0.087674119)
(1.4013653 0 0.094201938)
(1.4013653 0 0.1010418)
(1.4013653 0 0.10820862)
(1.4013653 0 0.11571803)
(1.4013653 0 0.12358641)
(1.4013653 0 0.13183091)
(1.4013653 0 0.14046952)
(1.4013653 0 0.14952106)
(1.4447652 0 0.0023368179)
(1.4447652 0 0.0047853404)
(1.4447652 0 0.0073509073)
(1.4447652 0 0.010039114)
(1.4447652 0 0.012855822)
(1.4447652 0 0.015807174)
(1.4447652 0 0.018899607)
(1.4447652 0 0.022139865)
(1.4447652 0 0.025535013)
(1.4447652 0 0.029092457)
(1.4447652 0 0.032819954)
(1.4447652 0 0.036725632)
(1.4447652 0 0.04081801)
(1.4447652 0 0.045106013)
(1.4447652 0 0.04959899)
(1.4447652 0 0.054306741)
(1.4447652 0 0.059239532)
(1.4447652 0 0.06440812)
(1.4447652 0 0.069823778)
(1.4447652 0 0.075498315)
(1.4447652 0 0.081444106)
(1.4447652 0 0.087674119)
(1.4447652 0 0.094201938)
(1.4447652 0 0.1010418)
(1.4447652 0 0.10820862)
(1.4447652 0 0.11571803)
(1.4447652 0 0.12358641)
(1.4447652 0 0.13183091)
(1.4447652 0 0.14046952)
(1.4447652 0 0.14952106)
(1.4908047 0 0.0023368179)
(1.4908047 0 0.0047853404)
(1.4908047 0 0.0073509073)
(1.4908047 0 0.010039114)
(1.4908047 0 0.012855822)
(1.4908047 0 0.015807174)
(1.4908047 0 0.018899607)
(1.4908047 0 0.022139865)
(1.4908047 0 0.025535013)
(1.4908047 0 0.029092457)
(1.4908047 0 0.032819954)
(1.4908047 0 0.036725632)
(1.4908047 0 0.04081801)
(1.4908047 0 0.045106013)
(1.4908047 0 0.04959899)
(1.4908047 0 0.054306741)
(1.4908047 0 0.059239532)
(1.4908047 0 0.06440812)
(1.4908047 0 0.069823778)
(1.4908047 0 0.075498315)
(1.4908047 0 0.081444106)
(1.4908047 0 0.087674119)
(1.4908047 0 0.094201938)
(1.4908047 0 0.1010418)
(1.4908047 0 0.10820862)
(1.4908047 0 0.11571803)
(1.4908047 0 0.12358641)
(1.4908047 0 0.13183091)
(1.4908047 0 0.14046952)
(1.4908047 0 0.14952106)
(1.5396442 0 0.0023368179)
(1.5396442 0 0.0047853404)
(1.5396442 0 0.0073509073)
(1.5396442 0 0.010039114)
(1.5396442 0 0.012855822)
(1.5396442 0 0.015807174)
(1.5396442 0 0.018899607)
(1.5396442 0 0.022139865)
(1.5396442 0 0.025535013)
(1.5396442 0 0.029092457)
(1.5396442 0 0.032819954)
(1.5396442 0 0.036725632)
(1.5396442 0 0.04081801)
(1.5396442 0 0.045106013)
(1.5396442 0 0.04959899)
(1.5396442 0 0.054306741)
(1.5396442 0 0.059239532)
(1.5396442 0 0.06440812)
(1.5396442 0 0.069823778)
(1.5396442 0 0.075498315)
(1.5396442 0 0.081444106)
(1.5396442 0 0.087674119)
(1.5396442 0 0.094201938)
(1.5396442 0 0.1010418)
(1.5396442 0 0.10820862)
(1.5396442 0 0.11571803)
(1.5396442 0 0.12358641)
(1.5396442 0 0.13183091)
(1.5396442 0 0.14046952)
(1.5396442 0 0.14952106)
(1.591454 0 0.0023368179)
(1.591454 0 0.0047853404)
(1.591454 0 0.0073509073)
(1.591454 0 0.010039114)
(1.591454 0 0.012855822)
(1.591454 0 0.015807174)
(1.591454 0 0.018899607)
(1.591454 0 0.022139865)
(1.591454 0 0.025535013)
(1.591454 0 0.029092457)
(1.591454 0 0.032819954)
(1.591454 0 0.036725632)
(1.591454 0 0.04081801)
(1.591454 0 0.045106013)
(1.591454 0 0.04959899)
(1.591454 0 0.054306741)
(1.591454 0 0.059239532)
(1.591454 0 0.06440812)
(1.591454 0 0.069823778)
(1.591454 0 0.075498315)
(1.591454 0 0.081444106)
(1.591454 0 0.087674119)
(1.591454 0 0.094201938)
(1.591454 0 0.1010418)
(1.591454 0 0.10820862)
(1.591454 0 0.11571803)
(1.591454 0 0.12358641)
(1.591454 0 0.13183091)
(1.591454 0 0.14046952)
(1.591454 0 0.14952106)
(1.6464148 0 0.0023368179)
(1.6464148 0 0.0047853404)
(1.6464148 0 0.0073509073)
(1.6464148 0 0.010039114)
(1.6464148 0 0.012855822)
(1.6464148 0 0.015807174)
(1.6464148 0 0.018899607)
(1.6464148 0 0.022139865)
(1.6464148 0 0.025535013)
(1.6464148 0 0.029092457)
(1.6464148 0 0.032819954)
(1.6464148 0 0.036725632)
(1.6464148 0 0.04081801)
(1.6464148 0 0.045106013)
(1.6464148 0 0.04959899)
(1.6464148 0 0.054306741)
(1.6464148 0 0.059239532)
(1.6464148 0 0.06440812)
(1.6464148 0 0.069823778)
(1.6464148 0 0.075498315)
(1.6464148 0 0.081444106)
(1.6464148 0 0.087674119)
(1.6464148 0 0.094201938)
(1.6464148 0 0.1010418)
(1.6464148 0 0.10820862)
(1.6464148 0 0.11571803)
(1.6464148 0 0.12358641)
(1.6464148 0 0.13183091)
(1.6464148 0 0.14046952)
(1.6464148 0 0.14952106)
(1.7047182 0 0.0023368179)
(1.7047182 0 0.0047853404)
(1.7047182 0 0.0073509073)
(1.7047182 0 0.010039114)
(1.7047182 0 0.012855822)
(1.7047182 0 0.015807174)
(1.7047182 0 0.018899607)
(1.7047182 0 0.022139865)
(1.7047182 0 0.025535013)
(1.7047182 0 0.029092457)
(1.7047182 0 0.032819954)
(1.7047182 0 0.036725632)
(1.7047182 0 0.04081801)
(1.7047182 0 0.045106013)
(1.7047182 0 0.04959899)
(1.7047182 0 0.054306741)
(1.7047182 0 0.059239532)
(1.7047182 0 0.06440812)
(1.7047182 0 0.069823778)
(1.7047182 0 0.075498315)
(1.7047182 0 0.081444106)
(1.7047182 0 0.087674119)
(1.7047182 0 0.094201938)
(1.7047182 0 0.1010418)
(1.7047182 0 0.10820862)
(1.7047182 0 0.11571803)
(1.7047182 0 0.12358641)
(1.7047182 0 0.13183091)
(1.7047182 0 0.14046952)
(1.7047182 0 0.14952106)
(1.7665676 0 0.0023368179)
(1.7665676 0 0.0047853404)
(1.7665676 0 0.0073509073)
(1.7665676 0 0.010039114)
(1.7665676 0 0.012855822)
(1.7665676 0 0.015807174)
(1.7665676 0 0.018899607)
(1.7665676 0 0.022139865)
(1.7665676 0 0.025535013)
(1.7665676 0 0.029092457)
(1.7665676 0 0.032819954)
(1.7665676 0 0.036725632)
(1.7665676 0 0.04081801)
(1.7665676 0 0.045106013)
(1.7665676 0 0.04959899)
(1.7665676 0 0.054306741)
(1.7665676 0 0.059239532)
(1.7665676 0 0.06440812)
(1.7665676 0 0.069823778)
(1.7665676 0 0.075498315)
(1.7665676 0 0.081444106)
(1.7665676 0 0.087674119)
(1.7665676 0 0.094201938)
(1.7665676 0 0.1010418)
(1.7665676 0 0.10820862)
(1.7665676 0 0.11571803)
(1.7665676 0 0.12358641)
(1.7665676 0 0.13183091)
(1.7665676 0 0.14046952)
(1.7665676 0 0.14952106)
(1.8321785 0 0.0023368179)
(1.8321785 0 0.0047853404)
(1.8321785 0 0.0073509073)
(1.8321785 0 0.010039114)
(1.8321785 0 0.012855822)
(1.8321785 0 0.015807174)
(1.8321785 0 0.018899607)
(1.8321785 0 0.022139865)
(1.8321785 0 0.025535013)
(1.8321785 0 0.029092457)
(1.8321785 0 0.032819954)
(1.8321785 0 0.036725632)
(1.8321785 0 0.04081801)
(1.8321785 0 0.045106013)
(1.8321785 0 0.04959899)
(1.8321785 0 0.054306741)
(1.8321785 0 0.059239532)
(1.8321785 0 0.06440812)
(1.8321785 0 0.069823778)
(1.8321785 0 0.075498315)
(1.8321785 0 0.081444106)
(1.8321785 0 0.087674119)
(1.8321785 0 0.094201938)
(1.8321785 0 0.1010418)
(1.8321785 0 0.10820862)
(1.8321785 0 0.11571803)
(1.8321785 0 0.12358641)
(1.8321785 0 0.13183091)
(1.8321785 0 0.14046952)
(1.8321785 0 0.14952106)
(1.9017798 0 0.0023368179)
(1.9017798 0 0.0047853404)
(1.9017798 0 0.0073509073)
(1.9017798 0 0.010039114)
(1.9017798 0 0.012855822)
(1.9017798 0 0.015807174)
(1.9017798 0 0.018899607)
(1.9017798 0 0.022139865)
(1.9017798 0 0.025535013)
(1.9017798 0 0.029092457)
(1.9017798 0 0.032819954)
(1.9017798 0 0.036725632)
(1.9017798 0 0.04081801)
(1.9017798 0 0.045106013)
(1.9017798 0 0.04959899)
(1.9017798 0 0.054306741)
(1.9017798 0 0.059239532)
(1.9017798 0 0.06440812)
(1.9017798 0 0.069823778)
(1.9017798 0 0.075498315)
(1.9017798 0 0.081444106)
(1.9017798 0 0.087674119)
(1.9017798 0 0.094201938)
(1.9017798 0 0.1010418)
(1.9017798 0 0.10820862)
(1.9017798 0 0.11571803)
(1.9017798 0 0.12358641)
(1.9017798 0 0.13183091)
(1.9017798 0 0.14046952)
(1.9017798 0 0.14952106)
(1.9756141 0 0.0023368179)
(1.9756141 0 0.0047853404)
(1.9756141 0 0.0073509073)
(1.9756141 0 0.010039114)
(1.9756141 0 0.012855822)
(1.9756141 0 0.015807174)
(1.9756141 0 0.018899607)
(1.9756141 0 0.022139865)
(1.9756141 0 0.025535013)
(1.9756141 0 0.029092457)
(1.9756141 0 0.032819954)
(1.9756141 0 0.036725632)
(1.9756141 0 0.04081801)
(1.9756141 0 0.045106013)
(1.9756141 0 0.04959899)
(1.9756141 0 0.054306741)
(1.9756141 0 0.059239532)
(1.9756141 0 0.06440812)
(1.9756141 0 0.069823778)
(1.9756141 0 0.075498315)
(1.9756141 0 0.081444106)
(1.9756141 0 0.087674119)
(1.9756141 0 0.094201938)
(1.9756141 0 0.1010418)
(1.9756141 0 0.10820862)
(1.9756141 0 0.11571803)
(1.9756141 0 0.12358641)
(1.9756141 0 0.13183091)
(1.9756141 0 0.14046952)
(1.9756141 0 0.14952106)
(2.0539389 0 0.0023368179)
(2.0539389 0 0.0047853404)
(2.0539389 0 0.0073509073)
(2.0539389 0 0.010039114)
(2.0539389 0 0.012855822)
(2.0539389 0 0.015807174)
(2.0539389 0 0.018899607)
(2.0539389 0 0.022139865)
(2.0539389 0 0.025535013)
(2.0539389 0 0.029092457)
(2.0539389 0 0.032819954)
(2.0539389 0 0.036725632)
(2.0539389 0 0.04081801)
(2.0539389 0 0.045106013)
(2.0539389 0 0.04959899)
(2.0539389 0 0.054306741)
(2.0539389 0 0.059239532)
(2.0539389 0 0.06440812)
(2.0539389 0 0.069823778)
(2.0539389 0 0.075498315)
(2.0539389 0 0.081444106)
(2.0539389 0 0.087674119)
(2.0539389 0 0.094201938)
(2.0539389 0 0.1010418)
(2.0539389 0 0.10820862)
(2.0539389 0 0.11571803)
(2.0539389 0 0.12358641)
(2.0539389 0 0.13183091)
(2.0539389 0 0.14046952)
(2.0539389 0 0.14952106)
(2.1370272 0 0.0023368179)
(2.1370272 0 0.0047853404)
(2.1370272 0 0.0073509073)
(2.1370272 0 0.010039114)
(2.1370272 0 0.012855822)
(2.1370272 0 0.015807174)
(2.1370272 0 0.018899607)
(2.1370272 0 0.022139865)
(2.1370272 0 0.025535013)
(2.1370272 0 0.029092457)
(2.1370272 0 0.032819954)
(2.1370272 0 0.036725632)
(2.1370272 0 0.04081801)
(2.1370272 0 0.045106013)
(2.1370272 0 0.04959899)
(2.1370272 0 0.054306741)
(2.1370272 0 0.059239532)
(2.1370272 0 0.06440812)
(2.1370272 0 0.069823778)
(2.1370272 0 0.075498315)
(2.1370272 0 0.081444106)
(2.1370272 0 0.087674119)
(2.1370272 0 0.094201938)
(2.1370272 0 0.1010418)
(2.1370272 0 0.10820862)
(2.1370272 0 0.11571803)
(2.1370272 0 0.12358641)
(2.1370272 0 0.13183091)
(2.1370272 0 0.14046952)
(2.1370272 0 0.14952106)
(2.2251689 0 0.0023368179)
(2.2251689 0 0.0047853404)
(2.2251689 0 0.0073509073)
(2.2251689 0 0.010039114)
(2.2251689 0 0.012855822)
(2.2251689 0 0.015807174)
(2.2251689 0 0.018899607)
(2.2251689 0 0.022139865)
(2.2251689 0 0.025535013)
(2.2251689 0 0.029092457)
(2.2251689 0 0.032819954)
(2.2251689 0 0.036725632)
(2.2251689 0 0.04081801)
(2.2251689 0 0.045106013)
(2.2251689 0 0.04959899)
(2.2251689 0 0.054306741)
(2.2251689 0 0.059239532)
(2.2251689 0 0.06440812)
(2.2251689 0 0.069823778)
(2.2251689 0 0.075498315)
(2.2251689 0 0.081444106)
(2.2251689 0 0.087674119)
(2.2251689 0 0.094201938)
(2.2251689 0 0.1010418)
(2.2251689 0 0.10820862)
(2.2251689 0 0.11571803)
(2.2251689 0 0.12358641)
(2.2251689 0 0.13183091)
(2.2251689 0 0.14046952)
(2.2251689 0 0.14952106)
(2.3186712 0 0.0023368179)
(2.3186712 0 0.0047853404)
(2.3186712 0 0.0073509073)
(2.3186712 0 0.010039114)
(2.3186712 0 0.012855822)
(2.3186712 0 0.015807174)
(2.3186712 0 0.018899607)
(2.3186712 0 0.022139865)
(2.3186712 0 0.025535013)
(2.3186712 0 0.029092457)
(2.3186712 0 0.032819954)
(2.3186712 0 0.036725632)
(2.3186712 0 0.04081801)
(2.3186712 0 0.045106013)
(2.3186712 0 0.04959899)
(2.3186712 0 0.054306741)
(2.3186712 0 0.059239532)
(2.3186712 0 0.06440812)
(2.3186712 0 0.069823778)
(2.3186712 0 0.075498315)
(2.3186712 0 0.081444106)
(2.3186712 0 0.087674119)
(2.3186712 0 0.094201938)
(2.3186712 0 0.1010418)
(2.3186712 0 0.10820862)
(2.3186712 0 0.11571803)
(2.3186712 0 0.12358641)
(2.3186712 0 0.13183091)
(2.3186712 0 0.14046952)
(2.3186712 0 0.14952106)
(2.4178602 0 0.0023368179)
(2.4178602 0 0.0047853404)
(2.4178602 0 0.0073509073)
(2.4178602 0 0.010039114)
(2.4178602 0 0.012855822)
(2.4178602 0 0.015807174)
(2.4178602 0 0.018899607)
(2.4178602 0 0.022139865)
(2.4178602 0 0.025535013)
(2.4178602 0 0.029092457)
(2.4178602 0 0.032819954)
(2.4178602 0 0.036725632)
(2.4178602 0 0.04081801)
(2.4178602 0 0.045106013)
(2.4178602 0 0.04959899)
(2.4178602 0 0.054306741)
(2.4178602 0 0.059239532)
(2.4178602 0 0.06440812)
(2.4178602 0 0.069823778)
(2.4178602 0 0.075498315)
(2.4178602 0 0.081444106)
(2.4178602 0 0.087674119)
(2.4178602 0 0.094201938)
(2.4178602 0 0.1010418)
(2.4178602 0 0.10820862)
(2.4178602 0 0.11571803)
(2.4178602 0 0.12358641)
(2.4178602 0 0.13183091)
(2.4178602 0 0.14046952)
(2.4178602 0 0.14952106)
(2.5230817 0 0.0023368179)
(2.5230817 0 0.0047853404)
(2.5230817 0 0.0073509073)
(2.5230817 0 0.010039114)
(2.5230817 0 0.012855822)
(2.5230817 0 0.015807174)
(2.5230817 0 0.018899607)
(2.5230817 0 0.022139865)
(2.5230817 0 0.025535013)
(2.5230817 0 0.029092457)
(2.5230817 0 0.032819954)
(2.5230817 0 0.036725632)
(2.5230817 0 0.04081801)
(2.5230817 0 0.045106013)
(2.5230817 0 0.04959899)
(2.5230817 0 0.054306741)
(2.5230817 0 0.059239532)
(2.5230817 0 0.06440812)
(2.5230817 0 0.069823778)
(2.5230817 0 0.075498315)
(2.5230817 0 0.081444106)
(2.5230817 0 0.087674119)
(2.5230817 0 0.094201938)
(2.5230817 0 0.1010418)
(2.5230817 0 0.10820862)
(2.5230817 0 0.11571803)
(2.5230817 0 0.12358641)
(2.5230817 0 0.13183091)
(2.5230817 0 0.14046952)
(2.5230817 0 0.14952106)
(2.6347025 0 0.0023368179)
(2.6347025 0 0.0047853404)
(2.6347025 0 0.0073509073)
(2.6347025 0 0.010039114)
(2.6347025 0 0.012855822)
(2.6347025 0 0.015807174)
(2.6347025 0 0.018899607)
(2.6347025 0 0.022139865)
(2.6347025 0 0.025535013)
(2.6347025 0 0.029092457)
(2.6347025 0 0.032819954)
(2.6347025 0 0.036725632)
(2.6347025 0 0.04081801)
(2.6347025 0 0.045106013)
(2.6347025 0 0.04959899)
(2.6347025 0 0.054306741)
(2.6347025 0 0.059239532)
(2.6347025 0 0.06440812)
(2.6347025 0 0.069823778)
(2.6347025 0 0.075498315)
(2.6347025 0 0.081444106)
(2.6347025 0 0.087674119)
(2.6347025 0 0.094201938)
(2.6347025 0 0.1010418)
(2.6347025 0 0.10820862)
(2.6347025 0 0.11571803)
(2.6347025 0 0.12358641)
(2.6347025 0 0.13183091)
(2.6347025 0 0.14046952)
(2.6347025 0 0.14952106)
(2.753112 0 0.0023368179)
(2.753112 0 0.0047853404)
(2.753112 0 0.0073509073)
(2.753112 0 0.010039114)
(2.753112 0 0.012855822)
(2.753112 0 0.015807174)
(2.753112 0 0.018899607)
(2.753112 0 0.022139865)
(2.753112 0 0.025535013)
(2.753112 0 0.029092457)
(2.753112 0 0.032819954)
(2.753112 0 0.036725632)
(2.753112 0 0.04081801)
(2.753112 0 0.045106013)
(2.753112 0 0.04959899)
(2.753112 0 0.054306741)
(2.753112 0 0.059239532)
(2.753112 0 0.06440812)
(2.753112 0 0.069823778)
(2.753112 0 0.075498315)
(2.753112 0 0.081444106)
(2.753112 0 0.087674119)
(2.753112 0 0.094201938)
(2.753112 0 0.1010418)
(2.753112 0 0.10820862)
(2.753112 0 0.11571803)
(2.753112 0 0.12358641)
(2.753112 0 0.13183091)
(2.753112 0 0.14046952)
(2.753112 0 0.14952106)
(2.8787229 0 0.0023368179)
(2.8787229 0 0.0047853404)
(2.8787229 0 0.0073509073)
(2.8787229 0 0.010039114)
(2.8787229 0 0.012855822)
(2.8787229 0 0.015807174)
(2.8787229 0 0.018899607)
(2.8787229 0 0.022139865)
(2.8787229 0 0.025535013)
(2.8787229 0 0.029092457)
(2.8787229 0 0.032819954)
(2.8787229 0 0.036725632)
(2.8787229 0 0.04081801)
(2.8787229 0 0.045106013)
(2.8787229 0 0.04959899)
(2.8787229 0 0.054306741)
(2.8787229 0 0.059239532)
(2.8787229 0 0.06440812)
(2.8787229 0 0.069823778)
(2.8787229 0 0.075498315)
(2.8787229 0 0.081444106)
(2.8787229 0 0.087674119)
(2.8787229 0 0.094201938)
(2.8787229 0 0.1010418)
(2.8787229 0 0.10820862)
(2.8787229 0 0.11571803)
(2.8787229 0 0.12358641)
(2.8787229 0 0.13183091)
(2.8787229 0 0.14046952)
(2.8787229 0 0.14952106)
(3.0119733 0 0.0023368179)
(3.0119733 0 0.0047853404)
(3.0119733 0 0.0073509073)
(3.0119733 0 0.010039114)
(3.0119733 0 0.012855822)
(3.0119733 0 0.015807174)
(3.0119733 0 0.018899607)
(3.0119733 0 0.022139865)
(3.0119733 0 0.025535013)
(3.0119733 0 0.029092457)
(3.0119733 0 0.032819954)
(3.0119733 0 0.036725632)
(3.0119733 0 0.04081801)
(3.0119733 0 0.045106013)
(3.0119733 0 0.04959899)
(3.0119733 0 0.054306741)
(3.0119733 0 0.059239532)
(3.0119733 0 0.06440812)
(3.0119733 0 0.069823778)
(3.0119733 0 0.075498315)
(3.0119733 0 0.081444106)
(3.0119733 0 0.087674119)
(3.0119733 0 0.094201938)
(3.0119733 0 0.1010418)
(3.0119733 0 0.10820862)
(3.0119733 0 0.11571803)
(3.0119733 0 0.12358641)
(3.0119733 0 0.13183091)
(3.0119733 0 0.14046952)
(3.0119733 0 0.14952106)
(3.1533278 0 0.0023368179)
(3.1533278 0 0.0047853404)
(3.1533278 0 0.0073509073)
(3.1533278 0 0.010039114)
(3.1533278 0 0.012855822)
(3.1533278 0 0.015807174)
(3.1533278 0 0.018899607)
(3.1533278 0 0.022139865)
(3.1533278 0 0.025535013)
(3.1533278 0 0.029092457)
(3.1533278 0 0.032819954)
(3.1533278 0 0.036725632)
(3.1533278 0 0.04081801)
(3.1533278 0 0.045106013)
(3.1533278 0 0.04959899)
(3.1533278 0 0.054306741)
(3.1533278 0 0.059239532)
(3.1533278 0 0.06440812)
(3.1533278 0 0.069823778)
(3.1533278 0 0.075498315)
(3.1533278 0 0.081444106)
(3.1533278 0 0.087674119)
(3.1533278 0 0.094201938)
(3.1533278 0 0.1010418)
(3.1533278 0 0.10820862)
(3.1533278 0 0.11571803)
(3.1533278 0 0.12358641)
(3.1533278 0 0.13183091)
(3.1533278 0 0.14046952)
(3.1533278 0 0.14952106)
(3.3032792 0 0.0023368179)
(3.3032792 0 0.0047853404)
(3.3032792 0 0.0073509073)
(3.3032792 0 0.010039114)
(3.3032792 0 0.012855822)
(3.3032792 0 0.015807174)
(3.3032792 0 0.018899607)
(3.3032792 0 0.022139865)
(3.3032792 0 0.025535013)
(3.3032792 0 0.029092457)
(3.3032792 0 0.032819954)
(3.3032792 0 0.036725632)
(3.3032792 0 0.04081801)
(3.3032792 0 0.045106013)
(3.3032792 0 0.04959899)
(3.3032792 0 0.054306741)
(3.3032792 0 0.059239532)
(3.3032792 0 0.06440812)
(3.3032792 0 0.069823778)
(3.3032792 0 0.075498315)
(3.3032792 0 0.081444106)
(3.3032792 0 0.087674119)
(3.3032792 0 0.094201938)
(3.3032792 0 0.1010418)
(3.3032792 0 0.10820862)
(3.3032792 0 0.11571803)
(3.3032792 0 0.12358641)
(3.3032792 0 0.13183091)
(3.3032792 0 0.14046952)
(3.3032792 0 0.14952106)
(3.4623504 0 0.0023368179)
(3.4623504 0 0.0047853404)
(3.4623504 0 0.0073509073)
(3.4623504 0 0.010039114)
(3.4623504 0 0.012855822)
(3.4623504 0 0.015807174)
(3.4623504 0 0.018899607)
(3.4623504 0 0.022139865)
(3.4623504 0 0.025535013)
(3.4623504 0 0.029092457)
(3.4623504 0 0.032819954)
(3.4623504 0 0.036725632)
(3.4623504 0 0.04081801)
(3.4623504 0 0.045106013)
(3.4623504 0 0.04959899)
(3.4623504 0 0.054306741)
(3.4623504 0 0.059239532)
(3.4623504 0 0.06440812)
(3.4623504 0 0.069823778)
(3.4623504 0 0.075498315)
(3.4623504 0 0.081444106)
(3.4623504 0 0.087674119)
(3.4623504 0 0.094201938)
(3.4623504 0 0.1010418)
(3.4623504 0 0.10820862)
(3.4623504 0 0.11571803)
(3.4623504 0 0.12358641)
(3.4623504 0 0.13183091)
(3.4623504 0 0.14046952)
(3.4623504 0 0.14952106)
(3.631096 0 0.0023368179)
(3.631096 0 0.0047853404)
(3.631096 0 0.0073509073)
(3.631096 0 0.010039114)
(3.631096 0 0.012855822)
(3.631096 0 0.015807174)
(3.631096 0 0.018899607)
(3.631096 0 0.022139865)
(3.631096 0 0.025535013)
(3.631096 0 0.029092457)
(3.631096 0 0.032819954)
(3.631096 0 0.036725632)
(3.631096 0 0.04081801)
(3.631096 0 0.045106013)
(3.631096 0 0.04959899)
(3.631096 0 0.054306741)
(3.631096 0 0.059239532)
(3.631096 0 0.06440812)
(3.631096 0 0.069823778)
(3.631096 0 0.075498315)
(3.631096 0 0.081444106)
(3.631096 0 0.087674119)
(3.631096 0 0.094201938)
(3.631096 0 0.1010418)
(3.631096 0 0.10820862)
(3.631096 0 0.11571803)
(3.631096 0 0.12358641)
(3.631096 0 0.13183091)
(3.631096 0 0.14046952)
(3.631096 0 0.14952106)
(3.8101045 0 0.0023368179)
(3.8101045 0 0.0047853404)
(3.8101045 0 0.0073509073)
(3.8101045 0 0.010039114)
(3.8101045 0 0.012855822)
(3.8101045 0 0.015807174)
(3.8101045 0 0.018899607)
(3.8101045 0 0.022139865)
(3.8101045 0 0.025535013)
(3.8101045 0 0.029092457)
(3.8101045 0 0.032819954)
(3.8101045 0 0.036725632)
(3.8101045 0 0.04081801)
(3.8101045 0 0.045106013)
(3.8101045 0 0.04959899)
(3.8101045 0 0.054306741)
(3.8101045 0 0.059239532)
(3.8101045 0 0.06440812)
(3.8101045 0 0.069823778)
(3.8101045 0 0.075498315)
(3.8101045 0 0.081444106)
(3.8101045 0 0.087674119)
(3.8101045 0 0.094201938)
(3.8101045 0 0.1010418)
(3.8101045 0 0.10820862)
(3.8101045 0 0.11571803)
(3.8101045 0 0.12358641)
(3.8101045 0 0.13183091)
(3.8101045 0 0.14046952)
(3.8101045 0 0.14952106)
(4 0 0.0023368179)
(4 0 0.0047853404)
(4 0 0.0073509073)
(4 0 0.010039114)
(4 0 0.012855822)
(4 0 0.015807174)
(4 0 0.018899607)
(4 0 0.022139865)
(4 0 0.025535013)
(4 0 0.029092457)
(4 0 0.032819954)
(4 0 0.036725632)
(4 0 0.04081801)
(4 0 0.045106013)
(4 0 0.04959899)
(4 0 0.054306741)
(4 0 0.059239532)
(4 0 0.06440812)
(4 0 0.069823778)
(4 0 0.075498315)
(4 0 0.081444106)
(4 0 0.087674119)
(4 0 0.094201938)
(4 0 0.1010418)
(4 0 0.10820862)
(4 0 0.11571803)
(4 0 0.12358641)
(4 0 0.13183091)
(4 0 0.14046952)
(4 0 0.14952106)
(1.0189895 -0.1 -0.0023368179)
(1.0189895 -0.1 -1.6547887e-17)
(1.0189895 -0.1 -0.0047853404)
(1.0189895 -0.1 -0.0073509073)
(1.0189895 -0.1 -0.010039114)
(1.0189895 -0.1 -0.012855822)
(1.0189895 -0.1 -0.015807174)
(1.0189895 -0.1 -0.018899607)
(1.0189895 -0.1 -0.022139865)
(1.0189895 -0.1 -0.025535013)
(1.0189895 -0.1 -0.029092457)
(1.0189895 -0.1 -0.032819954)
(1.0189895 -0.1 -0.036725632)
(1.0189895 -0.1 -0.04081801)
(1.0189895 -0.1 -0.045106013)
(1.0189895 -0.1 -0.04959899)
(1.039134 -0.1 -0.0023368179)
(1.039134 -0.1 -1.6436063e-17)
(1.039134 -0.1 -0.0047853404)
(1.039134 -0.1 -0.0073509073)
(1.039134 -0.1 -0.010039114)
(1.039134 -0.1 -0.012855822)
(1.039134 -0.1 -0.015807174)
(1.039134 -0.1 -0.018899607)
(1.039134 -0.1 -0.022139865)
(1.039134 -0.1 -0.025535013)
(1.039134 -0.1 -0.029092457)
(1.039134 -0.1 -0.032819954)
(1.039134 -0.1 -0.036725632)
(1.039134 -0.1 -0.04081801)
(1.039134 -0.1 -0.045106013)
(1.039134 -0.1 -0.04959899)
(1.0605036 -0.1 -0.0023368179)
(1.0605036 -0.1 -1.6317438e-17)
(1.0605036 -0.1 -0.0047853404)
(1.0605036 -0.1 -0.0073509073)
(1.0605036 -0.1 -0.010039114)
(1.0605036 -0.1 -0.012855822)
(1.0605036 -0.1 -0.015807174)
(1.0605036 -0.1 -0.018899607)
(1.0605036 -0.1 -0.022139865)
(1.0605036 -0.1 -0.025535013)
(1.0605036 -0.1 -0.029092457)
(1.0605036 -0.1 -0.032819954)
(1.0605036 -0.1 -0.036725632)
(1.0605036 -0.1 -0.04081801)
(1.0605036 -0.1 -0.045106013)
(1.0605036 -0.1 -0.04959899)
(1.0831729 -0.1 -0.0023368179)
(1.0831729 -0.1 -1.6191599e-17)
(1.0831729 -0.1 -0.0047853404)
(1.0831729 -0.1 -0.0073509073)
(1.0831729 -0.1 -0.010039114)
(1.0831729 -0.1 -0.012855822)
(1.0831729 -0.1 -0.015807174)
(1.0831729 -0.1 -0.018899607)
(1.0831729 -0.1 -0.022139865)
(1.0831729 -0.1 -0.025535013)
(1.0831729 -0.1 -0.029092457)
(1.0831729 -0.1 -0.032819954)
(1.0831729 -0.1 -0.036725632)
(1.0831729 -0.1 -0.04081801)
(1.0831729 -0.1 -0.045106013)
(1.0831729 -0.1 -0.04959899)
(1.1072209 -0.1 -0.0023368179)
(1.1072209 -0.1 -1.6058106e-17)
(1.1072209 -0.1 -0.0047853404)
(1.1072209 -0.1 -0.0073509073)
(1.1072209 -0.1 -0.010039114)
(1.1072209 -0.1 -0.012855822)
(1.1072209 -0.1 -0.015807174)
(1.1072209 -0.1 -0.018899607)
(1.1072209 -0.1 -0.022139865)
(1.1072209 -0.1 -0.025535013)
(1.1072209 -0.1 -0.029092457)
(1.1072209 -0.1 -0.032819954)
(1.1072209 -0.1 -0.036725632)
(1.1072209 -0.1 -0.04081801)
(1.1072209 -0.1 -0.045106013)
(1.1072209 -0.1 -0.04959899)
(1.1327314 -0.1 -0.0023368179)
(1.1327314 -0.1 -1.5916495e-17)
(1.1327314 -0.1 -0.0047853404)
(1.1327314 -0.1 -0.0073509073)
(1.1327314 -0.1 -0.010039114)
(1.1327314 -0.1 -0.012855822)
(1.1327314 -0.1 -0.015807174)
(1.1327314 -0.1 -0.018899607)
(1.1327314 -0.1 -0.022139865)
(1.1327314 -0.1 -0.025535013)
(1.1327314 -0.1 -0.029092457)
(1.1327314 -0.1 -0.032819954)
(1.1327314 -0.1 -0.036725632)
(1.1327314 -0.1 -0.04081801)
(1.1327314 -0.1 -0.045106013)
(1.1327314 -0.1 -0.04959899)
(1.1597935 -0.1 -0.0023368179)
(1.1597935 -0.1 -1.576627e-17)
(1.1597935 -0.1 -0.0047853404)
(1.1597935 -0.1 -0.0073509073)
(1.1597935 -0.1 -0.010039114)
(1.1597935 -0.1 -0.012855822)
(1.1597935 -0.1 -0.015807174)
(1.1597935 -0.1 -0.018899607)
(1.1597935 -0.1 -0.022139865)
(1.1597935 -0.1 -0.025535013)
(1.1597935 -0.1 -0.029092457)
(1.1597935 -0.1 -0.032819954)
(1.1597935 -0.1 -0.036725632)
(1.1597935 -0.1 -0.04081801)
(1.1597935 -0.1 -0.045106013)
(1.1597935 -0.1 -0.04959899)
(1.1885014 -0.1 -0.0023368179)
(1.1885014 -0.1 -1.560691e-17)
(1.1885014 -0.1 -0.0047853404)
(1.1885014 -0.1 -0.0073509073)
(1.1885014 -0.1 -0.010039114)
(1.1885014 -0.1 -0.012855822)
(1.1885014 -0.1 -0.015807174)
(1.1885014 -0.1 -0.018899607)
(1.1885014 -0.1 -0.022139865)
(1.1885014 -0.1 -0.025535013)
(1.1885014 -0.1 -0.029092457)
(1.1885014 -0.1 -0.032819954)
(1.1885014 -0.1 -0.036725632)
(1.1885014 -0.1 -0.04081801)
(1.1885014 -0.1 -0.045106013)
(1.1885014 -0.1 -0.04959899)
(1.1885014 -0.1 -0.054306741)
(1.1885014 -0.1 -0.059239532)
(1.2189553 -0.1 -0.0023368179)
(1.2189553 -0.1 -1.5437857e-17)
(1.2189553 -0.1 -0.0047853404)
(1.2189553 -0.1 -0.0073509073)
(1.2189553 -0.1 -0.010039114)
(1.2189553 -0.1 -0.012855822)
(1.2189553 -0.1 -0.015807174)
(1.2189553 -0.1 -0.018899607)
(1.2189553 -0.1 -0.022139865)
(1.2189553 -0.1 -0.025535013)
(1.2189553 -0.1 -0.029092457)
(1.2189553 -0.1 -0.032819954)
(1.2189553 -0.1 -0.036725632)
(1.2189553 -0.1 -0.04081801)
(1.2189553 -0.1 -0.045106013)
(1.2189553 -0.1 -0.04959899)
(1.2189553 -0.1 -0.054306741)
(1.2189553 -0.1 -0.059239532)
(1.2512614 -0.1 -0.0023368179)
(1.2512614 -0.1 -1.5258523e-17)
(1.2512614 -0.1 -0.0047853404)
(1.2512614 -0.1 -0.0073509073)
(1.2512614 -0.1 -0.010039114)
(1.2512614 -0.1 -0.012855822)
(1.2512614 -0.1 -0.015807174)
(1.2512614 -0.1 -0.018899607)
(1.2512614 -0.1 -0.022139865)
(1.2512614 -0.1 -0.025535013)
(1.2512614 -0.1 -0.029092457)
(1.2512614 -0.1 -0.032819954)
(1.2512614 -0.1 -0.036725632)
(1.2512614 -0.1 -0.04081801)
(1.2512614 -0.1 -0.045106013)
(1.2512614 -0.1 -0.04959899)
(1.2512614 -0.1 -0.054306741)
(1.2512614 -0.1 -0.059239532)
(1.2855322 -0.1 -0.0023368179)
(1.2855322 -0.1 -1.5068282e-17)
(1.2855322 -0.1 -0.0047853404)
(1.2855322 -0.1 -0.0073509073)
(1.2855322 -0.1 -0.010039114)
(1.2855322 -0.1 -0.012855822)
(1.2855322 -0.1 -0.015807174)
(1.2855322 -0.1 -0.018899607)
(1.2855322 -0.1 -0.022139865)
(1.2855322 -0.1 -0.025535013)
(1.2855322 -0.1 -0.029092457)
(1.2855322 -0.1 -0.032819954)
(1.2855322 -0.1 -0.036725632)
(1.2855322 -0.1 -0.04081801)
(1.2855322 -0.1 -0.045106013)
(1.2855322 -0.1 -0.04959899)
(1.2855322 -0.1 -0.054306741)
(1.2855322 -0.1 -0.059239532)
(1.3218874 -0.1 -0.0023368179)
(1.3218874 -0.1 -1.4866471e-17)
(1.3218874 -0.1 -0.0047853404)
(1.3218874 -0.1 -0.0073509073)
(1.3218874 -0.1 -0.010039114)
(1.3218874 -0.1 -0.012855822)
(1.3218874 -0.1 -0.015807174)
(1.3218874 -0.1 -0.018899607)
(1.3218874 -0.1 -0.022139865)
(1.3218874 -0.1 -0.025535013)
(1.3218874 -0.1 -0.029092457)
(1.3218874 -0.1 -0.032819954)
(1.3218874 -0.1 -0.036725632)
(1.3218874 -0.1 -0.04081801)
(1.3218874 -0.1 -0.045106013)
(1.3218874 -0.1 -0.04959899)
(1.3218874 -0.1 -0.054306741)
(1.3218874 -0.1 -0.059239532)
(1.3604536 -0.1 -0.0023368179)
(1.3604536 -0.1 -1.4652386e-17)
(1.3604536 -0.1 -0.0047853404)
(1.3604536 -0.1 -0.0073509073)
(1.3604536 -0.1 -0.010039114)
(1.3604536 -0.1 -0.012855822)
(1.3604536 -0.1 -0.015807174)
(1.3604536 -0.1 -0.018899607)
(1.3604536 -0.1 -0.022139865)
(1.3604536 -0.1 -0.025535013)
(1.3604536 -0.1 -0.029092457)
(1.3604536 -0.1 -0.032819954)
(1.3604536 -0.1 -0.036725632)
(1.3604536 -0.1 -0.04081801)
(1.3604536 -0.1 -0.045106013)
(1.3604536 -0.1 -0.04959899)
(1.3604536 -0.1 -0.054306741)
(1.3604536 -0.1 -0.059239532)
(1.4013653 -0.1 -0.0023368179)
(1.4013653 -0.1 -1.4425281e-17)
(1.4013653 -0.1 -0.0047853404)
(1.4013653 -0.1 -0.0073509073)
(1.4013653 -0.1 -0.010039114)
(1.4013653 -0.1 -0.012855822)
(1.4013653 -0.1 -0.015807174)
(1.4013653 -0.1 -0.018899607)
(1.4013653 -0.1 -0.022139865)
(1.4013653 -0.1 -0.025535013)
(1.4013653 -0.1 -0.029092457)
(1.4013653 -0.1 -0.032819954)
(1.4013653 -0.1 -0.036725632)
(1.4013653 -0.1 -0.04081801)
(1.4013653 -0.1 -0.045106013)
(1.4013653 -0.1 -0.04959899)
(1.4013653 -0.1 -0.054306741)
(1.4013653 -0.1 -0.059239532)
(1.4447652 -0.1 -0.0023368179)
(1.4447652 -0.1 -1.4184364e-17)
(1.4447652 -0.1 -0.0047853404)
(1.4447652 -0.1 -0.0073509073)
(1.4447652 -0.1 -0.010039114)
(1.4447652 -0.1 -0.012855822)
(1.4447652 -0.1 -0.015807174)
(1.4447652 -0.1 -0.018899607)
(1.4447652 -0.1 -0.022139865)
(1.4447652 -0.1 -0.025535013)
(1.4447652 -0.1 -0.029092457)
(1.4447652 -0.1 -0.032819954)
(1.4447652 -0.1 -0.036725632)
(1.4447652 -0.1 -0.04081801)
(1.4447652 -0.1 -0.045106013)
(1.4447652 -0.1 -0.04959899)
(1.4447652 -0.1 -0.054306741)
(1.4447652 -0.1 -0.059239532)
(1.4908047 -0.1 -0.0023368179)
(1.4908047 -0.1 -1.3928794e-17)
(1.4908047 -0.1 -0.0047853404)
(1.4908047 -0.1 -0.0073509073)
(1.4908047 -0.1 -0.010039114)
(1.4908047 -0.1 -0.012855822)
(1.4908047 -0.1 -0.015807174)
(1.4908047 -0.1 -0.018899607)
(1.4908047 -0.1 -0.022139865)
(1.4908047 -0.1 -0.025535013)
(1.4908047 -0.1 -0.029092457)
(1.4908047 -0.1 -0.032819954)
(1.4908047 -0.1 -0.036725632)
(1.4908047 -0.1 -0.04081801)
(1.4908047 -0.1 -0.045106013)
(1.4908047 -0.1 -0.04959899)
(1.4908047 -0.1 -0.054306741)
(1.4908047 -0.1 -0.059239532)
(1.5396442 -0.1 -0.0023368179)
(1.5396442 -0.1 -1.3657681e-17)
(1.5396442 -0.1 -0.0047853404)
(1.5396442 -0.1 -0.0073509073)
(1.5396442 -0.1 -0.010039114)
(1.5396442 -0.1 -0.012855822)
(1.5396442 -0.1 -0.015807174)
(1.5396442 -0.1 -0.018899607)
(1.5396442 -0.1 -0.022139865)
(1.5396442 -0.1 -0.025535013)
(1.5396442 -0.1 -0.029092457)
(1.5396442 -0.1 -0.032819954)
(1.5396442 -0.1 -0.036725632)
(1.5396442 -0.1 -0.04081801)
(1.5396442 -0.1 -0.045106013)
(1.5396442 -0.1 -0.04959899)
(1.5396442 -0.1 -0.054306741)
(1.5396442 -0.1 -0.059239532)
(1.591454 -0.1 -0.0023368179)
(1.591454 -0.1 -1.337008e-17)
(1.591454 -0.1 -0.0047853404)
(1.591454 -0.1 -0.0073509073)
(1.591454 -0.1 -0.010039114)
(1.591454 -0.1 -0.012855822)
(1.591454 -0.1 -0.015807174)
(1.591454 -0.1 -0.018899607)
(1.591454 -0.1 -0.022139865)
(1.591454 -0.1 -0.025535013)
(1.591454 -0.1 -0.029092457)
(1.591454 -0.1 -0.032819954)
(1.591454 -0.1 -0.036725632)
(1.591454 -0.1 -0.04081801)
(1.591454 -0.1 -0.045106013)
(1.591454 -0.1 -0.04959899)
(1.591454 -0.1 -0.054306741)
(1.591454 -0.1 -0.059239532)
(1.6464148 -0.1 -0.0023368179)
(1.6464148 -0.1 -1.3064987e-17)
(1.6464148 -0.1 -0.0047853404)
(1.6464148 -0.1 -0.0073509073)
(1.6464148 -0.1 -0.010039114)
(1.6464148 -0.1 -0.012855822)
(1.6464148 -0.1 -0.015807174)
(1.6464148 -0.1 -0.018899607)
(1.6464148 -0.1 -0.022139865)
(1.6464148 -0.1 -0.025535013)
(1.6464148 -0.1 -0.029092457)
(1.6464148 -0.1 -0.032819954)
(1.6464148 -0.1 -0.036725632)
(1.6464148 -0.1 -0.04081801)
(1.6464148 -0.1 -0.045106013)
(1.6464148 -0.1 -0.04959899)
(1.6464148 -0.1 -0.054306741)
(1.6464148 -0.1 -0.059239532)
(1.7047182 -0.1 -0.0023368179)
(1.7047182 -0.1 -1.2741339e-17)
(1.7047182 -0.1 -0.0047853404)
(1.7047182 -0.1 -0.0073509073)
(1.7047182 -0.1 -0.010039114)
(1.7047182 -0.1 -0.012855822)
(1.7047182 -0.1 -0.015807174)
(1.7047182 -0.1 -0.018899607)
(1.7047182 -0.1 -0.022139865)
(1.7047182 -0.1 -0.025535013)
(1.7047182 -0.1 -0.029092457)
(1.7047182 -0.1 -0.032819954)
(1.7047182 -0.1 -0.036725632)
(1.7047182 -0.1 -0.04081801)
(1.7047182 -0.1 -0.045106013)
(1.7047182 -0.1 -0.04959899)
(1.7047182 -0.1 -0.054306741)
(1.7047182 -0.1 -0.059239532)
(1.7665676 -0.1 -0.0023368179)
(1.7665676 -0.1 -1.2398007e-17)
(1.7665676 -0.1 -0.0047853404)
(1.7665676 -0.1 -0.0073509073)
(1.7665676 -0.1 -0.010039114)
(1.7665676 -0.1 -0.012855822)
(1.7665676 -0.1 -0.015807174)
(1.7665676 -0.1 -0.018899607)
(1.7665676 -0.1 -0.022139865)
(1.7665676 -0.1 -0.025535013)
(1.7665676 -0.1 -0.029092457)
(1.7665676 -0.1 -0.032819954)
(1.7665676 -0.1 -0.036725632)
(1.7665676 -0.1 -0.04081801)
(1.7665676 -0.1 -0.045106013)
(1.7665676 -0.1 -0.04959899)
(1.7665676 -0.1 -0.054306741)
(1.7665676 -0.1 -0.059239532)
(1.8321785 -0.1 -0.0023368179)
(1.8321785 -0.1 -1.2033794e-17)
(1.8321785 -0.1 -0.0047853404)
(1.8321785 -0.1 -0.0073509073)
(1.8321785 -0.1 -0.010039114)
(1.8321785 -0.1 -0.012855822)
(1.8321785 -0.1 -0.015807174)
(1.8321785 -0.1 -0.018899607)
(1.8321785 -0.1 -0.022139865)
(1.8321785 -0.1 -0.025535013)
(1.8321785 -0.1 -0.029092457)
(1.8321785 -0.1 -0.032819954)
(1.8321785 -0.1 -0.036725632)
(1.8321785 -0.1 -0.04081801)
(1.8321785 -0.1 -0.045106013)
(1.8321785 -0.1 -0.04959899)
(1.8321785 -0.1 -0.054306741)
(1.8321785 -0.1 -0.059239532)
(1.9017798 -0.1 -0.0023368179)
(1.9017798 -0.1 -1.164743e-17)
(1.9017798 -0.1 -0.0047853404)
(1.9017798 -0.1 -0.0073509073)
(1.9017798 -0.1 -0.010039114)
(1.9017798 -0.1 -0.012855822)
(1.9017798 -0.1 -0.015807174)
(1.9017798 -0.1 -0.018899607)
(1.9017798 -0.1 -0.022139865)
(1.9017798 -0.1 -0.025535013)
(1.9017798 -0.1 -0.029092457)
(1.9017798 -0.1 -0.032819954)
(1.9017798 -0.1 -0.036725632)
(1.9017798 -0.1 -0.04081801)
(1.9017798 -0.1 -0.045106013)
(1.9017798 -0.1 -0.04959899)
(1.9017798 -0.1 -0.054306741)
(1.9017798 -0.1 -0.059239532)
(1.9756141 -0.1 -0.0023368179)
(1.9756141 -0.1 -1.1237569e-17)
(1.9756141 -0.1 -0.0047853404)
(1.9756141 -0.1 -0.0073509073)
(1.9756141 -0.1 -0.010039114)
(1.9756141 -0.1 -0.012855822)
(1.9756141 -0.1 -0.015807174)
(1.9756141 -0.1 -0.018899607)
(1.9756141 -0.1 -0.022139865)
(1.9756141 -0.1 -0.025535013)
(1.9756141 -0.1 -0.029092457)
(1.9756141 -0.1 -0.032819954)
(1.9756141 -0.1 -0.036725632)
(1.9756141 -0.1 -0.04081801)
(1.9756141 -0.1 -0.045106013)
(1.9756141 -0.1 -0.04959899)
(1.9756141 -0.1 -0.054306741)
(1.9756141 -0.1 -0.059239532)
(2.0539389 -0.1 -0.0023368179)
(2.0539389 -0.1 -1.080278e-17)
(2.0539389 -0.1 -0.0047853404)
(2.0539389 -0.1 -0.0073509073)
(2.0539389 -0.1 -0.010039114)
(2.0539389 -0.1 -0.012855822)
(2.0539389 -0.1 -0.015807174)
(2.0539389 -0.1 -0.018899607)
(2.0539389 -0.1 -0.022139865)
(2.0539389 -0.1 -0.025535013)
(2.0539389 -0.1 -0.029092457)
(2.0539389 -0.1 -0.032819954)
(2.0539389 -0.1 -0.036725632)
(2.0539389 -0.1 -0.04081801)
(2.0539389 -0.1 -0.045106013)
(2.0539389 -0.1 -0.04959899)
(2.0539389 -0.1 -0.054306741)
(2.0539389 -0.1 -0.059239532)
(2.1370272 -0.1 -0.0023368179)
(2.1370272 -0.1 -1.0341548e-17)
(2.1370272 -0.1 -0.0047853404)
(2.1370272 -0.1 -0.0073509073)
(2.1370272 -0.1 -0.010039114)
(2.1370272 -0.1 -0.012855822)
(2.1370272 -0.1 -0.015807174)
(2.1370272 -0.1 -0.018899607)
(2.1370272 -0.1 -0.022139865)
(2.1370272 -0.1 -0.025535013)
(2.1370272 -0.1 -0.029092457)
(2.1370272 -0.1 -0.032819954)
(2.1370272 -0.1 -0.036725632)
(2.1370272 -0.1 -0.04081801)
(2.1370272 -0.1 -0.045106013)
(2.1370272 -0.1 -0.04959899)
(2.1370272 -0.1 -0.054306741)
(2.1370272 -0.1 -0.059239532)
(2.2251689 -0.1 -0.0023368179)
(2.2251689 -0.1 -9.8522648e-18)
(2.2251689 -0.1 -0.0047853404)
(2.2251689 -0.1 -0.0073509073)
(2.2251689 -0.1 -0.010039114)
(2.2251689 -0.1 -0.012855822)
(2.2251689 -0.1 -0.015807174)
(2.2251689 -0.1 -0.018899607)
(2.2251689 -0.1 -0.022139865)
(2.2251689 -0.1 -0.025535013)
(2.2251689 -0.1 -0.029092457)
(2.2251689 -0.1 -0.032819954)
(2.2251689 -0.1 -0.036725632)
(2.2251689 -0.1 -0.04081801)
(2.2251689 -0.1 -0.045106013)
(2.2251689 -0.1 -0.04959899)
(2.2251689 -0.1 -0.054306741)
(2.2251689 -0.1 -0.059239532)
(2.3186712 -0.1 -0.0023368179)
(2.3186712 -0.1 -9.3332241e-18)
(2.3186712 -0.1 -0.0047853404)
(2.3186712 -0.1 -0.0073509073)
(2.3186712 -0.1 -0.010039114)
(2.3186712 -0.1 -0.012855822)
(2.3186712 -0.1 -0.015807174)
(2.3186712 -0.1 -0.018899607)
(2.3186712 -0.1 -0.022139865)
(2.3186712 -0.1 -0.025535013)
(2.3186712 -0.1 -0.029092457)
(2.3186712 -0.1 -0.032819954)
(2.3186712 -0.1 -0.036725632)
(2.3186712 -0.1 -0.04081801)
(2.3186712 -0.1 -0.045106013)
(2.3186712 -0.1 -0.04959899)
(2.3186712 -0.1 -0.054306741)
(2.3186712 -0.1 -0.059239532)
(2.4178602 -0.1 -0.0023368179)
(2.4178602 -0.1 -8.7826163e-18)
(2.4178602 -0.1 -0.0047853404)
(2.4178602 -0.1 -0.0073509073)
(2.4178602 -0.1 -0.010039114)
(2.4178602 -0.1 -0.012855822)
(2.4178602 -0.1 -0.015807174)
(2.4178602 -0.1 -0.018899607)
(2.4178602 -0.1 -0.022139865)
(2.4178602 -0.1 -0.025535013)
(2.4178602 -0.1 -0.029092457)
(2.4178602 -0.1 -0.032819954)
(2.4178602 -0.1 -0.036725632)
(2.4178602 -0.1 -0.04081801)
(2.4178602 -0.1 -0.045106013)
(2.4178602 -0.1 -0.04959899)
(2.4178602 -0.1 -0.054306741)
(2.4178602 -0.1 -0.059239532)
(2.5230817 -0.1 -0.0023368179)
(2.5230817 -0.1 -8.1985214e-18)
(2.5230817 -0.1 -0.0047853404)
(2.5230817 -0.1 -0.0073509073)
(2.5230817 -0.1 -0.010039114)
(2.5230817 -0.1 -0.012855822)
(2.5230817 -0.1 -0.015807174)
(2.5230817 -0.1 -0.018899607)
(2.5230817 -0.1 -0.022139865)
(2.5230817 -0.1 -0.025535013)
(2.5230817 -0.1 -0.029092457)
(2.5230817 -0.1 -0.032819954)
(2.5230817 -0.1 -0.036725632)
(2.5230817 -0.1 -0.04081801)
(2.5230817 -0.1 -0.045106013)
(2.5230817 -0.1 -0.04959899)
(2.5230817 -0.1 -0.054306741)
(2.5230817 -0.1 -0.059239532)
(2.6347025 -0.1 -0.0023368179)
(2.6347025 -0.1 -7.5789027e-18)
(2.6347025 -0.1 -0.0047853404)
(2.6347025 -0.1 -0.0073509073)
(2.6347025 -0.1 -0.010039114)
(2.6347025 -0.1 -0.012855822)
(2.6347025 -0.1 -0.015807174)
(2.6347025 -0.1 -0.018899607)
(2.6347025 -0.1 -0.022139865)
(2.6347025 -0.1 -0.025535013)
(2.6347025 -0.1 -0.029092457)
(2.6347025 -0.1 -0.032819954)
(2.6347025 -0.1 -0.036725632)
(2.6347025 -0.1 -0.04081801)
(2.6347025 -0.1 -0.045106013)
(2.6347025 -0.1 -0.04959899)
(2.6347025 -0.1 -0.054306741)
(2.6347025 -0.1 -0.059239532)
(2.753112 -0.1 -0.0023368179)
(2.753112 -0.1 -6.9216e-18)
(2.753112 -0.1 -0.0047853404)
(2.753112 -0.1 -0.0073509073)
(2.753112 -0.1 -0.010039114)
(2.753112 -0.1 -0.012855822)
(2.753112 -0.1 -0.015807174)
(2.753112 -0.1 -0.018899607)
(2.753112 -0.1 -0.022139865)
(2.753112 -0.1 -0.025535013)
(2.753112 -0.1 -0.029092457)
(2.753112 -0.1 -0.032819954)
(2.753112 -0.1 -0.036725632)
(2.753112 -0.1 -0.04081801)
(2.753112 -0.1 -0.045106013)
(2.753112 -0.1 -0.04959899)
(2.753112 -0.1 -0.054306741)
(2.753112 -0.1 -0.059239532)
(2.8787229 -0.1 -0.0023368179)
(2.8787229 -0.1 -6.2243211e-18)
(2.8787229 -0.1 -0.0047853404)
(2.8787229 -0.1 -0.0073509073)
(2.8787229 -0.1 -0.010039114)
(2.8787229 -0.1 -0.012855822)
(2.8787229 -0.1 -0.015807174)
(2.8787229 -0.1 -0.018899607)
(2.8787229 -0.1 -0.022139865)
(2.8787229 -0.1 -0.025535013)
(2.8787229 -0.1 -0.029092457)
(2.8787229 -0.1 -0.032819954)
(2.8787229 -0.1 -0.036725632)
(2.8787229 -0.1 -0.04081801)
(2.8787229 -0.1 -0.045106013)
(2.8787229 -0.1 -0.04959899)
(2.8787229 -0.1 -0.054306741)
(2.8787229 -0.1 -0.059239532)
(3.0119733 -0.1 -0.0023368179)
(3.0119733 -0.1 -5.4846349e-18)
(3.0119733 -0.1 -0.0047853404)
(3.0119733 -0.1 -0.0073509073)
(3.0119733 -0.1 -0.010039114)
(3.0119733 -0.1 -0.012855822)
(3.0119733 -0.1 -0.015807174)
(3.0119733 -0.1 -0.018899607)
(3.0119733 -0.1 -0.022139865)
(3.0119733 -0.1 -0.025535013)
(3.0119733 -0.1 -0.029092457)
(3.0119733 -0.1 -0.032819954)
(3.0119733 -0.1 -0.036725632)
(3.0119733 -0.1 -0.04081801)
(3.0119733 -0.1 -0.045106013)
(3.0119733 -0.1 -0.04959899)
(3.0119733 -0.1 -0.054306741)
(3.0119733 -0.1 -0.059239532)
(3.1533278 -0.1 -0.0023368179)
(3.1533278 -0.1 -4.6999621e-18)
(3.1533278 -0.1 -0.0047853404)
(3.1533278 -0.1 -0.0073509073)
(3.1533278 -0.1 -0.010039114)
(3.1533278 -0.1 -0.012855822)
(3.1533278 -0.1 -0.015807174)
(3.1533278 -0.1 -0.018899607)
(3.1533278 -0.1 -0.022139865)
(3.1533278 -0.1 -0.025535013)
(3.1533278 -0.1 -0.029092457)
(3.1533278 -0.1 -0.032819954)
(3.1533278 -0.1 -0.036725632)
(3.1533278 -0.1 -0.04081801)
(3.1533278 -0.1 -0.045106013)
(3.1533278 -0.1 -0.04959899)
(3.1533278 -0.1 -0.054306741)
(3.1533278 -0.1 -0.059239532)
(3.3032792 -0.1 -0.0023368179)
(3.3032792 -0.1 -3.8675669e-18)
(3.3032792 -0.1 -0.0047853404)
(3.3032792 -0.1 -0.0073509073)
(3.3032792 -0.1 -0.010039114)
(3.3032792 -0.1 -0.012855822)
(3.3032792 -0.1 -0.015807174)
(3.3032792 -0.1 -0.018899607)
(3.3032792 -0.1 -0.022139865)
(3.3032792 -0.1 -0.025535013)
(3.3032792 -0.1 -0.029092457)
(3.3032792 -0.1 -0.032819954)
(3.3032792 -0.1 -0.036725632)
(3.3032792 -0.1 -0.04081801)
(3.3032792 -0.1 -0.045106013)
(3.3032792 -0.1 -0.04959899)
(3.3032792 -0.1 -0.054306741)
(3.3032792 -0.1 -0.059239532)
(3.4623504 -0.1 -0.0023368179)
(3.4623504 -0.1 -2.9845468e-18)
(3.4623504 -0.1 -0.0047853404)
(3.4623504 -0.1 -0.0073509073)
(3.4623504 -0.1 -0.010039114)
(3.4623504 -0.1 -0.012855822)
(3.4623504 -0.1 -0.015807174)
(3.4623504 -0.1 -0.018899607)
(3.4623504 -0.1 -0.022139865)
(3.4623504 -0.1 -0.025535013)
(3.4623504 -0.1 -0.029092457)
(3.4623504 -0.1 -0.032819954)
(3.4623504 -0.1 -0.036725632)
(3.4623504 -0.1 -0.04081801)
(3.4623504 -0.1 -0.045106013)
(3.4623504 -0.1 -0.04959899)
(3.4623504 -0.1 -0.054306741)
(3.4623504 -0.1 -0.059239532)
(3.631096 -0.1 -0.0023368179)
(3.631096 -0.1 -2.0478228e-18)
(3.631096 -0.1 -0.0047853404)
(3.631096 -0.1 -0.0073509073)
(3.631096 -0.1 -0.010039114)
(3.631096 -0.1 -0.012855822)
(3.631096 -0.1 -0.015807174)
(3.631096 -0.1 -0.018899607)
(3.631096 -0.1 -0.022139865)
(3.631096 -0.1 -0.025535013)
(3.631096 -0.1 -0.029092457)
(3.631096 -0.1 -0.032819954)
(3.631096 -0.1 -0.036725632)
(3.631096 -0.1 -0.04081801)
(3.631096 -0.1 -0.045106013)
(3.631096 -0.1 -0.04959899)
(3.631096 -0.1 -0.054306741)
(3.631096 -0.1 -0.059239532)
(3.8101045 -0.1 -0.0023368179)
(3.8101045 -0.1 -1.0541288e-18)
(3.8101045 -0.1 -0.0047853404)
(3.8101045 -0.1 -0.0073509073)
(3.8101045 -0.1 -0.010039114)
(3.8101045 -0.1 -0.012855822)
(3.8101045 -0.1 -0.015807174)
(3.8101045 -0.1 -0.018899607)
(3.8101045 -0.1 -0.022139865)
(3.8101045 -0.1 -0.025535013)
(3.8101045 -0.1 -0.029092457)
(3.8101045 -0.1 -0.032819954)
(3.8101045 -0.1 -0.036725632)
(3.8101045 -0.1 -0.04081801)
(3.8101045 -0.1 -0.045106013)
(3.8101045 -0.1 -0.04959899)
(3.8101045 -0.1 -0.054306741)
(3.8101045 -0.1 -0.059239532)
(4 -0.1 -0.0023368179)
(4 -0.1 0)
(4 -0.1 -0.0047853404)
(4 -0.1 -0.0073509073)
(4 -0.1 -0.010039114)
(4 -0.1 -0.012855822)
(4 -0.1 -0.015807174)
(4 -0.1 -0.018899607)
(4 -0.1 -0.022139865)
(4 -0.1 -0.025535013)
(4 -0.1 -0.029092457)
(4 -0.1 -0.032819954)
(4 -0.1 -0.036725632)
(4 -0.1 -0.04081801)
(4 -0.1 -0.045106013)
(4 -0.1 -0.04959899)
(4 -0.1 -0.054306741)
(4 -0.1 -0.059239532)
(1.1072209 -0.1 0.0023368179)
(1.1327314 -0.1 0.0023368179)
(1.1327314 -0.1 0.0047853404)
(1.1327314 -0.1 0.0073509073)
(1.1597935 -0.1 0.0023368179)
(1.1597935 -0.1 0.0047853404)
(1.1597935 -0.1 0.0073509073)
(1.1885014 -0.1 0.0023368179)
(1.1885014 -0.1 0.0047853404)
(1.1885014 -0.1 0.0073509073)
(1.1885014 -0.1 0.010039114)
(1.1885014 -0.1 0.012855822)
(1.1885014 -0.1 0.015807174)
(1.1885014 -0.1 0.018899607)
(1.1885014 -0.1 0.022139865)
(1.1885014 -0.1 0.025535013)
(1.1885014 -0.1 0.029092457)
(1.1885014 -0.1 0.032819954)
(1.1885014 -0.1 0.036725632)
(1.1885014 -0.1 0.04081801)
(1.1885014 -0.1 0.045106013)
(1.1885014 -0.1 0.04959899)
(1.1885014 -0.1 0.054306741)
(1.1885014 -0.1 0.059239532)
(1.1885014 -0.1 0.06440812)
(1.1885014 -0.1 0.069823778)
(1.1885014 -0.1 0.075498315)
(1.1885014 -0.1 0.081444106)
(1.1885014 -0.1 0.087674119)
(1.1885014 -0.1 0.094201938)
(1.1885014 -0.1 0.1010418)
(1.1885014 -0.1 0.10820862)
(1.1885014 -0.1 0.11571803)
(1.1885014 -0.1 0.12358641)
(1.1885014 -0.1 0.13183091)
(1.1885014 -0.1 0.14046952)
(1.1885014 -0.1 0.14952106)
(1.2189553 -0.1 0.0023368179)
(1.2189553 -0.1 0.0047853404)
(1.2189553 -0.1 0.0073509073)
(1.2189553 -0.1 0.010039114)
(1.2189553 -0.1 0.012855822)
(1.2189553 -0.1 0.015807174)
(1.2189553 -0.1 0.018899607)
(1.2189553 -0.1 0.022139865)
(1.2189553 -0.1 0.025535013)
(1.2189553 -0.1 0.029092457)
(1.2189553 -0.1 0.032819954)
(1.2189553 -0.1 0.036725632)
(1.2189553 -0.1 0.04081801)
(1.2189553 -0.1 0.045106013)
(1.2189553 -0.1 0.04959899)
(1.2189553 -0.1 0.054306741)
(1.2189553 -0.1 0.059239532)
(1.2189553 -0.1 0.06440812)
(1.2189553 -0.1 0.069823778)
(1.2189553 -0.1 0.075498315)
(1.2189553 -0.1 0.081444106)
(1.2189553 -0.1 0.087674119)
(1.2189553 -0.1 0.094201938)
(1.2189553 -0.1 0.1010418)
(1.2189553 -0.1 0.10820862)
(1.2189553 -0.1 0.11571803)
(1.2189553 -0.1 0.12358641)
(1.2189553 -0.1 0.13183091)
(1.2189553 -0.1 0.14046952)
(1.2189553 -0.1 0.14952106)
(1.2512614 -0.1 0.0023368179)
(1.2512614 -0.1 0.0047853404)
(1.2512614 -0.1 0.0073509073)
(1.2512614 -0.1 0.010039114)
(1.2512614 -0.1 0.012855822)
(1.2512614 -0.1 0.015807174)
(1.2512614 -0.1 0.018899607)
(1.2512614 -0.1 0.022139865)
(1.2512614 -0.1 0.025535013)
(1.2512614 -0.1 0.029092457)
(1.2512614 -0.1 0.032819954)
(1.2512614 -0.1 0.036725632)
(1.2512614 -0.1 0.04081801)
(1.2512614 -0.1 0.045106013)
(1.2512614 -0.1 0.04959899)
(1.2512614 -0.1 0.054306741)
(1.2512614 -0.1 0.059239532)
(1.2512614 -0.1 0.06440812)
(1.2512614 -0.1 0.069823778)
(1.2512614 -0.1 0.075498315)
(1.2512614 -0.1 0.081444106)
(1.2512614 -0.1 0.087674119)
(1.2512614 -0.1 0.094201938)
(1.2512614 -0.1 0.1010418)
(1.2512614 -0.1 0.10820862)
(1.2512614 -0.1 0.11571803)
(1.2512614 -0.1 0.12358641)
(1.2512614 -0.1 0.13183091)
(1.2512614 -0.1 0.14046952)
(1.2512614 -0.1 0.14952106)
(1.2855322 -0.1 0.0023368179)
(1.2855322 -0.1 0.0047853404)
(1.2855322 -0.1 0.0073509073)
(1.2855322 -0.1 0.010039114)
(1.2855322 -0.1 0.012855822)
(1.2855322 -0.1 0.015807174)
(1.2855322 -0.1 0.018899607)
(1.2855322 -0.1 0.022139865)
(1.2855322 -0.1 0.025535013)
(1.2855322 -0.1 0.029092457)
(1.2855322 -0.1 0.032819954)
(1.2855322 -0.1 0.036725632)
(1.2855322 -0.1 0.04081801)
(1.2855322 -0.1 0.045106013)
(1.2855322 -0.1 0.04959899)
(1.2855322 -0.1 0.054306741)
(1.2855322 -0.1 0.059239532)
(1.2855322 -0.1 0.06440812)
(1.2855322 -0.1 0.069823778)
(1.2855322 -0.1 0.075498315)
(1.2855322 -0.1 0.081444106)
(1.2855322 -0.1 0.087674119)
(1.2855322 -0.1 0.094201938)
(1.2855322 -0.1 0.1010418)
(1.2855322 -0.1 0.10820862)
(1.2855322 -0.1 0.11571803)
(1.2855322 -0.1 0.12358641)
(1.2855322 -0.1 0.13183091)
(1.2855322 -0.1 0.14046952)
(1.2855322 -0.1 0.14952106)
(1.3218874 -0.1 0.0023368179)
(1.3218874 -0.1 0.0047853404)
(1.3218874 -0.1 0.0073509073)
(1.3218874 -0.1 0.010039114)
(1.3218874 -0.1 0.012855822)
(1.3218874 -0.1 0.015807174)
(1.3218874 -0.1 0.018899607)
(1.3218874 -0.1 0.022139865)
(1.3218874 -0.1 0.025535013)
(1.3218874 -0.1 0.029092457)
(1.3218874 -0.1 0.032819954)
(1.3218874 -0.1 0.036725632)
(1.3218874 -0.1 0.04081801)
(1.3218874 -0.1 0.045106013)
(1.3218874 -0.1 0.04959899)
(1.3218874 -0.1 0.054306741)
(1.3218874 -0.1 0.059239532)
(1.3218874 -0.1 0.06440812)
(1.3218874 -0.1 0.069823778)
(1.3218874 -0.1 0.075498315)
(1.3218874 -0.1 0.081444106)
(1.3218874 -0.1 0.087674119)
(1.3218874 -0.1 0.094201938)
(1.3218874 -0.1 0.1010418)
(1.3218874 -0.1 0.10820862)
(1.3218874 -0.1 0.11571803)
(1.3218874 -0.1 0.12358641)
(1.3218874 -0.1 0.13183091)
(1.3218874 -0.1 0.14046952)
(1.3218874 -0.1 0.14952106)
(1.3604536 -0.1 0.0023368179)
(1.3604536 -0.1 0.0047853404)
(1.3604536 -0.1 0.0073509073)
(1.3604536 -0.1 0.010039114)
(1.3604536 -0.1 0.012855822)
(1.3604536 -0.1 0.015807174)
(1.3604536 -0.1 0.018899607)
(1.3604536 -0.1 0.022139865)
(1.3604536 -0.1 0.025535013)
(1.3604536 -0.1 0.029092457)
(1.3604536 -0.1 0.032819954)
(1.3604536 -0.1 0.036725632)
(1.3604536 -0.1 0.04081801)
(1.3604536 -0.1 0.045106013)
(1.3604536 -0.1 0.04959899)
(1.3604536 -0.1 0.054306741)
(1.3604536 -0.1 0.059239532)
(1.3604536 -0.1 0.06440812)
(1.3604536 -0.1 0.069823778)
(1.3604536 -0.1 0.075498315)
(1.3604536 -0.1 0.081444106)
(1.3604536 -0.1 0.087674119)
(1.3604536 -0.1 0.094201938)
(1.3604536 -0.1 0.1010418)
(1.3604536 -0.1 0.10820862)
(1.3604536 -0.1 0.11571803)
(1.3604536 -0.1 0.12358641)
(1.3604536 -0.1 0.13183091)
(1.3604536 -0.1 0.14046952)
(1.3604536 -0.1 0.14952106)
(1.4013653 -0.1 0.0023368179)
(1.4013653 -0.1 0.0047853404)
(1.4013653 -0.1 0.0073509073)
(1.4013653 -0.1 0.010039114)
(1.4013653 -0.1 0.012855822)
(1.4013653 -0.1 0.015807174)
(1.4013653 -0.1 0.018899607)
(1.4013653 -0.1 0.022139865)
(1.4013653 -0.1 0.025535013)
(1.4013653 -0.1 0.029092457)
(1.4013653 -0.1 0.032819954)
(1.4013653 -0.1 0.036725632)
(1.4013653 -0.1 0.04081801)
(1.4013653 -0.1 0.045106013)
(1.4013653 -0.1 0.04959899)
(1.4013653 -0.1 0.054306741)
(1.4013653 -0.1 0.059239532)
(1.4013653 -0.1 0.06440812)
(1.4013653 -0.1 0.069823778)
(1.4013653 -0.1 0.075498315)
(1.4013653 -0.1 0.081444106)
(1.4013653 -0.1 0.087674119)
(1.4013653 -0.1 0.094201938)
(1.4013653 -0.1 0.1010418)
(1.4013653 -0.1 0.10820862)
(1.4013653 -0.1 0.11571803)
(1.4013653 -0.1 0.12358641)
(1.4013653 -0.1 0.13183091)
(1.4013653 -0.1 0.14046952)
(1.4013653 -0.1 0.14952106)
(1.4447652 -0.1 0.0023368179)
(1.4447652 -0.1 0.0047853404)
(1.4447652 -0.1 0.0073509073)
(1.4447652 -0.1 0.010039114)
(1.4447652 -0.1 0.012855822)
(1.4447652 -0.1 0.015807174)
(1.4447652 -0.1 0.018899607)
(1.4447652 -0.1 0.022139865)
(1.4447652 -0.1 0.025535013)
(1.4447652 -0.1 0.029092457)
(1.4447652 -0.1 0.032819954)
(1.4447652 -0.1 0.036725632)
(1.4447652 -0.1 0.04081801)
(1.4447652 -0.1 0.045106013)
(1.4447652 -0.1 0.04959899)
(1.4447652 -0.1 0.054306741)
(1.4447652 -0.1 0.059239532)
(1.4447652 -0.1 0.06440812)
(1.4447652 -0.1 0.069823778)
(1.4447652 -0.1 0.075498315)
(1.4447652 -0.1 0.081444106)
(1.4447652 -0.1 0.087674119)
(1.4447652 -0.1 0.094201938)
(1.4447652 -0.1 0.1010418)
(1.4447652 -0.1 0.10820862)
(1.4447652 -0.1 0.11571803)
(1.4447652 -0.1 0.12358641)
(1.4447652 -0.1 0.13183091)
(1.4447652 -0.1 0.14046952)
(1.4447652 -0.1 0.14952106)
(1.4908047 -0.1 0.0023368179)
(1.4908047 -0.1 0.0047853404)
(1.4908047 -0.1 0.0073509073)
(1.4908047 -0.1 0.010039114)
(1.4908047 -0.1 0.012855822)
(1.4908047 -0.1 0.015807174)
(1.4908047 -0.1 0.018899607)
(1.4908047 -0.1 0.022139865)
(1.4908047 -0.1 0.025535013)
(1.4908047 -0.1 0.029092457)
(1.4908047 -0.1 0.032819954)
(1.4908047 -0.1 0.036725632)
(1.4908047 -0.1 0.04081801)
(1.4908047 -0.1 0.045106013)
(1.4908047 -0.1 0.04959899)
(1.4908047 -0.1 0.054306741)
(1.4908047 -0.1 0.059239532)
(1.4908047 -0.1 0.06440812)
(1.4908047 -0.1 0.069823778)
(1.4908047 -0.1 0.075498315)
(1.4908047 -0.1 0.081444106)
(1.4908047 -0.1 0.087674119)
(1.4908047 -0.1 0.094201938)
(1.4908047 -0.1 0.1010418)
(1.4908047 -0.1 0.10820862)
(1.4908047 -0.1 0.11571803)
(1.4908047 -0.1 0.12358641)
(1.4908047 -0.1 0.13183091)
(1.4908047 -0.1 0.14046952)
(1.4908047 -0.1 0.14952106)
(1.5396442 -0.1 0.0023368179)
(1.5396442 -0.1 0.0047853404)
(1.5396442 -0.1 0.0073509073)
(1.5396442 -0.1 0.010039114)
(1.5396442 -0.1 0.012855822)
(1.5396442 -0.1 0.015807174)
(1.5396442 -0.1 0.018899607)
(1.5396442 -0.1 0.022139865)
(1.5396442 -0.1 0.025535013)
(1.5396442 -0.1 0.029092457)
(1.5396442 -0.1 0.032819954)
(1.5396442 -0.1 0.036725632)
(1.5396442 -0.1 0.04081801)
(1.5396442 -0.1 0.045106013)
(1.5396442 -0.1 0.04959899)
(1.5396442 -0.1 0.054306741)
(1.5396442 -0.1 0.059239532)
(1.5396442 -0.1 0.06440812)
(1.5396442 -0.1 0.069823778)
(1.5396442 -0.1 0.075498315)
(1.5396442 -0.1 0.081444106)
(1.5396442 -0.1 0.087674119)
(1.5396442 -0.1 0.094201938)
(1.5396442 -0.1 0.1010418)
(1.5396442 -0.1 0.10820862)
(1.5396442 -0.1 0.11571803)
(1.5396442 -0.1 0.12358641)
(1.5396442 -0.1 0.13183091)
(1.5396442 -0.1 0.14046952)
(1.5396442 -0.1 0.14952106)
(1.591454 -0.1 0.0023368179)
(1.591454 -0.1 0.0047853404)
(1.591454 -0.1 0.0073509073)
(1.591454 -0.1 0.010039114)
(1.591454 -0.1 0.012855822)
(1.591454 -0.1 0.015807174)
(1.591454 -0.1 0.018899607)
(1.591454 -0.1 0.022139865)
(1.591454 -0.1 0.025535013)
(1.591454 -0.1 0.029092457)
(1.591454 -0.1 0.032819954)
(1.591454 -0.1 0.036725632)
(1.591454 -0.1 0.04081801)
(1.591454 -0.1 0.045106013)
(1.591454 -0.1 0.04959899)
(1.591454 -0.1 0.054306741)
(1.591454 -0.1 0.059239532)
(1.591454 -0.1 0.06440812)
(1.591454 -0.1 0.069823778)
(1.591454 -0.1 0.075498315)
(1.591454 -0.1 0.081444106)
(1.591454 -0.1 0.087674119)
(1.591454 -0.1 0.094201938)
(1.591454 -0.1 0.1010418)
(1.591454 -0.1 0.10820862)
(1.591454 -0.1 0.11571803)
(1.591454 -0.1 0.12358641)
(1.591454 -0.1 0.13183091)
(1.591454 -0.1 0.14046952)
(1.591454 -0.1 0.14952106)
(1.6464148 -0.1 0.0023368179)
(1.6464148 -0.1 0.0047853404)
(1.6464148 -0.1 0.0073509073)
(1.6464148 -0.1 0.010039114)
(1.6464148 -0.1 0.012855822)
(1.6464148 -0.1 0.015807174)
(1.6464148 -0.1 0.018899607)
(1.6464148 -0.1 0.022139865)
(1.6464148 -0.1 0.025535013)
(1.6464148 -0.1 0.029092457)
(1.6464148 -0.1 0.032819954)
(1.6464148 -0.1 0.036725632)
(1.6464148 -0.1 0.04081801)
(1.6464148 -0.1 0.045106013)
(1.6464148 -0.1 0.04959899)
(1.6464148 -0.1 0.054306741)
(1.6464148 -0.1 0.059239532)
(1.6464148 -0.1 0.06440812)
(1.6464148 -0.1 0.069823778)
(1.6464148 -0.1 0.075498315)
(1.6464148 -0.1 0.081444106)
(1.6464148 -0.1 0.087674119)
(1.6464148 -0.1 0.094201938)
(1.6464148 -0.1 0.1010418)
(1.6464148 -0.1 0.10820862)
(1.6464148 -0.1 0.11571803)
(1.6464148 -0.1 0.12358641)
(1.6464148 -0.1 0.13183091)
(1.6464148 -0.1 0.14046952)
(1.6464148 -0.1 0.14952106)
(1.7047182 -0.1 0.0023368179)
(1.7047182 -0.1 0.0047853404)
(1.7047182 -0.1 0.0073509073)
(1.7047182 -0.1 0.010039114)
(1.7047182 -0.1 0.012855822)
(1.7047182 -0.1 0.015807174)
(1.7047182 -0.1 0.018899607)
(1.7047182 -0.1 0.022139865)
(1.7047182 -0.1 0.025535013)
(1.7047182 -0.1 0.029092457)
(1.7047182 -0.1 0.032819954)
(1.7047182 -0.1 0.036725632)
(1.7047182 -0.1 0.04081801)
(1.7047182 -0.1 0.045106013)
(1.7047182 -0.1 0.04959899)
(1.7047182 -0.1 0.054306741)
(1.7047182 -0.1 0.059239532)
(1.7047182 -0.1 0.06440812)
(1.7047182 -0.1 0.069823778)
(1.7047182 -0.1 0.075498315)
(1.7047182 -0.1 0.081444106)
(1.7047182 -0.1 0.087674119)
(1.7047182 -0.1 0.094201938)
(1.7047182 -0.1 0.1010418)
(1.7047182 -0.1 0.10820862)
(1.7047182 -0.1 0.11571803)
(1.7047182 -0.1 0.12358641)
(1.7047182 -0.1 0.13183091)
(1.7047182 -0.1 0.14046952)
(1.7047182 -0.1 0.14952106)
(1.7665676 -0.1 0.0023368179)
(1.7665676 -0.1 0.0047853404)
(1.7665676 -0.1 0.0073509073)
(1.7665676 -0.1 0.010039114)
(1.7665676 -0.1 0.012855822)
(1.7665676 -0.1 0.015807174)
(1.7665676 -0.1 0.018899607)
(1.7665676 -0.1 0.022139865)
(1.7665676 -0.1 0.025535013)
(1.7665676 -0.1 0.029092457)
(1.7665676 -0.1 0.032819954)
(1.7665676 -0.1 0.036725632)
(1.7665676 -0.1 0.04081801)
(1.7665676 -0.1 0.045106013)
(1.7665676 -0.1 0.04959899)
(1.7665676 -0.1 0.054306741)
(1.7665676 -0.1 0.059239532)
(1.7665676 -0.1 0.06440812)
(1.7665676 -0.1 0.069823778)
(1.7665676 -0.1 0.075498315)
(1.7665676 -0.1 0.081444106)
(1.7665676 -0.1 0.087674119)
(1.7665676 -0.1 0.094201938)
(1.7665676 -0.1 0.1010418)
(1.7665676 -0.1 0.10820862)
(1.7665676 -0.1 0.11571803)
(1.7665676 -0.1 0.12358641)
(1.7665676 -0.1 0.13183091)
(1.7665676 -0.1 0.14046952)
(1.7665676 -0.1 0.14952106)
(1.8321785 -0.1 0.0023368179)
(1.8321785 -0.1 0.0047853404)
(1.8321785 -0.1 0.0073509073)
(1.8321785 -0.1 0.010039114)
(1.8321785 -0.1 0.012855822)
(1.8321785 -0.1 0.015807174)
(1.8321785 -0.1 0.018899607)
(1.8321785 -0.1 0.022139865)
(1.8321785 -0.1 0.025535013)
(1.8321785 -0.1 0.029092457)
(1.8321785 -0.1 0.032819954)
(1.8321785 -0.1 0.036725632)
(1.8321785 -0.1 0.04081801)
(1.8321785 -0.1 0.045106013)
(1.8321785 -0.1 0.04959899)
(1.8321785 -0.1 0.054306741)
(1.8321785 -0.1 0.059239532)
(1.8321785 -0.1 0.06440812)
(1.8321785 -0.1 0.069823778)
(1.8321785 -0.1 0.075498315)
(1.8321785 -0.1 0.081444106)
(1.8321785 -0.1 0.087674119)
(1.8321785 -0.1 0.094201938)
(1.8321785 -0.1 0.1010418)
(1.8321785 -0.1 0.10820862)
(1.8321785 -0.1 0.11571803)
(1.8321785 -0.1 0.12358641)
(1.8321785 -0.1 0.13183091)
(1.8321785 -0.1 0.14046952)
(1.8321785 -0.1 0.14952106)
(1.9017798 -0.1 0.0023368179)
(1.9017798 -0.1 0.0047853404)
(1.9017798 -0.1 0.0073509073)
(1.9017798 -0.1 0.010039114)
(1.9017798 -0.1 0.012855822)
(1.9017798 -0.1 0.015807174)
(1.9017798 -0.1 0.018899607)
(1.9017798 -0.1 0.022139865)
(1.9017798 -0.1 0.025535013)
(1.9017798 -0.1 0.029092457)
(1.9017798 -0.1 0.032819954)
(1.9017798 -0.1 0.036725632)
(1.9017798 -0.1 0.04081801)
(1.9017798 -0.1 0.045106013)
(1.9017798 -0.1 0.04959899)
(1.9017798 -0.1 0.054306741)
(1.9017798 -0.1 0.059239532)
(1.9017798 -0.1 0.06440812)
(1.9017798 -0.1 0.069823778)
(1.9017798 -0.1 0.075498315)
(1.9017798 -0.1 0.081444106)
(1.9017798 -0.1 0.087674119)
(1.9017798 -0.1 0.094201938)
(1.9017798 -0.1 0.1010418)
(1.9017798 -0.1 0.10820862)
(1.9017798 -0.1 0.11571803)
(1.9017798 -0.1 0.12358641)
(1.9017798 -0.1 0.13183091)
(1.9017798 -0.1 0.14046952)
(1.9017798 -0.1 0.14952106)
(1.9756141 -0.1 0.0023368179)
(1.9756141 -0.1 0.0047853404)
(1.9756141 -0.1 0.0073509073)
(1.9756141 -0.1 0.010039114)
(1.9756141 -0.1 0.012855822)
(1.9756141 -0.1 0.015807174)
(1.9756141 -0.1 0.018899607)
(1.9756141 -0.1 0.022139865)
(1.9756141 -0.1 0.025535013)
(1.9756141 -0.1 0.029092457)
(1.9756141 -0.1 0.032819954)
(1.9756141 -0.1 0.036725632)
(1.9756141 -0.1 0.04081801)
(1.9756141 -0.1 0.045106013)
(1.9756141 -0.1 0.04959899)
(1.9756141 -0.1 0.054306741)
(1.9756141 -0.1 0.059239532)
(1.9756141 -0.1 0.06440812)
(1.9756141 -0.1 0.069823778)
(1.9756141 -0.1 0.075498315)
(1.9756141 -0.1 0.081444106)
(1.9756141 -0.1 0.087674119)
(1.9756141 -0.1 0.094201938)
(1.9756141 -0.1 0.1010418)
(1.9756141 -0.1 0.10820862)
(1.9756141 -0.1 0.11571803)
(1.9756141 -0.1 0.12358641)
(1.9756141 -0.1 0.13183091)
(1.9756141 -0.1 0.14046952)
(1.9756141 -0.1 0.14952106)
(2.0539389 -0.1 0.0023368179)
(2.0539389 -0.1 0.0047853404)
(2.0539389 -0.1 0.0073509073)
(2.0539389 -0.1 0.010039114)
(2.0539389 -0.1 0.012855822)
(2.0539389 -0.1 0.015807174)
(2.0539389 -0.1 0.018899607)
(2.0539389 -0.1 0.022139865)
(2.0539389 -0.1 0.025535013)
(2.0539389 -0.1 0.029092457)
(2.0539389 -0.1 0.032819954)
(2.0539389 -0.1 0.036725632)
(2.0539389 -0.1 0.04081801)
(2.0539389 -0.1 0.045106013)
(2.0539389 -0.1 0.04959899)
(2.0539389 -0.1 0.054306741)
(2.0539389 -0.1 0.059239532)
(2.0539389 -0.1 0.06440812)
(2.0539389 -0.1 0.069823778)
(2.0539389 -0.1 0.075498315)
(2.0539389 -0.1 0.081444106)
(2.0539389 -0.1 0.087674119)
(2.0539389 -0.1 0.094201938)
(2.0539389 -0.1 0.1010418)
(2.0539389 -0.1 0.10820862)
(2.0539389 -0.1 0.11571803)
(2.0539389 -0.1 0.12358641)
(2.0539389 -0.1 0.13183091)
(2.0539389 -0.1 0.14046952)
(2.0539389 -0.1 0.14952106)
(2.1370272 -0.1 0.0023368179)
(2.1370272 -0.1 0.0047853404)
(2.1370272 -0.1 0.0073509073)
(2.1370272 -0.1 0.010039114)
(2.1370272 -0.1 0.012855822)
(2.1370272 -0.1 0.015807174)
(2.1370272 -0.1 0.018899607)
(2.1370272 -0.1 0.022139865)
(2.1370272 -0.1 0.025535013)
(2.1370272 -0.1 0.029092457)
(2.1370272 -0.1 0.032819954)
(2.1370272 -0.1 0.036725632)
(2.1370272 -0.1 0.04081801)
(2.1370272 -0.1 0.045106013)
(2.1370272 -0.1 0.04959899)
(2.1370272 -0.1 0.054306741)
(2.1370272 -0.1 0.059239532)
(2.1370272 -0.1 0.06440812)
(2.1370272 -0.1 0.069823778)
(2.1370272 -0.1 0.075498315)
(2.1370272 -0.1 0.081444106)
(2.1370272 -0.1 0.087674119)
(2.1370272 -0.1 0.094201938)
(2.1370272 -0.1 0.1010418)
(2.1370272 -0.1 0.10820862)
(2.1370272 -0.1 0.11571803)
(2.1370272 -0.1 0.12358641)
(2.1370272 -0.1 0.13183091)
(2.1370272 -0.1 0.14046952)
(2.1370272 -0.1 0.14952106)
(2.2251689 -0.1 0.0023368179)
(2.2251689 -0.1 0.0047853404)
(2.2251689 -0.1 0.0073509073)
(2.2251689 -0.1 0.010039114)
(2.2251689 -0.1 0.012855822)
(2.2251689 -0.1 0.015807174)
(2.2251689 -0.1 0.018899607)
(2.2251689 -0.1 0.022139865)
(2.2251689 -0.1 0.025535013)
(2.2251689 -0.1 0.029092457)
(2.2251689 -0.1 0.032819954)
(2.2251689 -0.1 0.036725632)
(2.2251689 -0.1 0.04081801)
(2.2251689 -0.1 0.045106013)
(2.2251689 -0.1 0.04959899)
(2.2251689 -0.1 0.054306741)
(2.2251689 -0.1 0.059239532)
(2.2251689 -0.1 0.06440812)
(2.2251689 -0.1 0.069823778)
(2.2251689 -0.1 0.075498315)
(2.2251689 -0.1 0.081444106)
(2.2251689 -0.1 0.087674119)
(2.2251689 -0.1 0.094201938)
(2.2251689 -0.1 0.1010418)
(2.2251689 -0.1 0.10820862)
(2.2251689 -0.1 0.11571803)
(2.2251689 -0.1 0.12358641)
(2.2251689 -0.1 0.13183091)
(2.2251689 -0.1 0.14046952)
(2.2251689 -0.1 0.14952106)
(2.3186712 -0.1 0.0023368179)
(2.3186712 -0.1 0.0047853404)
(2.3186712 -0.1 0.0073509073)
(2.3186712 -0.1 0.010039114)
(2.3186712 -0.1 0.012855822)
(2.3186712 -0.1 0.015807174)
(2.3186712 -0.1 0.018899607)
(2.3186712 -0.1 0.022139865)
(2.3186712 -0.1 0.025535013)
(2.3186712 -0.1 0.029092457)
(2.3186712 -0.1 0.032819954)
(2.3186712 -0.1 0.036725632)
(2.3186712 -0.1 0.04081801)
(2.3186712 -0.1 0.045106013)
(2.3186712 -0.1 0.04959899)
(2.3186712 -0.1 0.054306741)
(2.3186712 -0.1 0.059239532)
(2.3186712 -0.1 0.06440812)
(2.3186712 -0.1 0.069823778)
(2.3186712 -0.1 0.075498315)
(2.3186712 -0.1 0.081444106)
(2.3186712 -0.1 0.087674119)
(2.3186712 -0.1 0.094201938)
(2.3186712 -0.1 0.1010418)
(2.3186712 -0.1 0.10820862)
(2.3186712 -0.1 0.11571803)
(2.3186712 -0.1 0.12358641)
(2.3186712 -0.1 0.13183091)
(2.3186712 -0.1 0.14046952)
(2.3186712 -0.1 0.14952106)
(2.4178602 -0.1 0.0023368179)
(2.4178602 -0.1 0.0047853404)
(2.4178602 -0.1 0.0073509073)
(2.4178602 -0.1 0.010039114)
(2.4178602 -0.1 0.012855822)
(2.4178602 -0.1 0.015807174)
(2.4178602 -0.1 0.018899607)
(2.4178602 -0.1 0.022139865)
(2.4178602 -0.1 0.025535013)
(2.4178602 -0.1 0.029092457)
(2.4178602 -0.1 0.032819954)
(2.4178602 -0.1 0.036725632)
(2.4178602 -0.1 0.04081801)
(2.4178602 -0.1 0.045106013)
(2.4178602 -0.1 0.04959899)
(2.4178602 -0.1 0.054306741)
(2.4178602 -0.1 0.059239532)
(2.4178602 -0.1 0.06440812)
(2.4178602 -0.1 0.069823778)
(2.4178602 -0.1 0.075498315)
(2.4178602 -0.1 0.081444106)
(2.4178602 -0.1 0.087674119)
(2.4178602 -0.1 0.094201938)
(2.4178602 -0.1 0.1010418)
(2.4178602 -0.1 0.10820862)
(2.4178602 -0.1 0.11571803)
(2.4178602 -0.1 0.12358641)
(2.4178602 -0.1 0.13183091)
(2.4178602 -0.1 0.14046952)
(2.4178602 -0.1 0.14952106)
(2.5230817 -0.1 0.0023368179)
(2.5230817 -0.1 0.0047853404)
(2.5230817 -0.1 0.0073509073)
(2.5230817 -0.1 0.010039114)
(2.5230817 -0.1 0.012855822)
(2.5230817 -0.1 0.015807174)
(2.5230817 -0.1 0.018899607)
(2.5230817 -0.1 0.022139865)
(2.5230817 -0.1 0.025535013)
(2.5230817 -0.1 0.029092457)
(2.5230817 -0.1 0.032819954)
(2.5230817 -0.1 0.036725632)
(2.5230817 -0.1 0.04081801)
(2.5230817 -0.1 0.045106013)
(2.5230817 -0.1 0.04959899)
(2.5230817 -0.1 0.054306741)
(2.5230817 -0.1 0.059239532)
(2.5230817 -0.1 0.06440812)
(2.5230817 -0.1 0.069823778)
(2.5230817 -0.1 0.075498315)
(2.5230817 -0.1 0.081444106)
(2.5230817 -0.1 0.087674119)
(2.5230817 -0.1 0.094201938)
(2.5230817 -0.1 0.1010418)
(2.5230817 -0.1 0.10820862)
(2.5230817 -0.1 0.11571803)
(2.5230817 -0.1 0.12358641)
(2.5230817 -0.1 0.13183091)
(2.5230817 -0.1 0.14046952)
(2.5230817 -0.1 0.14952106)
(2.6347025 -0.1 0.0023368179)
(2.6347025 -0.1 0.0047853404)
(2.6347025 -0.1 0.0073509073)
(2.6347025 -0.1 0.010039114)
(2.6347025 -0.1 0.012855822)
(2.6347025 -0.1 0.015807174)
(2.6347025 -0.1 0.018899607)
(2.6347025 -0.1 0.022139865)
(2.6347025 -0.1 0.025535013)
(2.6347025 -0.1 0.029092457)
(2.6347025 -0.1 0.032819954)
(2.6347025 -0.1 0.036725632)
(2.6347025 -0.1 0.04081801)
(2.6347025 -0.1 0.045106013)
(2.6347025 -0.1 0.04959899)
(2.6347025 -0.1 0.054306741)
(2.6347025 -0.1 0.059239532)
(2.6347025 -0.1 0.06440812)
(2.6347025 -0.1 0.069823778)
(2.6347025 -0.1 0.075498315)
(2.6347025 -0.1 0.081444106)
(2.6347025 -0.1 0.087674119)
(2.6347025 -0.1 0.094201938)
(2.6347025 -0.1 0.1010418)
(2.6347025 -0.1 0.10820862)
(2.6347025 -0.1 0.11571803)
(2.6347025 -0.1 0.12358641)
(2.6347025 -0.1 0.13183091)
(2.6347025 -0.1 0.14046952)
(2.6347025 -0.1 0.14952106)
(2.753112 -0.1 0.0023368179)
(2.753112 -0.1 0.0047853404)
(2.753112 -0.1 0.0073509073)
(2.753112 -0.1 0.010039114)
(2.753112 -0.1 0.012855822)
(2.753112 -0.1 0.015807174)
(2.753112 -0.1 0.018899607)
(2.753112 -0.1 0.022139865)
(2.753112 -0.1 0.025535013)
(2.753112 -0.1 0.029092457)
(2.753112 -0.1 0.032819954)
(2.753112 -0.1 0.036725632)
(2.753112 -0.1 0.04081801)
(2.753112 -0.1 0.045106013)
(2.753112 -0.1 0.04959899)
(2.753112 -0.1 0.054306741)
(2.753112 -0.1 0.059239532)
(2.753112 -0.1 0.06440812)
(2.753112 -0.1 0.069823778)
(2.753112 -0.1 0.075498315)
(2.753112 -0.1 0.081444106)
(2.753112 -0.1 0.087674119)
(2.753112 -0.1 0.094201938)
(2.753112 -0.1 0.1010418)
(2.753112 -0.1 0.10820862)
(2.753112 -0.1 0.11571803)
(2.753112 -0.1 0.12358641)
(2.753112 -0.1 0.13183091)
(2.753112 -0.1 0.14046952)
(2.753112 -0.1 0.14952106)
(2.8787229 -0.1 0.0023368179)
(2.8787229 -0.1 0.0047853404)
(2.8787229 -0.1 0.0073509073)
(2.8787229 -0.1 0.010039114)
(2.8787229 -0.1 0.012855822)
(2.8787229 -0.1 0.015807174)
(2.8787229 -0.1 0.018899607)
(2.8787229 -0.1 0.022139865)
(2.8787229 -0.1 0.025535013)
(2.8787229 -0.1 0.029092457)
(2.8787229 -0.1 0.032819954)
(2.8787229 -0.1 0.036725632)
(2.8787229 -0.1 0.04081801)
(2.8787229 -0.1 0.045106013)
(2.8787229 -0.1 0.04959899)
(2.8787229 -0.1 0.054306741)
(2.8787229 -0.1 0.059239532)
(2.8787229 -0.1 0.06440812)
(2.8787229 -0.1 0.069823778)
(2.8787229 -0.1 0.075498315)
(2.8787229 -0.1 0.081444106)
(2.8787229 -0.1 0.087674119)
(2.8787229 -0.1 0.094201938)
(2.8787229 -0.1 0.1010418)
(2.8787229 -0.1 0.10820862)
(2.8787229 -0.1 0.11571803)
(2.8787229 -0.1 0.12358641)
(2.8787229 -0.1 0.13183091)
(2.8787229 -0.1 0.14046952)
(2.8787229 -0.1 0.14952106)
(3.0119733 -0.1 0.0023368179)
(3.0119733 -0.1 0.0047853404)
(3.0119733 -0.1 0.0073509073)
(3.0119733 -0.1 0.010039114)
(3.0119733 -0.1 0.012855822)
(3.0119733 -0.1 0.015807174)
(3.0119733 -0.1 0.018899607)
(3.0119733 -0.1 0.022139865)
(3.0119733 -0.1 0.025535013)
(3.0119733 -0.1 0.029092457)
(3.0119733 -0.1 0.032819954)
(3.0119733 -0.1 0.036725632)
(3.0119733 -0.1 0.04081801)
(3.0119733 -0.1 0.045106013)
(3.0119733 -0.1 0.04959899)
(3.0119733 -0.1 0.054306741)
(3.0119733 -0.1 0.059239532)
(3.0119733 -0.1 0.06440812)
(3.0119733 -0.1 0.069823778)
(3.0119733 -0.1 0.075498315)
(3.0119733 -0.1 0.081444106)
(3.0119733 -0.1 0.087674119)
(3.0119733 -0.1 0.094201938)
(3.0119733 -0.1 0.1010418)
(3.0119733 -0.1 0.10820862)
(3.0119733 -0.1 0.11571803)
(3.0119733 -0.1 0.12358641)
(3.0119733 -0.1 0.13183091)
(3.0119733 -0.1 0.14046952)
(3.0119733 -0.1 0.14952106)
(3.1533278 -0.1 0.0023368179)
(3.1533278 -0.1 0.0047853404)
(3.1533278 -0.1 0.0073509073)
(3.1533278 -0.1 0.010039114)
(3.1533278 -0.1 0.012855822)
(3.1533278 -0.1 0.015807174)
(3.1533278 -0.1 0.018899607)
(3.1533278 -0.1 0.022139865)
(3.1533278 -0.1 0.025535013)
(3.1533278 -0.1 0.029092457)
(3.1533278 -0.1 0.032819954)
(3.1533278 -0.1 0.036725632)
(3.1533278 -0.1 0.04081801)
(3.1533278 -0.1 0.045106013)
(3.1533278 -0.1 0.04959899)
(3.1533278 -0.1 0.054306741)
(3.1533278 -0.1 0.059239532)
(3.1533278 -0.1 0.06440812)
(3.1533278 -0.1 0.069823778)
(3.1533278 -0.1 0.075498315)
(3.1533278 -0.1 0.081444106)
(3.1533278 -0.1 0.087674119)
(3.1533278 -0.1 0.094201938)
(3.1533278 -0.1 0.1010418)
(3.1533278 -0.1 0.10820862)
(3.1533278 -0.1 0.11571803)
(3.1533278 -0.1 0.12358641)
(3.1533278 -0.1 0.13183091)
(3.1533278 -0.1 0.14046952)
(3.1533278 -0.1 0.14952106)
(3.3032792 -0.1 0.0023368179)
(3.3032792 -0.1 0.0047853404)
(3.3032792 -0.1 0.0073509073)
(3.3032792 -0.1 0.010039114)
(3.3032792 -0.1 0.012855822)
(3.3032792 -0.1 0.015807174)
(3.3032792 -0.1 0.018899607)
(3.3032792 -0.1 0.022139865)
(3.3032792 -0.1 0.025535013)
(3.3032792 -0.1 0.029092457)
(3.3032792 -0.1 0.032819954)
(3.3032792 -0.1 0.036725632)
(3.3032792 -0.1 0.04081801)
(3.3032792 -0.1 0.045106013)
(3.3032792 -0.1 0.04959899)
(3.3032792 -0.1 0.054306741)
(3.3032792 -0.1 0.059239532)
(3.3032792 -0.1 0.06440812)
(3.3032792 -0.1 0.069823778)
(3.3032792 -0.1 0.075498315)
(3.3032792 -0.1 0.081444106)
(3.3032792 -0.1 0.087674119)
(3.3032792 -0.1 0.094201938)
(3.3032792 -0.1 0.1010418)
(3.3032792 -0.1 0.10820862)
(3.3032792 -0.1 0.11571803)
(3.3032792 -0.1 0.12358641)
(3.3032792 -0.1 0.13183091)
(3.3032792 -0.1 0.14046952)
(3.3032792 -0.1 0.14952106)
(3.4623504 -0.1 0.0023368179)
(3.4623504 -0.1 0.0047853404)
(3.4623504 -0.1 0.0073509073)
(3.4623504 -0.1 0.010039114)
(3.4623504 -0.1 0.012855822)
(3.4623504 -0.1 0.015807174)
(3.4623504 -0.1 0.018899607)
(3.4623504 -0.1 0.022139865)
(3.4623504 -0.1 0.025535013)
(3.4623504 -0.1 0.029092457)
(3.4623504 -0.1 0.032819954)
(3.4623504 -0.1 0.036725632)
(3.4623504 -0.1 0.04081801)
(3.4623504 -0.1 0.045106013)
(3.4623504 -0.1 0.04959899)
(3.4623504 -0.1 0.054306741)
(3.4623504 -0.1 0.059239532)
(3.4623504 -0.1 0.06440812)
(3.4623504 -0.1 0.069823778)
(3.4623504 -0.1 0.075498315)
(3.4623504 -0.1 0.081444106)
(3.4623504 -0.1 0.087674119)
(3.4623504 -0.1 0.094201938)
(3.4623504 -0.1 0.1010418)
(3.4623504 -0.1 0.10820862)
(3.4623504 -0.1 0.11571803)
(3.4623504 -0.1 0.12358641)
(3.4623504 -0.1 0.13183091)
(3.4623504 -0.1 0.14046952)
(3.4623504 -0.1 0.14952106)
(3.631096 -0.1 0.0023368179)
(3.631096 -0.1 0.0047853404)
(3.631096 -0.1 0.0073509073)
(3.631096 -0.1 0.010039114)
(3.631096 -0.1 0.012855822)
(3.631096 -0.1 0.015807174)
(3.631096 -0.1 0.018899607)
(3.631096 -0.1 0.022139865)
(3.631096 -0.1 0.025535013)
(3.631096 -0.1 0.029092457)
(3.631096 -0.1 0.032819954)
(3.631096 -0.1 0.036725632)
(3.631096 -0.1 0.04081801)
(3.631096 -0.1 0.045106013)
(3.631096 -0.1 0.04959899)
(3.631096 -0.1 0.054306741)
(3.631096 -0.1 0.059239532)
(3.631096 -0.1 0.06440812)
(3.631096 -0.1 0.069823778)
(3.631096 -0.1 0.075498315)
(3.631096 -0.1 0.081444106)
(3.631096 -0.1 0.087674119)
(3.631096 -0.1 0.094201938)
(3.631096 -0.1 0.1010418)
(3.631096 -0.1 0.10820862)
(3.631096 -0.1 0.11571803)
(3.631096 -0.1 0.12358641)
(3.631096 -0.1 0.13183091)
(3.631096 -0.1 0.14046952)
(3.631096 -0.1 0.14952106)
(3.8101045 -0.1 0.0023368179)
(3.8101045 -0.1 0.0047853404)
(3.8101045 -0.1 0.0073509073)
(3.8101045 -0.1 0.010039114)
(3.8101045 -0.1 0.012855822)
(3.8101045 -0.1 0.015807174)
(3.8101045 -0.1 0.018899607)
(3.8101045 -0.1 0.022139865)
(3.8101045 -0.1 0.025535013)
(3.8101045 -0.1 0.029092457)
(3.8101045 -0.1 0.032819954)
(3.8101045 -0.1 0.036725632)
(3.8101045 -0.1 0.04081801)
(3.8101045 -0.1 0.045106013)
(3.8101045 -0.1 0.04959899)
(3.8101045 -0.1 0.054306741)
(3.8101045 -0.1 0.059239532)
(3.8101045 -0.1 0.06440812)
(3.8101045 -0.1 0.069823778)
(3.8101045 -0.1 0.075498315)
(3.8101045 -0.1 0.081444106)
(3.8101045 -0.1 0.087674119)
(3.8101045 -0.1 0.094201938)
(3.8101045 -0.1 0.1010418)
(3.8101045 -0.1 0.10820862)
(3.8101045 -0.1 0.11571803)
(3.8101045 -0.1 0.12358641)
(3.8101045 -0.1 0.13183091)
(3.8101045 -0.1 0.14046952)
(3.8101045 -0.1 0.14952106)
(4 -0.1 0.0023368179)
(4 -0.1 0.0047853404)
(4 -0.1 0.0073509073)
(4 -0.1 0.010039114)
(4 -0.1 0.012855822)
(4 -0.1 0.015807174)
(4 -0.1 0.018899607)
(4 -0.1 0.022139865)
(4 -0.1 0.025535013)
(4 -0.1 0.029092457)
(4 -0.1 0.032819954)
(4 -0.1 0.036725632)
(4 -0.1 0.04081801)
(4 -0.1 0.045106013)
(4 -0.1 0.04959899)
(4 -0.1 0.054306741)
(4 -0.1 0.059239532)
(4 -0.1 0.06440812)
(4 -0.1 0.069823778)
(4 -0.1 0.075498315)
(4 -0.1 0.081444106)
(4 -0.1 0.087674119)
(4 -0.1 0.094201938)
(4 -0.1 0.1010418)
(4 -0.1 0.10820862)
(4 -0.1 0.11571803)
(4 -0.1 0.12358641)
(4 -0.1 0.13183091)
(4 -0.1 0.14046952)
(4 -0.1 0.14952106)
)


// ************************************************************************* //
